T0 81674.814011,0.025075,81674.814249,81674.814250,81674.839326
T1 81674.905227,0.011004,81674.905425,81674.905480,81674.926238
T2 81674.863693,0.080083,81674.863876,81674.863888,81674.943973
T3 81674.970904,0.073100,81674.971046,81674.971068,81675.044169
T1 81674.982096,0.040368,81675.011392,81675.011485,81675.051855
T2 81675.008550,0.036016,81675.011431,81675.021024,81675.057063
T0 81674.990951,0.049560,81675.011426,81675.012261,81675.061822
T0 81675.135116,0.013912,81675.144259,81675.144271,81675.158203
T1 81675.103412,0.063168,81675.104217,81675.104368,81675.167537
T3 81675.020899,0.123963,81675.021036,81675.044284,81675.168248
T3 81675.144367,0.005760,81675.144396,81675.168296,81675.174057
T3 81675.148284,0.012311,81675.148337,81675.174126,81675.186438
T2 81675.130855,0.046693,81675.144171,81675.144223,81675.190917
T1 81675.139688,0.025620,81675.144266,81675.167564,81675.193203
T0 81675.135631,0.081527,81675.144262,81675.158260,81675.239788
T2 81675.353038,0.017551,81675.374312,81675.374394,81675.391998
T1 81675.378780,0.037147,81675.378835,81675.378868,81675.417817
T3 81675.333235,0.091352,81675.333347,81675.333420,81675.424773
T2 81675.425184,0.073780,81675.425235,81675.425392,81675.499172
T1 81675.434691,0.073465,81675.434748,81675.435440,81675.508906
T2 81675.472339,0.021729,81675.475461,81675.499402,81675.522231
T0 81675.406607,0.180181,81675.406664,81675.407197,81675.587379
T3 81675.458419,0.111064,81675.475406,81675.475463,81675.587636
T0 81675.528403,0.004499,81675.528488,81675.587446,81675.591945
T0 81675.554605,0.021454,81675.569349,81675.591961,81675.613415
T0 81675.614419,0.001011,81675.614469,81675.615128,81675.616140
T0 81675.616359,0.003259,81675.616394,81675.616824,81675.620084
T1 81675.481608,0.125682,81675.481700,81675.508932,81675.634614
T3 81675.548752,0.054417,81675.569340,81675.587648,81675.642065
T2 81675.526326,0.149118,81675.526370,81675.526422,81675.675541
T1 81675.640549,0.095164,81675.640580,81675.640883,81675.736047
T3 81675.703509,0.038800,81675.703558,81675.703631,81675.747086
T3 81675.744343,0.002004,81675.747161,81675.747252,81675.749418
T1 81675.724850,0.055089,81675.736659,81675.736672,81675.791762
T2 81675.712054,0.071408,81675.736107,81675.736638,81675.808047
T0 81675.633016,0.176396,81675.633062,81675.633132,81675.809529
T1 81675.780714,0.063819,81675.791843,81675.791856,81675.855675
T0 81675.862242,0.021852,81675.862324,81675.862378,81675.884230
T1 81675.890203,0.009075,81675.890259,81675.890326,81675.899401
T3 81675.764947,0.134291,81675.765005,81675.765108,81675.899399
T2 81675.853008,0.067073,81675.853047,81675.853094,81675.920167
T1 81675.937693,0.020049,81675.937735,81675.937832,81675.957881
T0 81675.921846,0.106045,81675.921894,81675.922070,81676.028115
T1 81676.004664,0.044414,81676.026418,81676.026467,81676.070882
T2 81675.992932,0.058025,81676.026360,81676.026418,81676.084443
T3 81675.985615,0.111921,81675.985662,81675.985783,81676.097705
T0 81676.089431,0.097835,81676.089505,81676.089550,81676.187386
T0 81676.179665,0.012156,81676.179720,81676.187444,81676.199613
T1 81676.118633,0.128831,81676.118714,81676.118815,81676.247647
T3 81676.134545,0.084307,81676.159165,81676.159251,81676.247707
T2 81676.148444,0.120940,81676.159208,81676.159278,81676.280218
T3 81676.283222,0.028278,81676.283260,81676.283328,81676.311693
T0 81676.197587,0.126367,81676.197628,81676.199643,81676.326011
T2 81676.311028,0.016499,81676.312088,81676.312406,81676.328905
T3 81676.337216,0.018369,81676.337270,81676.337320,81676.355690
T1 81676.278799,0.106458,81676.278846,81676.278997,81676.385455
T0 81676.379006,0.012816,81676.379173,81676.379478,81676.392295
T2 81676.395268,0.016164,81676.395430,81676.395450,81676.411615
T3 81676.401099,0.026936,81676.401143,81676.401266,81676.428202
T0 81676.428455,0.006738,81676.428492,81676.428637,81676.435375
T0 81676.431497,0.071455,81676.435428,81676.435443,81676.506899
T1 81676.423246,0.118652,81676.423499,81676.423518,81676.542176
T2 81676.563229,0.024160,81676.563282,81676.563365,81676.587525
T3 81676.450049,0.136671,81676.477368,81676.477515,81676.614188
T0 81676.594593,0.022996,81676.595028,81676.595149,81676.618145
T1 81676.632215,0.013215,81676.632406,81676.632546,81676.645762
T2 81676.641849,0.014013,81676.642003,81676.642013,81676.656027
T3 81676.665748,0.065866,81676.665923,81676.665936,81676.731803
T0 81676.670460,0.078866,81676.670601,81676.670615,81676.749482
T0 81676.682820,0.013726,81676.711451,81676.749507,81676.763233
T3 81676.681312,0.036862,81676.711449,81676.731838,81676.768700
T1 81676.674242,0.068339,81676.711355,81676.711466,81676.782485
T0 81676.688120,0.065961,81676.711459,81676.763263,81676.829225
T0 81676.788224,0.007246,81676.788268,81676.829314,81676.836560
T0 81676.790992,0.004073,81676.791101,81676.836637,81676.840710
T0 81676.811033,0.011449,81676.829298,81676.840768,81676.852228
T1 81676.760459,0.071301,81676.760513,81676.782510,81676.860347
T2 81676.679163,0.149891,81676.711391,81676.711468,81676.861359
T2 81676.853004,0.008587,81676.853044,81676.861382,81676.869970
T2 81676.854554,0.011428,81676.854583,81676.869995,81676.881424
T1 81676.829905,0.070444,81676.836622,81676.860407,81676.930851
T0 81676.813126,0.085650,81676.829301,81676.852258,81676.937909
T3 81676.731434,0.171180,81676.731496,81676.768727,81676.939908
T2 81677.177745,0.006703,81677.177910,81677.178032,81677.184736
T1 81677.237508,0.002779,81677.237683,81677.237839,81677.240618
T0 81677.403003,0.003754,81677.403228,81677.403381,81677.407136
T1 81677.458629,0.009945,81677.499423,81677.499473,81677.519110
T2 81677.483055,0.024854,81677.499459,81677.499496,81677.524350
T3 81677.458380,0.128242,81677.458569,81677.458728,81677.586972
T0 81677.487926,0.085655,81677.499467,81677.509235,81677.594891
T1 81677.553991,0.040202,81677.554040,81677.554097,81677.594300
T2 81677.589624,0.005248,81677.594413,81677.594419,81677.599667
T3 81677.566163,0.030127,81677.587030,81677.587075,81677.617231
T0 81677.621112,0.070795,81677.621197,81677.621976,81677.692772
T3 81677.675192,0.049566,81677.682324,81677.682365,81677.738188
T2 81677.651872,0.105029,81677.682313,81677.682355,81677.787385
T0 81677.712489,0.068877,81677.712538,81677.712585,81677.790146
T3 81677.713592,0.129765,81677.738316,81677.738363,81677.868129
T2 81677.762081,0.088904,81677.780122,81677.787481,81677.876386
T1 81677.641920,0.242864,81677.641965,81677.642055,81677.884921
T0 81677.818011,0.068092,81677.818066,81677.818114,81677.886207
T2 81677.986420,0.034384,81677.986503,81677.986630,81678.021015
T0 81678.021279,0.004006,81678.021338,81678.021394,81678.025401
T2 81678.080820,0.014254,81678.080863,81678.080909,81678.095164
T1 81678.016310,0.088601,81678.016365,81678.016411,81678.105013
T0 81678.109324,0.013012,81678.109362,81678.110142,81678.123155
T3 81677.923141,0.205511,81677.923337,81677.923348,81678.128860
T2 81678.136251,0.019053,81678.136295,81678.136305,81678.155383
T1 81678.169744,0.013161,81678.169936,81678.169952,81678.183114
T0 81678.180682,0.050130,81678.180874,81678.180942,81678.231072
T1 81678.182899,0.052653,81678.183147,81678.183190,81678.235844
T0 81678.218170,0.006011,81678.224178,81678.231105,81678.237117
T3 81678.209183,0.039495,81678.224143,81678.224192,81678.263687
T1 81678.253161,0.044891,81678.253244,81678.253294,81678.298216
T0 81678.271110,0.029975,81678.271219,81678.271264,81678.301240
T0 81678.360788,0.000162,81678.390103,81678.390181,81678.390343
T2 81678.189799,0.177832,81678.224136,81678.224184,81678.402017
T0 81678.387965,0.013322,81678.390202,81678.390374,81678.403695
T1 81678.376439,0.045625,81678.390138,81678.390315,81678.435941
T3 81678.349407,0.094090,81678.349489,81678.350070,81678.444161
T2 81678.436461,0.032981,81678.436521,81678.436633,81678.469615
T0 81678.467102,0.018189,81678.467150,81678.467161,81678.485350
T1 81678.485017,0.010079,81678.485223,81678.485234,81678.495314
T3 81678.518855,0.002086,81678.519055,81678.519655,81678.521742
T1 81678.590315,0.010205,81678.600285,81678.600330,81678.610536
T2 81678.545285,0.059534,81678.545480,81678.545570,81678.610602
T0 81678.559892,0.050756,81678.560063,81678.560111,81678.610868
T1 81678.627379,0.019903,81678.627526,81678.627537,81678.647442
T3 81678.601885,0.049330,81678.601902,81678.602315,81678.651646
T2 81678.662996,0.011296,81678.663158,81678.663167,81678.674476
T0 81678.699575,0.057721,81678.699763,81678.699892,81678.757614
T1 81678.768275,0.014871,81678.768382,81678.768392,81678.783264
T3 81678.797013,0.004586,81678.797131,81678.797164,81678.801751
T0 81678.825960,0.004921,81678.858110,81678.858174,81678.863755
T1 81678.857374,0.022440,81678.858119,81678.858184,81678.880641
T0 81678.883935,0.017039,81678.883985,81678.884097,81678.901136
T3 81678.860609,0.044973,81678.860633,81678.860655,81678.905628
T2 81678.817681,0.104935,81678.817804,81678.817837,81678.922773
T1 81678.913933,0.017011,81678.914015,81678.914298,81678.931309
T0 81678.954490,0.010521,81678.954702,81678.955003,81678.965524
T3 81678.965556,0.000179,81678.965789,81678.965857,81678.966064
T2 81679.078149,0.020134,81679.078303,81679.078457,81679.098621
T1 81679.125741,0.028679,81679.125908,81679.125986,81679.154666
T3 81679.217631,0.060045,81679.217843,81679.217956,81679.278002
T0 81679.131482,0.125622,81679.154813,81679.154890,81679.280524
T2 81679.256895,0.057884,81679.256952,81679.257000,81679.314885
T1 81679.260522,0.074422,81679.260545,81679.260587,81679.335009
T0 81679.351300,0.011379,81679.351349,81679.351475,81679.362855
T3 81679.273722,0.124010,81679.273787,81679.278046,81679.402057
T2 81679.404964,0.039708,81679.405507,81679.405516,81679.445226
T0 81679.457337,0.103565,81679.457400,81679.457447,81679.561013
T2 81679.541431,0.016004,81679.541493,81679.542168,81679.561660
T1 81679.447701,0.117658,81679.447852,81679.448005,81679.565664
T3 81679.522520,0.042925,81679.522633,81679.522773,81679.565698
T0 81679.546382,0.033903,81679.546424,81679.561061,81679.594965
T1 81679.617504,0.017199,81679.617591,81679.617707,81679.634906
T0 81679.641980,0.007486,81679.677199,81679.677245,81679.684732
T3 81679.636385,0.057629,81679.636419,81679.636531,81679.694161
T2 81679.600542,0.094505,81679.601009,81679.601016,81679.695521
T1 81679.677287,0.033905,81679.677305,81679.677411,81679.711317
T3 81679.751838,0.012549,81679.752278,81679.752320,81679.764870
T0 81679.702414,0.064413,81679.702461,81679.702572,81679.766986
T2 81679.757277,0.006463,81679.765046,81679.765126,81679.771590
T1 81679.775993,0.022349,81679.776137,81679.776161,81679.798516
T0 81679.790869,0.048656,81679.798693,81679.799207,81679.847864
T3 81679.780147,0.134335,81679.780400,81679.780407,81679.914743
T1 81679.904685,0.020396,81679.904736,81679.905303,81679.925699
T2 81679.855565,0.085223,81679.855617,81679.855668,81679.940891
T3 81679.937095,0.014981,81679.937123,81679.937231,81679.952213
T1 81679.962622,0.003766,81679.962716,81679.962765,81679.966531
T0 81679.923390,0.053769,81679.923437,81679.923495,81679.977265
T1 81679.982663,0.004779,81679.982692,81679.982702,81679.987482
T3 81679.970385,0.017003,81679.970404,81679.970526,81679.987530
T2 81679.967221,0.052094,81679.967258,81679.967316,81680.019410
T1 81680.008879,0.015426,81680.008940,81680.008957,81680.024383
T2 81680.061971,0.008556,81680.062020,81680.062101,81680.070657
T3 81680.032719,0.071728,81680.032774,81680.032837,81680.104566
T1 81680.080219,0.049130,81680.080261,81680.080403,81680.129535
T0 81679.993658,0.136281,81679.993864,81679.993903,81680.130185
T2 81680.138321,0.011650,81680.138371,81680.138507,81680.150178
T3 81680.158173,0.027774,81680.158300,81680.158399,81680.186173
T1 81680.180334,0.025076,81680.180507,81680.180971,81680.206047
T0 81680.228376,0.019727,81680.228562,81680.228574,81680.248302
T2 81680.236033,0.050896,81680.248505,81680.248529,81680.299426
T3 81680.271416,0.020643,81680.289511,81680.289587,81680.310248
T1 81680.384768,0.007313,81680.384960,81680.385044,81680.392359
T0 81680.446501,0.000271,81680.446684,81680.446695,81680.446967
T3 81680.502407,0.006090,81680.502647,81680.502658,81680.508748
T2 81680.460924,0.074447,81680.461085,81680.461147,81680.535594
T1 81680.511918,0.063828,81680.512017,81680.512026,81680.575855
T0 81680.566306,0.029811,81680.566448,81680.566459,81680.596270
T3 81680.567796,0.061535,81680.575912,81680.575919,81680.637455
T2 81680.684208,0.032113,81680.684489,81680.684649,81680.716762
T1 81680.690818,0.004931,81680.716953,81680.717197,81680.722129
T0 81680.745137,0.024136,81680.745417,81680.745493,81680.769630
T2 81680.757944,0.007061,81680.769862,81680.769996,81680.777058
T1 81680.802771,0.002745,81680.802859,81680.803428,81680.806201
T3 81680.748170,0.053519,81680.769853,81680.769867,81680.823386
T2 81680.821006,0.029220,81680.823997,81680.824152,81680.853372
T0 81680.804402,0.075904,81680.806250,81680.806257,81680.882162
T2 81680.852907,0.044536,81680.853419,81680.853438,81680.897974
T1 81680.879873,0.022464,81680.882278,81680.884275,81680.906739
T3 81680.856406,0.037740,81680.882246,81680.882626,81680.920367
T2 81680.914292,0.009306,81680.914449,81680.914468,81680.923775
T1 81680.931945,0.037301,81680.932067,81680.932077,81680.969378
T3 81680.957523,0.045341,81680.957571,81680.958130,81681.003472
T1 81680.991087,0.005203,81681.003529,81681.004087,81681.009291
T3 81680.993132,0.009295,81681.004122,81681.004141,81681.013437
T0 81680.904361,0.109787,81680.904453,81680.904511,81681.014299
T2 81680.983731,0.088541,81680.983887,81680.983898,81681.072440
T1 81681.062779,0.012776,81681.062826,81681.062872,81681.075649
T3 81681.080683,0.017183,81681.080813,81681.080825,81681.098008
T1 81681.151835,0.001850,81681.169395,81681.169440,81681.171291
T0 81681.128193,0.105301,81681.128398,81681.128522,81681.233823
T0 81681.215776,0.012488,81681.221332,81681.233861,81681.246350
T2 81681.140365,0.084345,81681.169340,81681.169425,81681.253771
T3 81681.180978,0.075312,81681.181014,81681.181074,81681.256387
T0 81681.225793,0.047394,81681.225840,81681.246402,81681.293801
T2 81681.231891,0.056136,81681.231964,81681.253800,81681.309937
T1 81681.189128,0.090426,81681.221293,81681.221340,81681.311766
T0 81681.276487,0.025640,81681.276546,81681.293961,81681.319602
T3 81681.235191,0.063552,81681.235216,81681.256406,81681.320936
T3 81681.320883,0.000734,81681.320972,81681.321044,81681.321779
T0 81681.300240,0.008405,81681.309993,81681.319642,81681.328048
T1 81681.293075,0.024368,81681.294001,81681.311799,81681.336167
T2 81681.282670,0.028459,81681.282702,81681.310005,81681.338464
T3 81681.342997,0.024077,81681.343267,81681.343277,81681.367354
T1 81681.366176,0.052442,81681.367429,81681.367436,81681.419879
T0 81681.356146,0.066858,81681.356197,81681.356339,81681.423197
T1 81681.427558,0.018695,81681.427606,81681.427656,81681.446352
T0 81681.460051,0.000301,81681.460102,81681.460146,81681.460448
T3 81681.396189,0.082980,81681.409335,81681.410149,81681.493159
T2 81681.374389,0.126031,81681.409203,81681.409413,81681.535444
T3 81681.535270,0.025600,81681.535320,81681.535358,81681.561010
T0 81681.509104,0.051458,81681.509156,81681.509281,81681.561122
T1 81681.488385,0.092866,81681.488451,81681.489276,81681.582143
T0 81681.611354,0.001672,81681.611378,81681.611422,81681.613095
T2 81681.555167,0.063446,81681.555243,81681.555335,81681.618782
T3 81681.567482,0.056631,81681.567522,81681.567653,81681.624285
T3 81681.656120,0.000286,81681.666313,81681.666331,81681.666617
T2 81681.617788,0.048242,81681.618815,81681.618845,81681.667088
T1 81681.615931,0.057874,81681.615949,81681.615991,81681.673866
T0 81681.623470,0.041947,81681.624408,81681.624416,81681.673906
T3 81681.656237,0.015161,81681.666319,81681.666636,81681.681798
T1 81681.694987,0.020878,81681.695067,81681.695240,81681.716139
T3 81681.730458,0.018788,81681.730499,81681.730575,81681.749364
T2 81681.666137,0.097440,81681.666328,81681.667100,81681.764540
T1 81681.759187,0.010306,81681.759232,81681.759255,81681.769562
T0 81681.700582,0.105602,81681.700621,81681.700996,81681.806599
T3 81681.817755,0.035005,81681.817882,81681.817932,81681.852938
T1 81681.870303,0.010605,81681.893200,81681.893283,81681.903889
T2 81681.822517,0.056297,81681.853084,81681.853099,81681.909397
T3 81681.947450,0.039637,81681.947625,81681.947634,81681.987272
T0 81681.933757,0.061220,81681.933945,81681.933963,81681.995184
T0 81682.068019,0.040212,81682.079376,81682.079419,81682.119631
T1 81682.002489,0.134770,81682.002754,81682.003006,81682.137777
T2 81682.038915,0.130575,81682.039172,81682.039184,81682.169760
T0 81682.086517,0.080383,81682.086557,81682.119684,81682.200068
T1 81682.162256,0.045131,81682.162280,81682.162329,81682.207461
T3 81682.046287,0.135468,81682.079350,81682.079409,81682.214878
T0 81682.236921,0.019618,81682.237007,81682.237054,81682.256673
T1 81682.311444,0.044477,81682.311494,81682.311532,81682.356010
T3 81682.367655,0.071215,81682.367718,81682.368134,81682.439350
T3 81682.444290,0.009133,81682.444339,81682.444981,81682.454336
T2 81682.207849,0.268009,81682.207892,81682.208023,81682.476033
T0 81682.395271,0.079215,81682.395406,81682.395509,81682.476130
T1 81682.435900,0.046365,81682.435951,81682.435995,81682.482361
T2 81682.504683,0.054594,81682.504734,81682.504842,81682.559437
T3 81682.461592,0.100156,81682.461633,81682.462277,81682.562434
T0 81682.560613,0.047335,81682.560663,81682.560826,81682.608162
T2 81682.599858,0.008029,81682.608255,81682.608264,81682.616293
T3 81682.620811,0.001676,81682.620991,81682.621024,81682.622701
T1 81682.575175,0.051867,81682.575294,81682.575305,81682.627173
T0 81682.644457,0.036506,81682.644610,81682.644722,81682.681228
T2 81682.677205,0.036185,81682.677911,81682.677920,81682.714106
T3 81682.725683,0.033649,81682.725852,81682.725909,81682.759592
T1 81682.729004,0.002486,81682.759888,81682.760004,81682.762490
T0 81682.748419,0.024279,81682.759926,81682.760045,81682.784339
T2 81682.793992,0.030085,81682.794229,81682.794239,81682.824383
T3 81682.821555,0.026643,81682.821639,81682.821805,81682.848449
T1 81682.825949,0.026108,81682.825979,81682.826036,81682.852145
T0 81682.857380,0.029597,81682.857439,81682.857465,81682.887062
T3 81682.833787,0.063221,81682.848513,81682.848563,81682.911785
T3 81682.898757,0.003858,81682.911851,81682.912406,81682.916265
T2 81682.834279,0.083818,81682.848520,81682.848565,81682.932384
T3 81682.928202,0.012409,81682.928249,81682.928775,81682.941185
T0 81682.900472,0.045476,81682.912344,81682.912434,81682.957911
T3 81682.962091,0.031074,81682.962171,81682.962327,81682.993402
T2 81682.935108,0.128532,81682.935136,81682.935248,81683.063780
T0 81682.998430,0.095052,81682.998473,81682.998576,81683.093629
T1 81682.881159,0.266592,81682.887187,81682.887195,81683.153788
T3 81683.014552,0.148709,81683.014592,81683.014638,81683.163348
T2 81683.097165,0.072839,81683.097237,81683.097254,81683.170094
T0 81683.159315,0.038474,81683.159384,81683.159463,81683.197938
T1 81683.170500,0.032461,81683.170551,81683.170975,81683.203437
T3 81683.177318,0.031384,81683.177356,81683.177790,81683.209195
T0 81683.316822,0.030628,81683.316900,81683.317074,81683.348759
T3 81683.363687,0.014892,81683.363735,81683.364785,81683.379678
T1 81683.322495,0.072717,81683.322532,81683.322599,81683.395318
T2 81683.258302,0.170984,81683.258676,81683.258686,81683.429670
T3 81683.466278,0.025740,81683.466524,81683.466535,81683.492276
T1 81683.477334,0.040422,81683.492338,81683.492347,81683.532770
T1 81683.499632,0.010600,81683.532814,81683.532832,81683.543432
T2 81683.526003,0.022323,81683.532820,81683.532905,81683.555228
T0 81683.427388,0.165529,81683.427440,81683.428153,81683.593683
T0 81683.578941,0.005814,81683.593747,81683.593791,81683.599605
T1 81683.572407,0.046639,81683.572457,81683.572607,81683.619247
T2 81683.633262,0.011095,81683.633324,81683.633380,81683.644647
T3 81683.543612,0.124159,81683.543637,81683.543736,81683.667896
T0 81683.646110,0.044909,81683.646221,81683.646262,81683.691172
T1 81683.674368,0.045359,81683.674893,81683.674978,81683.720337
T3 81683.706819,0.013895,81683.706844,81683.706971,81683.720867
T2 81683.705015,0.041148,81683.705102,81683.705149,81683.746298
T0 81683.729412,0.021068,81683.729465,81683.729608,81683.750676
T2 81683.730264,0.073633,81683.746354,81683.746401,81683.820058
T0 81683.814246,0.029709,81683.814284,81683.814347,81683.844070
T1 81683.729998,0.128649,81683.730005,81683.730750,81683.859400
T3 81683.755165,0.135357,81683.755194,81683.755291,81683.890648
T1 81683.865397,0.017328,81683.865483,81683.866004,81683.891090
T2 81683.819494,0.079294,81683.819535,81683.820089,81683.899383
T3 81683.870096,0.022788,81683.870115,81683.890694,81683.913483
T1 81683.927998,0.068844,81683.928046,81683.928169,81683.997014
T2 81683.990402,0.015941,81683.990463,81683.990518,81684.006459
T0 81683.837677,0.168604,81683.837726,81683.844127,81684.012731
T3 81684.008091,0.006524,81684.008126,81684.008217,81684.014741
T1 81684.087558,0.048801,81684.087735,81684.087834,81684.136636
T0 81684.176417,0.016584,81684.176586,81684.176597,81684.193181
T3 81684.182091,0.011344,81684.182126,81684.182170,81684.193514
T0 81684.187168,0.009694,81684.187190,81684.193237,81684.202931
T1 81684.217613,0.000698,81684.217689,81684.217727,81684.218426
T3 81684.213843,0.012910,81684.214023,81684.214426,81684.227336
T2 81684.141970,0.129207,81684.142362,81684.142377,81684.271585
T0 81684.297113,0.006391,81684.297262,81684.297352,81684.303745
T3 81684.318931,0.005316,81684.345409,81684.345500,81684.350816
T1 81684.302118,0.052284,81684.304566,81684.304815,81684.357101
T2 81684.385690,0.003658,81684.385877,81684.385987,81684.389646
T3 81684.425373,0.017349,81684.425572,81684.426154,81684.443504
T0 81684.411562,0.034302,81684.411788,81684.411940,81684.446243
T2 81684.448630,0.010580,81684.448657,81684.448666,81684.459248
T3 81684.471261,0.028268,81684.471295,81684.471338,81684.499607
T1 81684.441017,0.121743,81684.443684,81684.443692,81684.565436
T0 81684.472319,0.069996,81684.500111,81684.500121,81684.570118
T0 81684.536933,0.019846,81684.540374,81684.570149,81684.589996
T3 81684.529806,0.037069,81684.540362,81684.550155,81684.590261
T1 81684.530830,0.054205,81684.540365,81684.565495,81684.619701
T3 81684.629170,0.002574,81684.629219,81684.629265,81684.631839
T0 81684.569505,0.052024,81684.569550,81684.590031,81684.642080
T1 81684.640605,0.081311,81684.640665,81684.640717,81684.722029
T3 81684.680103,0.057273,81684.680151,81684.680247,81684.737521
T0 81684.712640,0.018767,81684.720251,81684.720295,81684.739062
T1 81684.776122,0.017686,81684.776270,81684.776347,81684.794034
T3 81684.814171,0.010478,81684.814215,81684.814390,81684.824869
T2 81684.517830,0.309983,81684.540350,81684.540380,81684.850364
T0 81684.859106,0.002746,81684.859261,81684.859534,81684.862297
T1 81684.883423,0.008556,81684.883564,81684.883590,81684.892146
T3 81684.886454,0.007319,81684.886616,81684.886668,81684.893987
T2 81684.894165,0.002990,81684.894262,81684.894271,81684.897261
T2 81684.996875,0.009246,81685.018317,81685.018394,81685.027641
T3 81684.979692,0.014851,81685.018276,81685.018384,81685.037170
T2 81685.020851,0.032347,81685.020918,81685.027769,81685.060117
T0 81684.918348,0.145479,81684.918529,81684.918643,81685.064123
T1 81684.978023,0.129660,81684.978140,81684.978153,81685.107814
T0 81685.111033,0.012760,81685.111084,81685.111387,81685.124148
T2 81685.090627,0.043644,81685.090744,81685.091895,81685.135582
T0 81685.154925,0.000840,81685.154963,81685.155008,81685.155982
T3 81685.044777,0.130230,81685.044826,81685.044938,81685.175169
T1 81685.146474,0.050199,81685.146553,81685.146645,81685.196861
T2 81685.175934,0.021351,81685.175978,81685.176026,81685.197397
T0 81685.248537,0.036973,81685.248711,81685.248786,81685.285760
T3 81685.254871,0.018348,81685.285935,81685.286138,81685.304488
T3 81685.299630,0.015669,81685.304536,81685.304581,81685.320250
T1 81685.268784,0.051801,81685.286023,81685.286163,81685.337965
T0 81685.315556,0.020240,81685.320343,81685.320351,81685.340592
T3 81685.355179,0.057533,81685.355392,81685.355418,81685.412951
T2 81685.348456,0.071191,81685.348615,81685.348697,81685.419888
T0 81685.363894,0.045910,81685.396328,81685.396372,81685.442283
T0 81685.446624,0.014801,81685.446661,81685.452056,81685.470233
T2 81685.415651,0.055125,81685.415682,81685.419922,81685.475047
T1 81685.363416,0.093256,81685.396284,81685.396361,81685.489620
T0 81685.454526,0.036117,81685.470290,81685.470305,81685.506422
T3 81685.426247,0.094194,81685.426304,81685.426358,81685.520552
T2 81685.456655,0.047262,81685.470293,81685.475098,81685.522360
T1 81685.516307,0.086111,81685.516331,81685.516724,81685.602836
T0 81685.536880,0.066732,81685.536965,81685.537023,81685.603755
T1 81685.634878,0.001208,81685.645957,81685.645972,81685.647179
T3 81685.623366,0.022310,81685.623419,81685.623592,81685.645902
T2 81685.636173,0.033399,81685.645963,81685.646010,81685.679409
T1 81685.645781,0.035404,81685.645968,81685.647714,81685.683118
T3 81685.692232,0.004074,81685.692293,81685.692366,81685.696441
T0 81685.636350,0.061595,81685.645965,81685.646265,81685.707861
T1 81685.715250,0.002218,81685.715477,81685.715487,81685.717705
T2 81685.709381,0.033048,81685.709509,81685.709623,81685.742672
T3 81685.784834,0.014042,81685.785026,81685.785356,81685.799399
T0 81685.787316,0.047240,81685.799621,81685.799811,81685.847051
T1 81685.823679,0.009082,81685.840407,81685.840457,81685.849540
T0 81685.896035,0.000350,81685.896086,81685.896251,81685.896902
T3 81685.878363,0.070793,81685.878451,81685.878615,81685.949409
T2 81685.820961,0.162940,81685.840356,81685.840452,81686.003392
T2 81686.000100,0.005350,81686.001298,81686.003420,81686.008771
T1 81685.936822,0.066678,81685.937570,81685.937580,81686.008823
T3 81685.997287,0.077474,81686.001259,81686.001304,81686.078779
T0 81685.960302,0.127920,81685.960352,81685.960447,81686.088368
T2 81686.079218,0.013677,81686.079235,81686.079303,81686.092981
T0 81686.088037,0.004993,81686.088485,81686.088531,81686.093613
T3 81686.132949,0.016232,81686.133143,81686.133182,81686.149415
T2 81686.175575,0.005084,81686.175662,81686.175736,81686.180821
T0 81686.214428,0.093305,81686.214550,81686.214565,81686.307871
T1 81686.170267,0.138801,81686.170455,81686.170561,81686.309362
T2 81686.333249,0.028493,81686.333411,81686.333556,81686.362051
T3 81686.321806,0.058958,81686.321976,81686.322411,81686.381370
T0 81686.349854,0.019577,81686.362304,81686.362406,81686.381983
T1 81686.378637,0.006962,81686.381542,81686.381582,81686.388544
T2 81686.403507,0.023741,81686.403699,81686.403794,81686.427535
T1 81686.413419,0.011841,81686.428252,81686.428260,81686.440134
T3 81686.405910,0.053922,81686.405965,81686.406256,81686.460179
T1 81686.437085,0.037633,81686.440195,81686.440242,81686.477891
T1 81686.477368,0.006510,81686.478079,81686.478096,81686.484607
T0 81686.410046,0.106299,81686.427735,81686.427845,81686.534144
T1 81686.518173,0.011885,81686.534194,81686.534571,81686.548870
T3 81686.516972,0.036174,81686.517063,81686.517110,81686.553284
T0 81686.532012,0.008727,81686.534569,81686.544196,81686.553514
T1 81686.548361,0.028437,81686.548911,81686.548919,81686.577356
T0 81686.558662,0.030990,81686.558680,81686.559099,81686.590090
T2 81686.467033,0.143430,81686.467144,81686.467190,81686.610621
T3 81686.558421,0.052461,81686.558486,81686.558568,81686.619319
T0 81686.564800,0.057708,81686.577898,81686.590156,81686.647865
T1 81686.562376,0.075763,81686.577413,81686.577909,81686.653673
T3 81686.671921,0.002417,81686.672534,81686.672665,81686.675091
T0 81686.673816,0.009748,81686.675430,81686.675441,81686.685189
T1 81686.694114,0.005800,81686.694262,81686.694313,81686.700113
T2 81686.606613,0.100945,81686.606671,81686.610663,81686.711609
T3 81686.765355,0.045341,81686.765495,81686.765636,81686.810978
T0 81686.806441,0.026096,81686.806511,81686.806519,81686.832616
T1 81686.778753,0.060255,81686.806467,81686.806519,81686.866775
T2 81686.827456,0.043099,81686.827508,81686.827784,81686.870884
T3 81686.874267,0.012534,81686.874349,81686.874399,81686.886934
T0 81686.943203,0.023436,81686.943372,81686.943560,81686.966997
T1 81686.985448,0.005129,81686.985623,81686.985751,81686.990883
T2 81686.998571,0.024496,81686.998737,81686.998900,81687.023411
T0 81687.080656,0.089030,81687.084454,81687.084572,81687.173602
T3 81687.043344,0.136042,81687.043606,81687.043843,81687.179886
T1 81687.131864,0.050421,81687.131916,81687.131962,81687.182383
T3 81687.204667,0.001496,81687.204716,81687.204794,81687.206295
T2 81687.165906,0.048996,81687.165959,81687.166408,81687.215404
T0 81687.185667,0.043234,81687.185740,81687.185813,81687.229048
T1 81687.234954,0.045778,81687.234998,81687.235096,81687.280875
T3 81687.273213,0.007771,81687.273867,81687.274039,81687.281811
T3 81687.339264,0.005579,81687.339322,81687.339419,81687.344999
T3 81687.349568,0.005392,81687.349607,81687.349654,81687.355047
T0 81687.283316,0.066460,81687.283340,81687.283364,81687.355133
T2 81687.277386,0.075121,81687.281010,81687.281269,81687.356391
T1 81687.333665,0.054937,81687.333699,81687.334256,81687.389194
T3 81687.408983,0.015757,81687.409167,81687.409203,81687.424961
T0 81687.426806,0.016965,81687.426930,81687.427003,81687.443969
T1 81687.461952,0.035354,81687.485372,81687.485553,81687.520908
T0 81687.509595,0.017450,81687.509651,81687.509699,81687.533185
T0 81687.536230,0.013254,81687.536275,81687.536318,81687.549572
T1 81687.513875,0.051714,81687.513898,81687.520938,81687.572653
T2 81687.432926,0.146874,81687.444118,81687.444174,81687.591049
T3 81687.468796,0.137717,81687.485448,81687.486354,81687.624072
T0 81687.592225,0.049626,81687.592259,81687.592452,81687.642079
T2 81687.671010,0.001443,81687.671218,81687.671230,81687.672674
T3 81687.622644,0.083831,81687.624122,81687.624137,81687.707969
T1 81687.711416,0.048062,81687.711663,81687.711872,81687.759936
T2 81687.776109,0.003993,81687.776233,81687.776372,81687.781279
T3 81687.785450,0.009481,81687.792942,81687.793013,81687.802495
T0 81687.735820,0.074457,81687.735931,81687.735965,81687.810422
T1 81687.842892,0.022298,81687.843072,81687.843178,81687.865476
T2 81687.864294,0.005306,81687.865654,81687.865694,81687.871001
T3 81687.848388,0.023798,81687.865646,81687.865660,81687.889459
T1 81687.903927,0.005500,81687.904249,81687.904465,81687.909966
T3 81687.974286,0.022848,81687.974367,81687.974720,81687.997569
T0 81687.892653,0.101796,81687.893062,81687.894462,81687.998375
T2 81687.929677,0.069259,81687.930748,81687.930863,81688.000122
T1 81687.988263,0.015886,81687.988317,81687.988361,81688.004247
T3 81688.001923,0.003534,81688.001963,81688.002271,81688.005805
T0 81688.026771,0.028299,81688.026863,81688.026990,81688.055290
T2 81688.089623,0.056173,81688.089696,81688.089839,81688.146013
T3 81688.164355,0.012707,81688.164412,81688.164624,81688.177331
T1 81688.147485,0.031899,81688.147903,81688.147984,81688.179884
T2 81688.181667,0.006738,81688.181707,81688.181716,81688.188455
T0 81688.173871,0.042986,81688.173940,81688.174498,81688.217485
T3 81688.191483,0.032711,81688.191578,81688.191608,81688.224320
T1 81688.229026,0.010690,81688.229223,81688.229236,81688.239927
T2 81688.247238,0.007158,81688.247389,81688.247507,81688.254666
T0 81688.300292,0.010202,81688.300526,81688.300616,81688.310819
T0 81688.347631,0.002288,81688.351404,81688.366236,81688.368525
T1 81688.309889,0.082674,81688.310943,81688.310950,81688.393625
T2 81688.319155,0.058162,81688.351358,81688.351415,81688.409577
T3 81688.309798,0.115517,81688.310930,81688.310943,81688.426487
T0 81688.352892,0.074596,81688.352917,81688.368595,81688.443271
T1 81688.439815,0.098759,81688.439869,81688.439954,81688.538714
T3 81688.449588,0.055117,81688.485111,81688.485224,81688.540342
T3 81688.547768,0.010752,81688.547799,81688.548512,81688.562284
T3 81688.561923,0.008404,81688.561967,81688.562311,81688.570716
T2 81688.470416,0.088172,81688.485153,81688.488175,81688.576348
T1 81688.487430,0.062223,81688.487480,81688.538769,81688.600993
T3 81688.611287,0.019567,81688.611334,81688.611657,81688.631225
T2 81688.641768,0.038019,81688.641949,81688.642908,81688.680929
T0 81688.443249,0.257460,81688.444230,81688.444252,81688.701713
T2 81688.704293,0.000293,81688.704348,81688.704413,81688.704707
T3 81688.670044,0.030816,81688.681081,81688.681530,81688.712363
T1 81688.653463,0.051134,81688.681071,81688.681087,81688.732222
T0 81688.725495,0.010637,81688.725583,81688.725719,81688.736356
T2 81688.734173,0.029358,81688.734221,81688.734266,81688.763625
T1 81688.773702,0.021487,81688.773827,81688.773890,81688.795379
T3 81688.766259,0.052934,81688.766428,81688.767129,81688.820064
T3 81688.800103,0.002589,81688.820474,81688.820562,81688.823152
T0 81688.780532,0.027792,81688.795540,81688.795556,81688.823349
T0 81688.871415,0.016723,81688.871746,81688.871758,81688.888482
T2 81688.811544,0.082867,81688.820538,81688.820660,81688.903528
T1 81688.891431,0.022256,81688.891463,81688.891543,81688.913800
T1 81688.943790,0.007561,81688.955181,81688.955190,81688.962752
T1 81688.957064,0.005457,81688.957167,81688.971502,81688.976959
T2 81688.896921,0.096134,81688.903573,81688.903595,81688.999729
T3 81688.814276,0.215788,81688.820545,81688.823195,81689.038984
T2 81688.997194,0.101662,81688.997234,81688.999765,81689.101428
T3 81689.000465,0.081127,81689.000487,81689.039263,81689.120391
T2 81689.005227,0.025183,81689.039247,81689.101484,81689.126667
T1 81688.972278,0.171625,81688.972323,81688.977001,81689.148627
T1 81689.069102,0.004635,81689.080229,81689.148656,81689.153291
T1 81689.155318,0.002727,81689.155339,81689.155750,81689.158477
T3 81689.015506,0.038001,81689.039250,81689.120419,81689.158527
T3 81689.217955,0.027163,81689.217996,81689.218173,81689.245336
T3 81689.219369,0.012414,81689.245552,81689.255204,81689.273657
T1 81689.155960,0.114890,81689.158585,81689.158703,81689.273594
T2 81689.032054,0.175398,81689.039251,81689.126677,81689.302100
T1 81689.265912,0.030947,81689.273663,81689.283081,81689.314051
T3 81689.224978,0.048748,81689.245559,81689.273682,81689.322430
T2 81689.268089,0.030803,81689.273666,81689.302247,81689.333066
T3 81689.307497,0.011297,81689.307741,81689.322457,81689.342075
T2 81689.330408,0.055823,81689.330772,81689.333083,81689.388906
T1 81689.282413,0.090252,81689.282456,81689.314101,81689.404354
T2 81689.377450,0.024267,81689.388956,81689.388969,81689.413237
T2 81689.407148,0.005449,81689.413286,81689.413297,81689.418746
T3 81689.374844,0.164239,81689.375262,81689.375313,81689.539553
T1 81689.395067,0.133577,81689.404402,81689.404414,81689.542716
T1 81689.543538,0.004697,81689.543887,81689.543944,81689.551104
T2 81689.474530,0.104214,81689.474561,81689.474728,81689.578943
T2 81689.662977,0.000237,81689.663448,81689.663512,81689.663749
T3 81689.537523,0.127172,81689.537555,81689.539608,81689.666780
T2 81689.682886,0.016927,81689.683657,81689.683668,81689.707292
T3 81689.688866,0.015183,81689.688927,81689.697378,81689.712562
T2 81689.716217,0.001859,81689.716379,81689.716388,81689.718248
T3 81689.754226,0.021578,81689.754373,81689.754385,81689.775963
T1 81689.615501,0.172722,81689.615549,81689.615595,81689.788317
T2 81689.789656,0.016784,81689.789849,81689.789860,81689.806645
T3 81689.845842,0.056236,81689.846100,81689.846176,81689.902413
T1 81689.867778,0.048916,81689.887215,81689.887328,81689.936245
T2 81689.953345,0.028359,81689.953653,81689.953802,81689.982162
T0 81688.912641,0.077133,81688.913846,81688.913853,81689.990987
T2 81689.993490,0.015369,81689.993529,81689.993714,81690.009084
T0 81689.996435,0.017199,81690.009156,81690.009338,81690.026538
T0 81690.045847,0.000349,81690.081248,81690.081295,81690.081644
T2 81690.040160,0.065411,81690.040208,81690.040303,81690.105716
T3 81689.981195,0.129794,81689.982656,81689.982707,81690.112502
T3 81690.091702,0.050971,81690.105763,81690.112602,81690.163574
T0 81690.058864,0.110142,81690.081290,81690.081674,81690.200099
T2 81690.091292,0.108729,81690.091333,81690.105779,81690.222247
T1 81689.980946,0.276595,81689.982621,81689.982663,81690.259260
T2 81690.131900,0.039673,81690.131962,81690.222305,81690.261979
T2 81690.145437,0.005991,81690.163647,81690.261998,81690.267989
T3 81690.097008,0.129766,81690.105766,81690.163668,81690.293435
T0 81690.101395,0.102031,81690.105767,81690.200226,81690.302257
T3 81690.169048,0.030925,81690.200231,81690.293529,81690.324493
T1 81690.140784,0.088194,81690.163644,81690.259326,81690.347521
T1 81690.270309,0.010394,81690.270409,81690.347555,81690.357949
T2 81690.152395,0.098587,81690.163649,81690.267998,81690.366585
T1 81690.275702,0.022327,81690.275906,81690.357988,81690.380316
T2 81690.290254,0.049427,81690.293511,81690.366609,81690.416037
T0 81690.190450,0.120127,81690.200235,81690.302309,81690.422436
T1 81690.357715,0.047789,81690.357761,81690.380421,81690.432256
T2 81690.370213,0.023805,81690.370257,81690.416101,81690.439907
T0 81690.390071,0.059223,81690.390153,81690.422472,81690.481696
T3 81690.251348,0.156304,81690.251433,81690.324524,81690.481866
T1 81690.409100,0.052500,81690.409165,81690.432279,81690.492190
T2 81690.409776,0.059158,81690.416088,81690.439935,81690.499093
T2 81690.498473,0.009719,81690.498552,81690.499654,81690.509374
T1 81690.463575,0.031218,81690.463637,81690.492231,81690.523450
T3 81690.455937,0.056246,81690.456021,81690.481878,81690.538125
T2 81690.540584,0.020324,81690.540690,81690.540703,81690.561028
T2 81690.551297,0.010045,81690.561103,81690.561131,81690.571218
T3 81690.578809,0.001244,81690.578941,81690.578951,81690.580196
T0 81690.435946,0.112858,81690.436024,81690.481772,81690.594631
T1 81690.586472,0.027035,81690.586631,81690.586810,81690.613846
T2 81690.590622,0.024330,81690.594813,81690.594823,81690.619152
T3 81690.597163,0.006944,81690.613919,81690.614521,81690.621465
T0 81690.637882,0.007830,81690.638037,81690.638049,81690.645880
T1 81690.638325,0.037810,81690.638379,81690.638485,81690.676296
T2 81690.675419,0.014184,81690.675590,81690.675615,81690.689812
T3 81690.695598,0.039016,81690.695786,81690.695798,81690.734815
T1 81690.764288,0.026993,81690.764455,81690.764514,81690.791508
T0 81690.702606,0.092931,81690.702834,81690.702990,81690.795922
T2 81690.771662,0.032394,81690.791569,81690.791579,81690.823974
T3 81690.808103,0.031129,81690.808324,81690.808373,81690.839503
T0 81690.887604,0.015491,81690.887770,81690.887782,81690.903273
T2 81690.810937,0.106316,81690.824041,81690.824074,81690.930391
T1 81690.915377,0.016287,81690.915546,81690.915972,81690.932259
T3 81690.922092,0.030649,81690.930585,81690.930594,81690.961244
T0 81690.938248,0.044159,81690.938306,81690.938346,81690.982506
T2 81690.948135,0.036165,81690.961312,81690.961321,81690.997486
T1 81691.004630,0.053031,81691.004802,81691.004886,81691.057918
T0 81691.129440,0.024687,81691.142237,81691.142316,81691.167005
T2 81691.172836,0.019464,81691.172883,81691.172969,81691.192433
T1 81691.192538,0.067387,81691.192562,81691.192614,81691.260002
T0 81691.220017,0.038148,81691.233332,81691.233377,81691.271525
T2 81691.274169,0.005247,81691.274279,81691.274537,81691.279785
T3 81691.101276,0.209917,81691.101390,81691.101417,81691.311335
T1 81691.298069,0.019560,81691.298312,81691.298333,81691.317894
T0 81691.379692,0.002217,81691.379863,81691.380205,81691.382422
T2 81691.403036,0.036462,81691.403377,81691.403392,81691.439854
T3 81691.445180,0.027869,81691.445306,81691.445317,81691.473187
T1 81691.515035,0.007474,81691.515201,81691.515287,81691.522761
T0 81691.556574,0.013235,81691.556809,81691.557030,81691.570266
T2 81691.589789,0.000396,81691.589918,81691.589982,81691.590480
T3 81691.614521,0.032032,81691.614761,81691.614848,81691.646882
T2 81691.681120,0.009151,81691.701305,81691.701365,81691.710516
T1 81691.660962,0.078252,81691.661109,81691.661186,81691.739439
T3 81691.725329,0.017225,81691.726011,81691.726098,81691.743326
T1 81691.755282,0.005948,81691.755364,81691.755439,81691.761391
T2 81691.747455,0.010757,81691.747561,81691.747573,81691.758330
T3 81691.756264,0.047842,81691.758392,81691.758400,81691.806242
T0 81691.684845,0.129855,81691.701356,81691.701426,81691.831314
T1 81691.791452,0.056685,81691.791565,81691.792533,81691.849219
T3 81691.798001,0.077621,81691.806300,81691.806340,81691.883962
T2 81691.873928,0.064886,81691.874005,81691.874562,81691.939449
T1 81691.918623,0.004723,81691.939512,81691.940259,81691.944983
T0 81691.908585,0.051873,81691.908770,81691.908790,81691.960667
T1 81691.975361,0.007646,81691.975413,81691.975521,81691.983168
T3 81691.964727,0.024031,81691.965690,81691.965770,81691.989802
T2 81691.923186,0.098107,81691.940289,81691.940341,81692.038448
T0 81692.030094,0.024719,81692.030239,81692.030249,81692.054969
T2 81692.177710,0.006063,81692.177770,81692.177857,81692.183921
T3 81692.155514,0.061656,81692.156061,81692.156264,81692.217920
T0 81692.242064,0.008417,81692.242281,81692.242289,81692.250706
T0 81692.242134,0.001608,81692.250752,81692.250796,81692.252404
T0 81692.252147,0.001783,81692.252433,81692.252444,81692.254228
T1 81692.082446,0.199373,81692.082565,81692.082595,81692.281969
T2 81692.260605,0.032588,81692.260859,81692.261484,81692.294073
T3 81692.288900,0.044239,81692.289006,81692.289082,81692.333321
T0 81692.322869,0.028523,81692.322916,81692.323136,81692.351660
T1 81692.331479,0.042563,81692.333432,81692.333470,81692.376033
T2 81692.341712,0.031573,81692.351713,81692.352077,81692.383651
T0 81692.384354,0.010842,81692.384380,81692.384465,81692.395308
T0 81692.395867,0.003118,81692.400915,81692.400919,81692.404037
T2 81692.392097,0.005330,81692.395363,81692.395449,81692.400780
T0 81692.419736,0.007674,81692.419808,81692.419826,81692.427501
T3 81692.344073,0.100077,81692.351781,81692.352399,81692.452477
T0 81692.461916,0.073293,81692.461968,81692.462020,81692.535314
T3 81692.470069,0.041535,81692.502186,81692.502235,81692.543805
T0 81692.474408,0.026513,81692.502228,81692.535371,81692.561885
T3 81692.518074,0.029740,81692.518105,81692.543852,81692.578217
T0 81692.542892,0.018734,81692.542949,81692.561912,81692.580647
T1 81692.373580,0.213244,81692.376093,81692.376134,81692.589378
T3 81692.602773,0.008572,81692.602865,81692.603014,81692.611587
T3 81692.604103,0.021506,81692.611648,81692.611835,81692.633341
T2 81692.422229,0.228016,81692.427567,81692.427657,81692.655674
T0 81692.676979,0.025038,81692.677062,81692.677110,81692.702149
T1 81692.641338,0.087901,81692.641403,81692.641558,81692.729460
T3 81692.723171,0.007855,81692.723364,81692.723409,81692.731264
T3 81692.780893,0.006543,81692.804059,81692.804070,81692.810614
T0 81692.768299,0.035425,81692.768431,81692.768441,81692.803866
T3 81692.803790,0.020560,81692.804066,81692.810674,81692.831238
T0 81692.805730,0.019585,81692.810661,81692.820243,81692.841211
T3 81692.809022,0.014831,81692.810664,81692.831329,81692.851286
T2 81692.755270,0.139814,81692.755451,81692.755569,81692.895384
T3 81692.871430,0.033436,81692.871491,81692.871537,81692.904974
T1 81692.779650,0.129726,81692.803937,81692.804057,81692.933784
T3 81692.913370,0.024788,81692.913415,81692.913459,81692.938247
T2 81692.901400,0.040895,81692.901444,81692.901826,81692.942722
T0 81692.812108,0.118783,81692.831312,81692.841277,81692.960060
T1 81692.957029,0.039633,81692.957192,81692.957251,81692.996885
T3 81692.991272,0.029609,81692.991428,81692.991439,81693.021049
T0 81693.040775,0.003492,81693.041031,81693.041183,81693.044676
T2 81693.027912,0.040845,81693.028061,81693.028138,81693.068984
T1 81693.090584,0.012467,81693.090774,81693.091239,81693.103707
T3 81693.123598,0.002244,81693.123815,81693.123829,81693.126079
T0 81693.123904,0.002381,81693.126247,81693.126256,81693.128638
T2 81693.159179,0.017575,81693.159337,81693.159446,81693.177022
T1 81693.253404,0.001876,81693.253578,81693.253647,81693.255542
T3 81693.258535,0.016521,81693.258707,81693.258720,81693.275242
T1 81693.319350,0.011551,81693.327389,81693.329222,81693.340773
T2 81693.298303,0.014335,81693.327338,81693.327448,81693.341784
T3 81693.347535,0.000111,81693.347577,81693.347698,81693.347820
T0 81693.285885,0.067314,81693.286351,81693.286362,81693.353677
T1 81693.383754,0.038505,81693.383929,81693.384041,81693.422547
T3 81693.436607,0.007167,81693.436776,81693.436786,81693.443954
T2 81693.423007,0.032805,81693.423174,81693.423425,81693.456230
T0 81693.439157,0.030751,81693.444137,81693.444166,81693.474918
T3 81693.542388,0.025152,81693.551150,81693.551209,81693.576362
T1 81693.510379,0.073225,81693.510517,81693.510630,81693.583856
T2 81693.562674,0.038098,81693.562721,81693.562908,81693.601007
T0 81693.685888,0.063253,81693.686045,81693.686144,81693.749398
T1 81693.701655,0.026248,81693.726170,81693.726365,81693.752613
T1 81693.742580,0.042010,81693.742612,81693.752636,81693.794647
T3 81693.725185,0.069104,81693.726335,81693.726373,81693.795478
T1 81693.755949,0.001745,81693.755988,81693.794781,81693.796526
T2 81693.725585,0.052160,81693.726357,81693.739259,81693.796552
T0 81693.741610,0.082033,81693.741673,81693.749439,81693.831473
T1 81693.797941,0.038781,81693.797971,81693.798303,81693.837803
T2 81693.799079,0.028072,81693.799096,81693.809156,81693.837229
T0 81693.810023,0.026699,81693.831535,81693.831550,81693.858252
T2 81693.833113,0.014712,81693.837335,81693.848246,81693.862959
T3 81693.757620,0.078586,81693.794744,81693.795497,81693.874083
T0 81693.888960,0.025535,81693.889130,81693.889140,81693.914676
T3 81693.952298,0.004684,81693.964472,81693.964538,81693.969223
T2 81693.923656,0.061378,81693.923805,81693.924233,81693.985612
T1 81693.810683,0.148511,81693.831539,81693.837829,81693.986340
T0 81694.025551,0.035969,81694.025729,81694.025811,81694.061780
T3 81694.040686,0.028895,81694.061869,81694.061948,81694.090844
T1 81694.067622,0.017280,81694.091032,81694.091127,81694.108419
T0 81694.070134,0.032129,81694.091041,81694.091657,81694.123786
T3 81694.107579,0.081646,81694.108463,81694.108470,81694.190132
T2 81694.059370,0.143307,81694.061999,81694.062005,81694.205312
T1 81694.160900,0.050427,81694.160987,81694.161181,81694.211608
T1 81694.210272,0.010879,81694.211650,81694.211693,81694.222572
T0 81694.180391,0.039360,81694.190207,81694.190301,81694.229662
T3 81694.205017,0.130383,81694.205391,81694.205472,81694.335869
T1 81694.320874,0.011984,81694.335943,81694.335989,81694.347974
T2 81694.309496,0.038573,81694.309680,81694.309691,81694.348264
T3 81694.367803,0.029241,81694.368000,81694.368010,81694.397251
T1 81694.393627,0.039507,81694.393679,81694.394241,81694.433749
T0 81694.325222,0.098938,81694.335951,81694.335996,81694.434934
T3 81694.437250,0.001526,81694.437281,81694.437324,81694.438850
T1 81694.439023,0.019360,81694.439154,81694.439173,81694.458534
T0 81694.454503,0.036599,81694.454554,81694.454994,81694.491594
T3 81694.552386,0.064074,81694.553123,81694.553196,81694.617271
T1 81694.578245,0.032108,81694.593361,81694.593417,81694.625539
T2 81694.416530,0.252011,81694.416687,81694.416699,81694.668711
T0 81694.712844,0.034806,81694.713027,81694.713040,81694.747846
T3 81694.737777,0.001054,81694.748189,81694.748615,81694.749669
T0 81694.733253,0.006618,81694.748128,81694.748198,81694.754816
T1 81694.736445,0.016698,81694.748160,81694.748227,81694.764926
T3 81694.739246,0.024739,81694.748193,81694.749696,81694.774435
T2 81694.779256,0.021623,81694.779935,81694.780082,81694.801706
T0 81694.756958,0.048869,81694.757069,81694.757082,81694.805951
T1 81694.804416,0.012196,81694.805181,81694.805295,81694.817492
T3 81694.822537,0.002787,81694.822759,81694.822770,81694.825557
T2 81694.865388,0.019733,81694.865585,81694.866086,81694.885821
T1 81694.917749,0.019972,81694.945371,81694.945456,81694.973285
T3 81694.905789,0.032715,81694.945337,81694.945398,81694.978113
T0 81694.904361,0.086254,81694.904579,81694.904614,81694.990868
T2 81694.921964,0.070559,81694.945391,81694.962256,81695.032816
T0 81695.124897,0.020705,81695.157395,81695.158172,81695.178878
T2 81695.117771,0.043221,81695.157357,81695.157462,81695.202900
T2 81695.202733,0.005404,81695.202777,81695.202970,81695.208374
T3 81695.143363,0.038848,81695.157420,81695.174228,81695.213076
T2 81695.225119,0.006368,81695.225170,81695.225700,81695.239083
T0 81695.176233,0.069905,81695.176284,81695.178912,81695.248818
T2 81695.264581,0.011888,81695.264635,81695.264684,81695.276572
T0 81695.281949,0.015364,81695.281999,81695.282134,81695.297499
T3 81695.229450,0.068646,81695.229471,81695.229740,81695.298387
T1 81695.116238,0.243663,81695.116417,81695.116599,81695.360263
T3 81695.379823,0.018812,81695.412326,81695.412384,81695.435378
T2 81695.371294,0.064690,81695.371403,81695.371436,81695.436185
T1 81695.425555,0.058640,81695.425599,81695.425648,81695.484288
T2 81695.477219,0.019860,81695.477291,81695.479103,81695.498964
T1 81695.493354,0.056448,81695.493399,81695.494103,81695.550552
T3 81695.468358,0.078751,81695.468407,81695.469164,81695.551155
T2 81695.535054,0.016368,81695.535101,81695.535184,81695.551552
T0 81695.404054,0.146696,81695.412376,81695.412467,81695.559164
T1 81695.599267,0.046975,81695.599419,81695.599451,81695.646426
T1 81695.646092,0.023937,81695.646119,81695.646449,81695.670387
T3 81695.599783,0.050901,81695.640430,81695.640442,81695.691351
T0 81695.658339,0.035194,81695.658384,81695.659102,81695.694297
T2 81695.694974,0.031487,81695.695018,81695.695174,81695.726696
T2 81695.721869,0.012108,81695.726745,81695.726761,81695.738869
T2 81695.836712,0.033515,81695.836755,81695.836815,81695.870332
T2 81695.844913,0.002671,81695.844966,81695.870431,81695.873102
T3 81695.760108,0.087405,81695.793280,81695.793397,81695.880802
T2 81695.885060,0.002503,81695.885125,81695.885190,81695.887713
T1 81695.713893,0.176496,81695.713937,81695.714013,81695.890510
T0 81695.752680,0.144746,81695.752903,81695.752914,81695.897660
T3 81695.890553,0.049121,81695.890607,81695.890616,81695.939738
T2 81695.941069,0.049760,81695.941163,81695.941173,81695.990934
T1 81695.953996,0.016644,81695.982254,81695.982364,81695.999008
T0 81695.963788,0.019131,81695.982304,81695.983230,81696.002361
T3 81696.028790,0.065264,81696.029465,81696.029548,81696.094812
T2 81696.089147,0.014680,81696.089586,81696.089627,81696.104308
T3 81696.216024,0.000591,81696.216046,81696.216584,81696.217175
T1 81696.174156,0.059824,81696.174326,81696.174705,81696.234530
T0 81696.177421,0.046998,81696.215361,81696.215435,81696.262434
T1 81696.251644,0.009175,81696.262574,81696.262597,81696.271773
T0 81696.293709,0.002399,81696.293876,81696.293887,81696.296287
T2 81696.220975,0.092861,81696.220993,81696.221326,81696.314187
T3 81696.244517,0.084449,81696.244570,81696.244690,81696.329140
T1 81696.321570,0.026713,81696.321655,81696.321757,81696.348471
T0 81696.350598,0.090106,81696.350772,81696.350884,81696.440990
T1 81696.387270,0.071958,81696.394211,81696.394257,81696.467783
T1 81696.414082,0.000746,81696.414138,81696.467814,81696.468560
T1 81696.416468,0.001906,81696.416499,81696.468572,81696.470478
T0 81696.410412,0.033057,81696.410455,81696.441038,81696.474097
T0 81696.431597,0.001472,81696.431648,81696.474117,81696.475589
T3 81696.370514,0.091427,81696.394182,81696.394247,81696.485675
T1 81696.423007,0.019429,81696.423048,81696.470484,81696.489914
T2 81696.353549,0.143998,81696.353920,81696.354022,81696.498020
T3 81696.540126,0.035809,81696.540291,81696.540301,81696.576111
T0 81696.467621,0.115211,81696.467670,81696.475607,81696.590818
T3 81696.541357,0.015569,81696.576166,81696.576211,81696.591781
T3 81696.604489,0.004788,81696.604539,81696.604654,81696.609442
T0 81696.578262,0.038033,81696.590919,81696.590939,81696.628994
T2 81696.628046,0.056715,81696.628093,81696.628215,81696.684931
T3 81696.641191,0.093050,81696.641244,81696.641397,81696.734447
T0 81696.711973,0.024470,81696.712026,81696.712075,81696.736551
T2 81696.738418,0.010934,81696.738455,81696.738929,81696.749864
T1 81696.588991,0.171895,81696.590927,81696.591741,81696.763637
T0 81696.774192,0.013112,81696.774303,81696.774779,81696.787892
T3 81696.769662,0.082078,81696.769708,81696.769836,81696.851914
T1 81696.851935,0.004736,81696.851959,81696.852371,81696.857107
T0 81696.860463,0.000162,81696.860634,81696.860650,81696.860812
T3 81696.867187,0.007899,81696.867289,81696.867299,81696.875241
T3 81696.870734,0.008726,81696.875320,81696.875370,81696.884096
T2 81696.805307,0.111660,81696.805354,81696.805825,81696.917486
T0 81696.933949,0.052128,81696.934107,81696.934118,81696.986247
T2 81696.983776,0.071271,81696.983834,81696.983924,81697.055196
T3 81696.978273,0.099359,81696.978854,81696.978905,81697.078264
T0 81697.066015,0.020311,81697.066061,81697.066106,81697.086417
T1 81696.963029,0.207392,81696.974344,81696.974433,81697.181827
T1 81697.165264,0.003102,81697.181877,81697.181924,81697.185027
T3 81697.179171,0.027020,81697.181911,81697.182300,81697.209321
T3 81697.217192,0.033628,81697.217269,81697.217724,81697.255230
T2 81697.149510,0.106262,81697.149692,81697.149735,81697.265284
T0 81697.170654,0.099078,81697.181882,81697.181925,81697.281004
T2 81697.293510,0.002269,81697.293559,81697.294005,81697.296275
T1 81697.187249,0.138036,81697.187274,81697.187516,81697.325552
T0 81697.317090,0.060089,81697.317131,81697.317210,81697.377300
T3 81697.245595,0.123996,81697.255349,81697.255783,81697.379780
T0 81697.444342,0.016926,81697.444389,81697.444435,81697.461362
T2 81697.385313,0.086545,81697.385530,81697.385658,81697.472203
T3 81697.461639,0.052551,81697.461665,81697.461700,81697.514252
T2 81697.514547,0.005509,81697.514567,81697.514899,81697.520408
T1 81697.391238,0.094201,81697.426390,81697.426453,81697.520655
T2 81697.532478,0.017580,81697.532525,81697.532849,81697.550430
T0 81697.510027,0.076692,81697.510101,81697.510203,81697.586896
T3 81697.528919,0.094178,81697.528970,81697.529158,81697.623337
T1 81697.645972,0.014553,81697.646019,81697.646175,81697.660729
T2 81697.710635,0.008998,81697.710801,81697.710928,81697.719926
T1 81697.745418,0.019150,81697.761307,81697.761380,81697.785202
T1 81697.766015,0.008357,81697.766114,81697.785263,81697.793621
T0 81697.715388,0.087739,81697.720046,81697.720149,81697.807889
T2 81697.758715,0.113466,81697.761363,81697.762304,81697.875771
T1 81697.866308,0.009069,81697.866355,81697.866904,81697.876581
T3 81697.748365,0.133693,81697.761346,81697.761492,81697.895194
T0 81697.890950,0.030389,81697.891016,81697.891116,81697.921506
T2 81697.992873,0.029631,81697.992923,81697.993068,81698.022700
T3 81698.032914,0.035419,81698.063274,81698.063371,81698.098790
T1 81697.993375,0.093582,81698.022896,81698.023004,81698.116717
T0 81698.059875,0.069026,81698.063283,81698.073217,81698.142243
T2 81698.030101,0.111616,81698.063240,81698.063290,81698.174907
T0 81698.230709,0.011381,81698.258249,81698.258302,81698.269684
T2 81698.229423,0.015300,81698.258215,81698.258298,81698.277067
T2 81698.254091,0.021331,81698.258296,81698.277099,81698.298452
T0 81698.253169,0.037725,81698.258280,81698.269719,81698.307445
T2 81698.260968,0.030548,81698.261024,81698.298578,81698.335086
T0 81698.277858,0.028648,81698.277924,81698.307468,81698.336117
T1 81698.237983,0.117452,81698.258253,81698.258325,81698.375777
T0 81698.311301,0.044323,81698.311349,81698.336127,81698.380451
T0 81698.345888,0.001934,81698.345954,81698.380501,81698.382435
T0 81698.346974,0.007110,81698.375868,81698.382450,81698.389560
T0 81698.363798,0.004852,81698.375872,81698.389572,81698.394425
T3 81698.217413,0.200813,81698.217460,81698.217545,81698.418358
T1 81698.336312,0.047847,81698.336356,81698.375975,81698.423823
T2 81698.285660,0.091588,81698.285709,81698.335114,81698.426703
T0 81698.436012,0.131351,81698.436165,81698.436186,81698.567537
T2 81698.578661,0.007786,81698.578706,81698.578751,81698.586538
T1 81698.513554,0.108591,81698.513608,81698.513663,81698.622255
T1 81698.589558,0.006405,81698.622309,81698.622346,81698.628752
T0 81698.586866,0.058165,81698.586915,81698.586967,81698.645133
T2 81698.590968,0.015836,81698.622332,81698.622431,81698.647192
T2 81698.650091,0.020755,81698.650140,81698.650255,81698.673096
T1 81698.597645,0.056671,81698.622333,81698.628795,81698.685466
T0 81698.614744,0.062142,81698.622334,81698.645160,81698.707302
T2 81698.653463,0.062983,81698.653485,81698.673151,81698.736135
T3 81698.463781,0.271541,81698.477464,81698.477536,81698.749078
T1 81698.675210,0.093739,81698.675239,81698.685564,81698.779304
T2 81698.757472,0.079054,81698.757525,81698.757968,81698.837023
T2 81698.818792,0.066459,81698.837082,81698.837125,81698.903585
T3 81698.815947,0.084423,81698.816001,81698.816050,81698.903677
T0 81698.746282,0.164354,81698.746332,81698.746448,81698.910803
T1 81698.877731,0.065057,81698.877767,81698.877780,81698.942837
T2 81698.914571,0.052862,81698.914744,81698.914754,81698.967617
T0 81698.976164,0.060771,81698.976244,81698.976477,81699.037249
T1 81699.019473,0.093387,81699.019500,81699.019522,81699.112918
T0 81699.097261,0.017208,81699.097295,81699.097388,81699.123056
T2 81699.050173,0.112694,81699.050223,81699.050335,81699.170101
T3 81698.950267,0.231088,81698.950314,81698.950374,81699.181463
T0 81699.123809,0.058125,81699.123888,81699.123935,81699.182128
T3 81699.129681,0.005995,81699.165270,81699.181531,81699.187526
T3 81699.157620,0.016779,81699.165274,81699.187540,81699.204319
T1 81699.100709,0.093421,81699.100732,81699.112990,81699.206412
T2 81699.124073,0.040363,81699.124088,81699.170135,81699.213162
T3 81699.159802,0.009366,81699.165279,81699.204344,81699.213710
T1 81699.180305,0.026953,81699.180359,81699.206420,81699.233374
T0 81699.143714,0.066538,81699.165273,81699.182141,81699.248680
T3 81699.247298,0.050675,81699.247359,81699.247438,81699.298114
T2 81699.183235,0.092633,81699.183256,81699.213172,81699.305805
T0 81699.270293,0.017305,81699.292285,81699.292333,81699.309639
T3 81699.297035,0.018187,81699.297110,81699.298146,81699.316333
T1 81699.251662,0.071001,81699.251692,81699.251757,81699.322759
T2 81699.313966,0.016799,81699.314013,81699.314082,81699.330881
T0 81699.318120,0.014724,81699.318173,81699.318288,81699.333012
T2 81699.350592,0.016849,81699.350622,81699.355158,81699.372007
T1 81699.347625,0.043277,81699.347671,81699.348227,81699.391505
T3 81699.324283,0.074144,81699.324336,81699.325330,81699.399475
T3 81699.409936,0.006937,81699.409982,81699.410788,81699.417726
T2 81699.371263,0.038139,81699.372061,81699.381191,81699.419331
T1 81699.385111,0.032188,81699.391593,81699.391616,81699.423804
T0 81699.367351,0.099700,81699.372055,81699.372064,81699.471765
T2 81699.484553,0.040107,81699.484721,81699.484747,81699.524855
T0 81699.545096,0.014916,81699.545208,81699.545256,81699.560172
T1 81699.506072,0.058677,81699.506696,81699.506744,81699.565421
T3 81699.456332,0.125661,81699.456589,81699.456606,81699.582267
T0 81699.550953,0.084615,81699.560263,81699.560302,81699.644918
T1 81699.588872,0.058330,81699.588914,81699.589040,81699.647370
T3 81699.592486,0.019340,81699.629305,81699.629360,81699.648700
T1 81699.676254,0.002269,81699.676303,81699.676410,81699.678679
T2 81699.567124,0.120802,81699.567174,81699.568019,81699.688822
T0 81699.598432,0.074062,81699.629353,81699.644969,81699.719032
T0 81699.716592,0.000884,81699.719080,81699.719105,81699.719989
T3 81699.679076,0.040383,81699.679100,81699.679136,81699.723536
T1 81699.690882,0.033172,81699.690931,81699.690980,81699.724152
T2 81699.701860,0.065374,81699.701900,81699.702130,81699.773412
T1 81699.727761,0.059096,81699.727815,81699.727860,81699.786957
T0 81699.717149,0.090784,81699.719093,81699.720006,81699.810791
T2 81699.766065,0.036536,81699.766112,81699.773485,81699.812109
T3 81699.723368,0.094753,81699.723400,81699.723565,81699.818319
T1 81699.780063,0.044581,81699.780155,81699.786990,81699.831572
T2 81699.833952,0.019791,81699.834032,81699.834136,81699.853927
T3 81699.848219,0.037407,81699.848260,81699.849157,81699.886592
T0 81699.793327,0.089507,81699.793402,81699.810850,81699.900357
T0 81699.970563,0.003325,81699.977150,81699.977283,81699.980608
T0 81699.970725,0.020315,81699.977286,81699.980649,81700.000965
T1 81699.885246,0.140569,81699.885293,81699.886240,81700.026992
T3 81699.885861,0.159827,81699.886627,81699.886662,81700.046525
T3 81700.012812,0.015570,81700.027057,81700.046722,81700.062293
T1 81700.010936,0.041945,81700.011011,81700.027733,81700.069679
T2 81699.936748,0.141775,81699.936851,81699.937210,81700.078985
T3 81700.085081,0.004057,81700.085619,81700.085763,81700.089821
T1 81700.099220,0.008798,81700.099269,81700.099441,81700.108240
T0 81699.989307,0.122297,81699.989354,81700.001047,81700.123345
T2 81700.102692,0.036552,81700.102724,81700.102764,81700.139317
T3 81700.142654,0.008438,81700.142701,81700.142881,81700.151320
T1 81700.173578,0.030455,81700.173780,81700.173899,81700.204355
T0 81700.176802,0.036131,81700.176953,81700.176963,81700.213095
T2 81700.297432,0.065864,81700.297583,81700.297709,81700.363574
T0 81700.370504,0.024269,81700.370552,81700.370598,81700.394868
T3 81700.338874,0.080092,81700.339051,81700.339068,81700.419161
T1 81700.340236,0.109821,81700.340301,81700.340843,81700.450665
T0 81700.457070,0.019691,81700.457197,81700.457270,81700.476962
T2 81700.408976,0.071571,81700.409039,81700.409107,81700.480678
T0 81700.476271,0.008618,81700.477161,81700.477183,81700.485801
T1 81700.483738,0.009301,81700.483774,81700.483937,81700.493239
T1 81700.529324,0.000956,81700.560892,81700.560993,81700.561949
T0 81700.521524,0.039172,81700.521650,81700.521660,81700.560832
T0 81700.534995,0.009339,81700.560988,81700.571294,81700.580634
T0 81700.540350,0.008871,81700.560988,81700.580664,81700.590252
T0 81700.548863,0.002637,81700.560990,81700.590279,81700.592916
T1 81700.533233,0.083616,81700.560987,81700.561997,81700.651100
T0 81700.580187,0.064762,81700.580252,81700.592937,81700.661175
T2 81700.506412,0.177105,81700.506600,81700.506678,81700.683784
T1 81700.641210,0.041819,81700.641257,81700.651173,81700.693151
T0 81700.692546,0.046752,81700.692564,81700.692610,81700.739362
T2 81700.718450,0.029446,81700.718498,81700.718636,81700.748083
T3 81700.473407,0.314409,81700.473452,81700.473656,81700.788068
T1 81700.800277,0.025554,81700.800358,81700.800453,81700.826007
T0 81700.812908,0.031123,81700.826188,81700.826302,81700.857426
T2 81700.852777,0.000476,81700.857573,81700.857927,81700.858404
T0 81700.893029,0.002438,81700.907223,81700.907335,81700.909773
T1 81700.898418,0.027835,81700.907273,81700.907400,81700.935236
T2 81700.972505,0.003505,81700.972675,81700.972689,81700.976195
T3 81700.866605,0.166558,81700.866943,81700.866952,81701.033511
T0 81700.996846,0.052851,81700.997358,81700.997373,81701.050227
T2 81701.070383,0.008022,81701.070535,81701.070546,81701.078569
T1 81701.012953,0.048387,81701.033721,81701.033731,81701.082119
T3 81701.117349,0.035441,81701.117542,81701.117563,81701.153005
T3 81701.164851,0.002537,81701.199429,81701.199522,81701.202059
T3 81701.208703,0.001284,81701.208753,81701.208836,81701.210121
T2 81701.179720,0.010867,81701.199486,81701.202112,81701.212979
T0 81701.158705,0.056558,81701.158952,81701.158993,81701.215551
T3 81701.218334,0.003338,81701.218432,81701.218477,81701.221816
T0 81701.261231,0.005851,81701.261387,81701.261398,81701.267249
T0 81701.263463,0.014603,81701.267295,81701.267310,81701.281914
T1 81701.172101,0.094495,81701.199465,81701.199543,81701.294038
T1 81701.384858,0.006735,81701.390279,81701.390327,81701.397063
T0 81701.353979,0.069069,81701.390255,81701.390320,81701.459390
T3 81701.349231,0.111895,81701.349862,81701.349872,81701.461768
T2 81701.242903,0.253950,81701.243098,81701.243173,81701.497124
T0 81701.486618,0.012691,81701.497330,81701.497338,81701.510030
T3 81701.523753,0.037614,81701.523841,81701.523932,81701.561547
T1 81701.472607,0.091911,81701.472931,81701.472939,81701.564851
T2 81701.646167,0.010459,81701.646393,81701.646413,81701.656873
T2 81701.741563,0.005758,81701.741616,81701.741664,81701.747423
T1 81701.688481,0.029902,81701.723325,81701.723390,81701.753293
T2 81701.769736,0.013784,81701.769926,81701.769937,81701.783721
T3 81701.695895,0.112749,81701.723381,81701.723444,81701.836194
T0 81701.682030,0.168897,81701.682248,81701.682273,81701.851254
T3 81701.850830,0.010705,81701.851377,81701.851406,81701.862112
T1 81701.838300,0.026315,81701.838886,81701.838940,81701.865256
T0 81701.843536,0.014213,81701.851326,81701.851398,81701.865611
T3 81701.889658,0.009977,81701.889839,81701.890084,81701.900061
T1 81701.892261,0.002410,81701.900186,81701.900248,81701.902659
T2 81701.870711,0.056607,81701.870972,81701.871385,81701.927993
T3 81701.917401,0.002722,81701.928086,81701.928094,81701.930816
T0 81701.907374,0.087927,81701.907480,81701.907493,81701.995421
T0 81702.003704,0.018126,81702.036213,81702.036220,81702.054346
T2 81701.978191,0.076579,81701.995608,81701.995624,81702.072204
T1 81701.976635,0.104819,81701.976811,81701.977181,81702.082000
T1 81702.054800,0.006373,81702.054819,81702.082017,81702.088390
T0 81702.041224,0.041561,81702.041255,81702.054373,81702.095935
T3 81702.001810,0.077495,81702.036171,81702.036218,81702.113714
T3 81702.109279,0.002487,81702.109338,81702.113751,81702.116239
T0 81702.088827,0.022232,81702.088846,81702.095962,81702.118195
T3 81702.112093,0.045166,81702.112131,81702.116249,81702.165359
T3 81702.169076,0.008280,81702.169124,81702.169194,81702.177474
T2 81702.048685,0.107407,81702.048717,81702.072260,81702.179667
T1 81702.085146,0.093749,81702.085175,81702.088403,81702.182153
T0 81702.133932,0.050769,81702.133977,81702.134023,81702.184792
T3 81702.209674,0.004309,81702.209694,81702.209808,81702.214117
T2 81702.240965,0.042521,81702.241246,81702.241583,81702.284104
T1 81702.347462,0.001636,81702.347598,81702.347631,81702.349267
T0 81702.351543,0.063155,81702.351678,81702.351687,81702.414843
T3 81702.367796,0.036254,81702.392318,81702.392403,81702.428658
T2 81702.413609,0.041699,81702.413641,81702.413685,81702.455385
T0 81702.479255,0.000959,81702.479312,81702.479416,81702.480375
T1 81702.432758,0.067895,81702.432837,81702.432988,81702.500884
T3 81702.483237,0.081338,81702.483257,81702.483280,81702.564618
T2 81702.509905,0.069382,81702.509946,81702.510501,81702.580432
T0 81702.514031,0.055065,81702.550239,81702.550347,81702.605413
T2 81702.579748,0.029195,81702.579796,81702.580472,81702.609667
T0 81702.591103,0.006085,81702.591161,81702.605474,81702.611596
T1 81702.545654,0.054083,81702.550282,81702.564911,81702.618995
T3 81702.542476,0.068158,81702.550273,81702.564700,81702.632859
T3 81702.631422,0.020226,81702.631458,81702.632889,81702.653118
T1 81702.653508,0.000307,81702.653555,81702.653599,81702.653906
T0 81702.625331,0.042807,81702.625613,81702.625623,81702.668431
T3 81702.678932,0.027528,81702.679012,81702.679162,81702.706691
T1 81702.680440,0.040472,81702.680460,81702.680504,81702.720976
T0 81702.700531,0.020899,81702.706773,81702.706836,81702.727738
T2 81702.600813,0.205211,81702.605462,81702.609720,81702.814931
T3 81702.822687,0.006348,81702.822847,81702.823134,81702.829483
T0 81702.844549,0.034585,81702.873416,81702.873496,81702.908082
T2 81702.913748,0.042518,81702.913866,81702.913880,81702.956398
T1 81702.832331,0.128714,81702.832456,81702.832610,81702.961325
T1 81702.959518,0.053328,81702.959610,81702.961369,81703.014698
T3 81702.944132,0.076488,81702.954160,81702.954268,81703.030757
T0 81702.975538,0.067949,81702.975632,81702.976507,81703.044457
T2 81702.949152,0.107248,81702.954207,81702.956422,81703.063671
T0 81703.061344,0.016622,81703.061434,81703.062473,81703.079101
T2 81703.079965,0.005417,81703.080120,81703.080168,81703.085586
T0 81703.089842,0.021555,81703.090007,81703.090611,81703.112168
T1 81702.986300,0.126345,81703.014758,81703.014771,81703.141117
T0 81703.119770,0.036193,81703.119853,81703.120338,81703.156532
T2 81703.099332,0.083245,81703.099543,81703.099592,81703.182837
T1 81703.183495,0.011332,81703.183521,81703.183650,81703.194983
T3 81703.026209,0.171431,81703.030846,81703.031234,81703.202665
T1 81703.188071,0.035977,81703.195042,81703.195086,81703.231064
T0 81703.219512,0.009870,81703.231123,81703.231975,81703.251099
T0 81703.247188,0.001446,81703.251155,81703.251172,81703.252618
T2 81703.215322,0.040710,81703.215405,81703.215452,81703.256162
T3 81703.223374,0.029586,81703.231922,81703.241244,81703.270830
T0 81703.248989,0.024492,81703.251158,81703.252666,81703.277158
T1 81703.219140,0.080649,81703.231118,81703.231940,81703.312590
T3 81703.292125,0.034473,81703.292285,81703.292296,81703.326770
T2 81703.251995,0.103116,81703.252656,81703.256207,81703.359323
T1 81703.352036,0.007581,81703.352152,81703.352227,81703.359808
T0 81703.302249,0.081142,81703.302296,81703.302341,81703.383484
T3 81703.393328,0.003626,81703.393484,81703.393494,81703.397130
T2 81703.457145,0.028230,81703.457285,81703.457298,81703.485529
T1 81703.475520,0.025208,81703.485679,81703.485786,81703.510995
T0 81703.533063,0.001686,81703.533206,81703.533218,81703.534904
T3 81703.612423,0.043479,81703.612572,81703.612584,81703.656063
T1 81703.658719,0.040876,81703.658811,81703.658848,81703.699724
T1 81703.683046,0.005837,81703.699384,81703.699754,81703.705591
T0 81703.662807,0.015572,81703.699359,81703.699391,81703.714964
T2 81703.637283,0.064614,81703.653431,81703.653530,81703.718144
T1 81703.719261,0.080391,81703.719765,81703.719936,81703.800328
T2 81703.763187,0.034092,81703.794191,81703.794278,81703.828371
T1 81703.794872,0.037742,81703.794912,81703.800369,81703.838112
T3 81703.753289,0.084823,81703.753929,81703.753939,81703.838762
T2 81703.809316,0.010499,81703.809362,81703.828532,81703.839061
T1 81703.818955,0.011303,81703.828431,81703.838147,81703.849450
T3 81703.849033,0.008807,81703.849114,81703.849202,81703.858009
T2 81703.857290,0.007546,81703.857322,81703.857410,81703.864957
T0 81703.757502,0.120543,81703.794151,81703.794274,81703.914817
T3 81703.906786,0.008495,81703.906834,81703.907317,81703.915813
T1 81703.884595,0.043406,81703.884636,81703.884740,81703.928147
T0 81703.916847,0.017763,81703.916873,81703.916970,81703.934733
T2 81703.912054,0.063541,81703.914893,81703.914997,81703.978539
T1 81703.983579,0.000780,81703.983610,81703.983704,81703.984484
T3 81703.974654,0.026185,81703.974765,81703.975321,81704.001507
T0 81704.006331,0.016484,81704.006498,81704.006507,81704.022993
T1 81704.071997,0.000106,81704.072152,81704.072284,81704.072439
T2 81704.026208,0.053434,81704.026342,81704.026614,81704.080054
T3 81704.074966,0.077330,81704.075088,81704.075102,81704.152432
T3 81704.131742,0.027579,81704.138163,81704.152492,81704.180071
T1 81704.116449,0.078851,81704.138127,81704.138167,81704.217019
T0 81704.097767,0.184876,81704.097962,81704.098185,81704.283072
T3 81704.279311,0.049641,81704.279358,81704.279402,81704.329044
T1 81704.283819,0.061298,81704.283837,81704.283888,81704.345186
T3 81704.312792,0.023170,81704.324309,81704.329099,81704.352270
T2 81704.126820,0.219290,81704.138146,81704.147258,81704.366548
T0 81704.306359,0.066831,81704.324265,81704.324317,81704.391208
T2 81704.413321,0.013491,81704.413370,81704.413419,81704.426911
T1 81704.366536,0.068205,81704.366585,81704.366676,81704.434882
T3 81704.383163,0.066315,81704.383213,81704.383317,81704.449633
T2 81704.417906,0.055421,81704.426969,81704.427354,81704.482775
T0 81704.455433,0.041642,81704.455513,81704.455997,81704.497640
T2 81704.508828,0.003293,81704.508878,81704.509097,81704.512390
T1 81704.475293,0.047707,81704.475339,81704.476010,81704.523718
T2 81704.577777,0.001683,81704.577811,81704.577935,81704.579618
T0 81704.522836,0.063440,81704.522884,81704.523018,81704.586458
T3 81704.486069,0.111867,81704.486094,81704.486141,81704.598010
T0 81704.680315,0.001066,81704.680367,81704.680414,81704.681480
T1 81704.630481,0.095825,81704.630682,81704.630732,81704.726558
T0 81704.720743,0.027645,81704.726663,81704.726674,81704.754320
T3 81704.698290,0.058896,81704.698339,81704.698386,81704.757283
T2 81704.663744,0.096696,81704.671371,81704.671449,81704.768167
T1 81704.759284,0.012106,81704.759336,81704.759639,81704.771745
T2 81704.766315,0.019369,81704.768216,81704.768346,81704.787716
T0 81704.761181,0.065991,81704.761214,81704.761771,81704.827763
T1 81704.847181,0.060133,81704.847336,81704.847442,81704.907575
T3 81704.941492,0.033340,81704.941667,81704.941678,81704.975019
T2 81705.069192,0.019103,81705.069411,81705.069524,81705.088628
T3 81705.087199,0.004130,81705.088877,81705.090190,81705.094320
T0 81705.080751,0.034998,81705.088872,81705.088893,81705.123892
T1 81705.077735,0.089218,81705.088748,81705.088882,81705.178101
T0 81705.158597,0.042132,81705.178174,81705.178223,81705.220355
T2 81705.148404,0.069912,81705.148638,81705.148647,81705.220427
T3 81705.183820,0.004617,81705.218290,81705.218337,81705.222954
T0 81705.225306,0.021230,81705.225357,81705.225947,81705.247203
T2 81705.249612,0.021453,81705.249691,81705.249825,81705.271279
T1 81705.155309,0.131975,81705.178167,81705.178217,81705.310193
T3 81705.290720,0.092649,81705.290738,81705.290863,81705.383512
T1 81705.384696,0.014521,81705.384715,81705.385175,81705.402269
T2 81705.353171,0.036025,81705.371358,81705.371406,81705.412114
T2 81705.392252,0.007165,81705.402326,81705.412175,81705.419341
T3 81705.376456,0.039412,81705.376479,81705.383593,81705.423006
T1 81705.391307,0.032494,81705.402324,81705.402756,81705.435272
T3 81705.425296,0.011522,81705.425344,81705.425665,81705.437187
T0 81705.330599,0.140497,81705.330800,81705.331189,81705.471687
T2 81705.415124,0.075799,81705.415185,81705.419381,81705.495193
T1 81705.452795,0.097996,81705.452863,81705.453681,81705.551678
T0 81705.592306,0.041578,81705.592402,81705.592614,81705.634192
T1 81705.655516,0.007078,81705.655572,81705.655643,81705.662722
T2 81705.634295,0.042403,81705.634474,81705.634502,81705.676906
T3 81705.505976,0.178882,81705.506000,81705.506093,81705.684976
T0 81705.684285,0.028380,81705.684419,81705.684432,81705.712813
T3 81705.769812,0.002292,81705.792400,81705.792524,81705.794816
T1 81705.751932,0.058302,81705.751987,81705.752138,81705.810441
T2 81705.778615,0.095660,81705.792477,81705.792534,81705.888195
T1 81705.841494,0.028084,81705.868175,81705.868220,81705.901382
T3 81705.827617,0.073785,81705.827667,81705.827783,81705.901568
T3 81705.875936,0.011168,81705.875968,81705.901574,81705.912742
T0 81705.805414,0.109981,81705.805462,81705.805533,81705.915514
T3 81705.894302,0.021609,81705.894363,81705.913172,81705.934816
T1 81705.853484,0.040964,81705.868214,81705.901438,81705.942403
T2 81705.845673,0.062033,81705.868208,81705.888242,81705.950276
T0 81705.933576,0.064338,81705.933626,81705.934346,81705.998685
T0 81705.970042,0.020511,81705.970090,81705.998738,81706.019250
T3 81705.935324,0.093876,81705.935346,81705.935437,81706.029313
T1 81705.945946,0.099918,81705.945991,81705.946034,81706.045952
T2 81705.955261,0.141765,81705.955285,81705.955326,81706.097092
T0 81706.122616,0.032440,81706.122730,81706.122800,81706.155240
T0 81706.156216,0.004191,81706.196245,81706.196361,81706.200553
T1 81706.135501,0.052599,81706.155406,81706.155917,81706.208517
T3 81706.136235,0.052935,81706.155817,81706.156088,81706.209023
T1 81706.248107,0.005327,81706.248236,81706.248249,81706.253576
T0 81706.196432,0.057514,81706.196459,81706.200591,81706.258127
T2 81706.175242,0.115579,81706.196285,81706.196361,81706.311941
T0 81706.304864,0.008325,81706.312043,81706.312143,81706.320469
T2 81706.302145,0.027701,81706.312009,81706.312061,81706.339762
T0 81706.312190,0.040973,81706.320515,81706.320604,81706.361578
T3 81706.259095,0.112173,81706.259206,81706.259215,81706.371388
T2 81706.316610,0.028783,81706.320589,81706.339825,81706.368609
T1 81706.272802,0.108348,81706.272851,81706.272897,81706.381246
T0 81706.316633,0.027167,81706.320592,81706.368671,81706.395839
T3 81706.331636,0.027255,81706.339813,81706.371428,81706.398684
T2 81706.344592,0.069995,81706.368684,81706.372009,81706.442005
T1 81706.382757,0.075842,81706.382803,81706.382853,81706.459183
T0 81706.444478,0.027207,81706.444546,81706.444591,81706.471798
T1 81706.492904,0.021682,81706.514410,81706.514457,81706.536139
T0 81706.537587,0.007473,81706.537986,81706.538067,81706.545541
T1 81706.566809,0.002757,81706.566866,81706.566919,81706.569687
T3 81706.458642,0.118911,81706.459983,81706.460101,81706.579012
T0 81706.583235,0.006007,81706.583309,81706.583380,81706.589388
T1 81706.584280,0.006780,81706.584307,81706.584465,81706.591291
T2 81706.474057,0.186348,81706.474332,81706.474343,81706.660691
T3 81706.660049,0.009649,81706.660274,81706.660283,81706.669932
T1 81706.690231,0.016466,81706.690293,81706.690457,81706.706924
T2 81706.726295,0.008635,81706.727027,81706.727233,81706.735869
T0 81706.681166,0.058200,81706.681249,81706.681364,81706.739565
T3 81706.730290,0.035099,81706.736455,81706.736463,81706.771563
T1 81706.762869,0.030392,81706.762950,81706.763000,81706.793405
T2 81706.786417,0.032348,81706.786499,81706.786655,81706.819004
T0 81706.794679,0.054223,81706.794896,81706.794944,81706.849167
T3 81706.802082,0.055397,81706.819645,81706.819777,81706.875174
T1 81706.863366,0.025217,81706.863525,81706.863536,81706.888753
T2 81706.886272,0.023691,81706.886326,81706.886414,81706.910119
T0 81706.914484,0.018198,81706.914663,81706.914672,81706.932871
T3 81706.951908,0.011210,81706.952090,81706.952202,81706.963413
T2 81706.983792,0.017680,81706.983876,81706.983981,81707.001663
T1 81706.971660,0.039808,81706.971821,81706.971906,81707.011714
T1 81707.042265,0.011671,81707.065343,81707.065399,81707.085057
T0 81706.994158,0.095738,81707.001850,81707.001861,81707.097644
T2 81707.063434,0.054804,81707.065353,81707.065406,81707.120211
T2 81707.088379,0.027931,81707.088403,81707.120268,81707.148200
T3 81707.024710,0.156108,81707.024768,81707.024899,81707.181008
T2 81707.101890,0.049425,81707.101919,81707.148284,81707.197710
T3 81707.116797,0.019136,81707.120254,81707.190278,81707.209415
T1 81707.070785,0.137690,81707.070820,81707.085089,81707.222780
T0 81707.083235,0.145577,81707.083291,81707.097733,81707.243311
T2 81707.119431,0.053810,81707.120257,81707.197790,81707.251601
T1 81707.162989,0.030998,81707.190252,81707.222837,81707.253835
T0 81707.164127,0.040225,81707.190257,81707.243340,81707.283566
T2 81707.171897,0.046713,81707.190260,81707.251624,81707.298338
T2 81707.267998,0.023766,81707.268022,81707.298366,81707.322133
T2 81707.323350,0.023097,81707.323447,81707.323455,81707.351105
T3 81707.129043,0.143512,81707.148270,81707.209537,81707.353049
T0 81707.204346,0.075114,81707.209522,81707.283655,81707.358770
T1 81707.201339,0.188471,81707.201374,81707.253846,81707.442317
T0 81707.391815,0.011533,81707.430155,81707.430203,81707.442382
T1 81707.456584,0.017688,81707.456791,81707.457008,81707.474696
T2 81707.363639,0.175077,81707.363722,81707.363876,81707.538954
T0 81707.519356,0.019346,81707.519401,81707.519761,81707.539371
T3 81707.389206,0.153173,81707.389300,81707.389354,81707.542528
T1 81707.546781,0.064350,81707.546835,81707.547231,81707.611582
T2 81707.617176,0.012644,81707.617320,81707.617330,81707.629975
T0 81707.644806,0.021766,81707.644994,81707.645657,81707.667425
T1 81707.663015,0.026820,81707.667604,81707.667627,81707.694448
T3 81707.658022,0.027193,81707.667596,81707.667614,81707.694808
T2 81707.708691,0.032491,81707.708861,81707.708874,81707.741366
T0 81707.805677,0.003835,81707.805859,81707.805888,81707.809723
T3 81707.822837,0.016728,81707.851452,81707.851466,81707.868196
T2 81707.874384,0.043916,81707.874518,81707.874733,81707.918650
T1 81707.806366,0.131032,81707.809900,81707.810076,81707.941109
T2 81707.935029,0.030859,81707.935105,81707.935157,81707.966016
T3 81707.913120,0.058570,81707.915162,81707.915427,81707.973997
T0 81707.884351,0.111305,81707.915140,81707.915168,81708.026474
T1 81707.985607,0.068169,81707.985663,81707.985709,81708.053879
T2 81708.046943,0.037756,81708.047033,81708.047192,81708.084949
T3 81708.085527,0.057650,81708.085701,81708.086178,81708.143829
T0 81708.087506,0.060856,81708.087644,81708.087653,81708.148510
T2 81708.160008,0.003871,81708.160274,81708.160286,81708.164158
T2 81708.163389,0.001454,81708.164196,81708.164210,81708.165701
T1 81708.095522,0.050662,81708.128403,81708.128415,81708.179078
T2 81708.181626,0.035865,81708.181828,81708.181837,81708.217703
T3 81708.161725,0.102728,81708.161986,81708.162543,81708.265271
T0 81708.193414,0.081612,81708.193462,81708.193510,81708.275123
T0 81708.235761,0.004857,81708.259354,81708.275151,81708.280009
T2 81708.212217,0.068272,81708.217751,81708.229115,81708.297387
T2 81708.278944,0.019971,81708.278986,81708.297412,81708.317383
T0 81708.263503,0.032899,81708.263543,81708.280083,81708.317635
T3 81708.214827,0.067966,81708.217753,81708.265306,81708.333273
T0 81708.307902,0.017222,81708.307953,81708.317641,81708.334863
T2 81708.300815,0.018669,81708.300859,81708.317438,81708.336108
T3 81708.361013,0.006011,81708.361080,81708.361231,81708.367243
T1 81708.196460,0.153612,81708.217747,81708.217756,81708.371368
T0 81708.509783,0.116995,81708.510128,81708.510290,81708.627286
T2 81708.654818,0.002679,81708.655310,81708.655503,81708.658183
T3 81708.692457,0.082174,81708.692652,81708.692873,81708.775048
T1 81708.795981,0.031539,81708.796444,81708.796670,81708.828215
T0 81708.865870,0.015992,81708.866155,81708.866171,81708.882164
T1 81709.022603,0.009142,81709.022633,81709.022765,81709.031908
T3 81709.020298,0.027144,81709.020350,81709.020379,81709.047524
T2 81708.914749,0.138891,81708.914925,81708.915028,81709.053920
T0 81709.082742,0.028081,81709.082916,81709.083001,81709.111082
T3 81709.152891,0.021041,81709.153273,81709.153402,81709.174444
T2 81709.172996,0.003920,81709.173052,81709.173648,81709.177568
T1 81709.087668,0.080582,81709.111253,81709.111345,81709.191928
T0 81709.182081,0.035551,81709.182404,81709.182556,81709.218108
T2 81709.225724,0.024137,81709.225770,81709.225948,81709.250086
T3 81709.212373,0.037976,81709.212535,81709.212650,81709.250626
T0 81709.306822,0.015377,81709.310574,81709.311281,81709.326667
T2 81709.297642,0.025177,81709.310490,81709.310716,81709.335895
T1 81709.269413,0.079368,81709.269499,81709.269598,81709.348967
T0 81709.364048,0.001919,81709.364186,81709.364196,81709.366116
T3 81709.357795,0.073860,81709.357851,81709.358026,81709.431886
T3 81709.401232,0.006602,81709.431947,81709.431999,81709.438605
T2 81709.399835,0.062295,81709.400018,81709.400061,81709.462357
T1 81709.514814,0.011224,81709.542615,81709.542701,81709.553925
T3 81709.505467,0.017471,81709.542578,81709.542641,81709.560113
T2 81709.527240,0.023732,81709.542636,81709.554159,81709.577891
T3 81709.548570,0.012253,81709.548642,81709.560418,81709.577937
T0 81709.501526,0.100868,81709.501669,81709.501747,81709.602615
T2 81709.609499,0.016523,81709.609545,81709.610293,81709.626892
T1 81709.524459,0.085462,81709.542619,81709.553962,81709.639425
T3 81709.668499,0.058076,81709.668634,81709.668834,81709.726911
T0 81709.706010,0.025113,81709.709497,81709.709641,81709.734755
T1 81709.753480,0.020041,81709.753701,81709.753709,81709.773751
T1 81709.805511,0.007974,81709.836216,81709.836477,81709.844762
T1 81709.806389,0.000296,81709.836221,81709.844817,81709.845149
T2 81709.735565,0.150688,81709.735811,81709.735819,81709.895216
T1 81709.835649,0.078456,81709.836231,81709.845180,81709.923636
T1 81709.900126,0.009293,81709.900171,81709.923692,81709.932985
T2 81709.844260,0.041266,81709.844313,81709.895273,81709.936539
T1 81709.902676,0.010045,81709.923708,81709.933015,81709.943070
T2 81709.941679,0.018375,81709.941763,81709.941842,81709.960217
T0 81709.802552,0.148024,81709.836176,81709.836228,81709.984253
T3 81709.795860,0.246465,81709.796037,81709.796083,81710.042549
T0 81710.105493,0.016033,81710.106102,81710.106136,81710.122170
T2 81710.085285,0.029588,81710.103433,81710.103531,81710.133120
T0 81710.114479,0.047877,81710.115079,81710.122197,81710.170115
T1 81710.062903,0.107281,81710.063074,81710.063230,81710.170511
T2 81710.144513,0.030776,81710.145118,81710.145206,81710.175982
T3 81710.110469,0.088223,81710.111106,81710.111157,81710.199381
T1 81710.264640,0.002478,81710.264823,81710.265175,81710.267653
T2 81710.281087,0.032969,81710.281255,81710.281296,81710.314273
T3 81710.358872,0.046315,81710.359116,81710.359124,81710.417165
T1 81710.383084,0.022443,81710.399272,81710.399317,81710.421760
T2 81710.364876,0.031448,81710.399267,81710.399316,81710.431297
T3 81710.396767,0.032930,81710.399303,81710.417218,81710.450841
T0 81710.185467,0.267508,81710.186028,81710.186039,81710.453547
T2 81710.418132,0.036684,81710.418155,81710.431329,81710.468013
T3 81710.447727,0.012702,81710.447774,81710.450870,81710.475209
T1 81710.397602,0.078445,81710.399310,81710.421787,81710.500232
T0 81710.450651,0.048926,81710.450689,81710.453560,81710.502487
T2 81710.464719,0.041882,81710.464783,81710.468094,81710.509977
T3 81710.494900,0.081642,81710.494950,81710.494994,81710.576637
T0 81710.570629,0.009655,81710.576938,81710.576955,81710.586611
T3 81710.591384,0.006070,81710.599492,81710.599500,81710.605570
T1 81710.556866,0.041926,81710.556943,81710.557513,81710.599440
T0 81710.585442,0.022878,81710.586649,81710.586730,81710.609609
T2 81710.586235,0.032666,81710.586715,81710.586783,81710.619450
T3 81710.605947,0.047245,81710.605975,81710.606370,81710.653616
T1 81710.694789,0.030006,81710.694946,81710.695050,81710.725057
T0 81710.729213,0.006055,81710.729362,81710.729408,81710.735464
T2 81710.731520,0.005652,81710.735554,81710.735651,81710.741305
T3 81710.776878,0.021092,81710.777063,81710.777076,81710.798169
T1 81710.801512,0.015117,81710.801680,81710.801792,81710.816910
T2 81710.917509,0.015522,81710.917575,81710.917997,81710.933520
T3 81710.935614,0.008495,81710.935656,81710.935711,81710.944206
T1 81710.962023,0.036749,81710.962200,81710.962211,81710.998961
T2 81711.010702,0.013077,81711.010925,81711.011480,81711.024558
T3 81711.098409,0.024035,81711.098601,81711.098611,81711.122648
T2 81711.101028,0.006132,81711.123106,81711.123149,81711.129282
T3 81711.152569,0.008978,81711.152622,81711.152669,81711.161648
T1 81711.115163,0.042972,81711.123142,81711.123167,81711.166140
T0 81710.863482,0.307689,81710.863655,81710.863680,81711.171370
T2 81711.177154,0.040779,81711.177385,81711.178224,81711.219004
T3 81711.209093,0.026315,81711.209224,81711.209235,81711.235551
T2 81711.270108,0.006378,81711.290423,81711.290472,81711.296850
T0 81711.250002,0.086236,81711.250018,81711.250123,81711.336360
T1 81711.249660,0.096131,81711.249841,81711.249942,81711.346073
T0 81711.362702,0.001520,81711.398378,81711.398486,81711.400007
T3 81711.357626,0.098051,81711.357835,81711.357909,81711.455960
T1 81711.428378,0.032617,81711.428427,81711.428492,81711.461109
T0 81711.437990,0.007019,81711.456017,81711.456064,81711.463084
T2 81711.375722,0.100468,81711.398445,81711.400115,81711.500584
T1 81711.653948,0.004594,81711.654029,81711.654458,81711.659058
T3 81711.438681,0.203842,81711.456051,81711.461319,81711.665162
T1 81711.678607,0.006025,81711.707395,81711.707453,81711.713479
T1 81711.696237,0.001749,81711.707434,81711.713526,81711.715276
T1 81711.705096,0.002751,81711.707448,81711.715297,81711.727066
T0 81711.666243,0.072806,81711.666360,81711.666505,81711.739312
T3 81711.717076,0.022690,81711.717116,81711.717158,81711.739849
T2 81711.684805,0.080048,81711.707429,81711.707494,81711.787542
T3 81711.803365,0.021732,81711.838169,81711.838277,81711.862851
T2 81711.805856,0.031489,81711.838210,81711.838318,81711.869807
T0 81711.797483,0.101239,81711.797661,81711.797936,81711.899177
T1 81711.733055,0.170363,81711.733102,81711.733186,81711.903575
T3 81711.841026,0.043904,81711.841046,81711.862904,81711.906808
T1 81711.867165,0.003267,81711.869837,81711.903592,81711.906859
T0 81711.865295,0.021955,81711.865324,81711.899251,81711.921207
T3 81711.912149,0.009400,81711.912201,81711.912256,81711.921656
T2 81711.854159,0.056860,81711.854204,81711.869847,81711.926720
T0 81711.928017,0.021865,81711.928111,81711.928139,81711.950005
T1 81711.923457,0.060721,81711.923501,81711.923742,81711.984465
T3 81712.003445,0.016544,81712.003612,81712.003639,81712.020184
T2 81712.049446,0.004966,81712.049593,81712.049628,81712.054594
T0 81712.054054,0.035508,81712.054778,81712.055001,81712.090510
T1 81712.068777,0.002849,81712.090769,81712.090879,81712.093729
T2 81712.124662,0.003083,81712.125163,81712.125174,81712.128257
T3 81712.064386,0.071291,81712.090728,81712.090840,81712.162132
T0 81712.159835,0.083880,81712.159904,81712.159961,81712.243843
T1 81712.229487,0.052581,81712.229554,81712.229781,81712.282362
T3 81712.260340,0.017737,81712.282518,81712.282541,81712.301219
T1 81712.277773,0.016726,81712.282523,81712.292207,81712.308934
T2 81712.243979,0.079179,81712.244075,81712.244103,81712.323284
T0 81712.253005,0.047555,81712.282512,81712.282529,81712.330084
T3 81712.371799,0.018372,81712.371966,81712.372339,81712.390712
T1 81712.384060,0.035965,81712.390851,81712.391051,81712.427017
T2 81712.400604,0.025040,81712.427193,81712.427299,81712.452340
T3 81712.455536,0.000992,81712.455579,81712.455684,81712.456676
T0 81712.400934,0.087801,81712.427325,81712.427331,81712.515208
T2 81712.555392,0.003623,81712.555515,81712.555556,81712.559179
T3 81712.575841,0.025650,81712.575962,81712.575977,81712.601628
T0 81712.613589,0.032504,81712.613735,81712.613747,81712.646251
T3 81712.617322,0.002493,81712.646731,81712.646783,81712.649314
T3 81712.643497,0.042390,81712.646772,81712.649353,81712.691743
T3 81712.706001,0.007671,81712.706090,81712.706661,81712.714344
T1 81712.486268,0.239881,81712.486317,81712.486437,81712.726319
T3 81712.711709,0.008385,81712.714478,81712.714926,81712.727136
T2 81712.634098,0.103341,81712.646766,81712.646846,81712.750188
T1 81712.718926,0.045173,81712.726407,81712.726421,81712.771620
T2 81712.750961,0.031981,81712.750992,81712.751018,81712.792069
T0 81712.676041,0.136142,81712.676093,81712.676137,81712.812280
T0 81712.772621,0.012525,81712.792172,81712.812341,81712.824866
T3 81712.734013,0.106956,81712.734144,81712.734933,81712.841890
T2 81712.762922,0.151672,81712.771913,81712.792163,81712.943835
T0 81712.913354,0.036969,81712.913399,81712.913979,81712.950949
T1 81712.754127,0.184175,81712.771909,81712.771925,81712.956100
T3 81712.991279,0.059379,81712.991340,81712.991835,81713.051243
T2 81713.000749,0.026957,81713.032409,81713.032505,81713.059463
T0 81713.070422,0.024307,81713.070592,81713.070665,81713.094972
T3 81713.092786,0.008995,81713.095022,81713.095029,81713.104025
T1 81713.075683,0.031200,81713.075854,81713.075906,81713.107107
T2 81713.101973,0.012498,81713.104076,81713.104470,81713.117268
T1 81713.104830,0.020167,81713.107143,81713.107162,81713.127330
T0 81713.106793,0.034195,81713.107150,81713.107775,81713.141972
T1 81713.190302,0.001755,81713.190483,81713.190493,81713.192249
T2 81713.119561,0.090840,81713.119592,81713.119880,81713.210720
T3 81713.100935,0.130584,81713.104070,81713.104088,81713.234672
T3 81713.213665,0.000193,81713.234733,81713.234776,81713.234969
T0 81713.203196,0.053035,81713.203367,81713.203375,81713.256410
T1 81713.213341,0.047047,81713.213371,81713.213414,81713.260461
T3 81713.238866,0.039841,81713.238994,81713.239005,81713.278846
T2 81713.287094,0.006551,81713.287301,81713.287312,81713.293864
T0 81713.307451,0.029923,81713.307592,81713.307683,81713.337607
T3 81713.336286,0.000248,81713.337772,81713.337782,81713.338030
T1 81713.315206,0.027005,81713.315426,81713.315470,81713.342476
T2 81713.385085,0.004922,81713.385200,81713.385230,81713.390176
T3 81713.448731,0.004669,81713.484352,81713.484420,81713.489090
T1 81713.448133,0.015637,81713.484317,81713.484395,81713.500033
T3 81713.452798,0.036088,81713.484381,81713.489118,81713.525207
T2 81713.477654,0.037457,81713.484397,81713.489283,81713.535759
T0 81713.442930,0.124668,81713.443099,81713.443200,81713.567879
T2 81713.535697,0.042322,81713.535911,81713.535929,81713.578252
T3 81713.513299,0.054164,81713.525884,81713.525903,81713.580068
T0 81713.561629,0.012522,81713.567938,81713.567951,81713.580472
T3 81713.570242,0.005411,81713.580184,81713.580251,81713.585663
T0 81713.593451,0.005345,81713.593535,81713.593679,81713.599042
T2 81713.633480,0.000758,81713.633527,81713.633753,81713.634512
T1 81713.501443,0.163656,81713.501470,81713.501515,81713.665172
T0 81713.662397,0.024475,81713.662440,81713.662582,81713.687058
T2 81713.677818,0.018835,81713.677871,81713.677996,81713.696833
T3 81713.640567,0.072392,81713.640638,81713.640838,81713.713231
T0 81713.735479,0.034775,81713.735565,81713.735715,81713.770491
T0 81713.773336,0.009610,81713.793733,81713.793738,81713.803348
T2 81713.742799,0.023085,81713.770549,81713.770590,81713.793676
T3 81713.749167,0.082640,81713.770555,81713.770600,81713.853242
T1 81713.717638,0.140218,81713.717793,81713.717803,81713.858022
T0 81713.831589,0.013424,81713.831637,81713.831766,81713.845190
T1 81713.908303,0.009210,81713.908338,81713.908485,81713.917695
T3 81713.846784,0.069890,81713.853293,81713.853315,81713.923206
T0 81713.925482,0.002219,81713.925614,81713.926224,81713.928444
T2 81713.842758,0.113858,81713.845239,81713.845339,81713.959206
T2 81714.076234,0.010696,81714.076264,81714.076282,81714.087022
T2 81714.084504,0.001573,81714.084553,81714.087054,81714.088627
T1 81714.024673,0.068358,81714.024863,81714.024895,81714.095209
T0 81714.033309,0.034277,81714.065306,81714.065363,81714.099640
T3 81714.037576,0.059621,81714.065355,81714.065432,81714.125053
T2 81714.086979,0.041552,81714.087000,81714.088651,81714.130204
T1 81714.106191,0.066918,81714.106265,81714.106354,81714.173273
T0 81714.201565,0.009827,81714.201755,81714.202087,81714.211914
T3 81714.203602,0.053343,81714.212035,81714.212049,81714.265393
T1 81714.324035,0.019477,81714.324238,81714.324251,81714.343729
T3 81714.379328,0.006610,81714.413165,81714.413238,81714.419848
T2 81714.206771,0.237876,81714.212044,81714.212095,81714.449972
T3 81714.386116,0.058325,81714.413177,81714.419882,81714.478208
T1 81714.420623,0.059370,81714.420646,81714.430640,81714.490387
T2 81714.430062,0.041376,81714.450092,81714.450278,81714.491655
T1 81714.482341,0.011181,81714.490433,81714.490447,81714.501629
T2 81714.484120,0.019294,81714.490436,81714.491745,81714.511067
T0 81714.372249,0.171675,81714.372297,81714.372326,81714.544001
T1 81714.507351,0.053478,81714.508138,81714.508195,81714.561674
T0 81714.534301,0.019395,81714.534779,81714.544134,81714.563530
T1 81714.541722,0.016901,81714.544117,81714.561739,81714.578641
T3 81714.465876,0.104676,81714.478309,81714.481773,81714.586450
T1 81714.588575,0.033362,81714.588924,81714.588961,81714.622324
T2 81714.521896,0.114848,81714.522428,81714.522479,81714.637328
T0 81714.569228,0.068262,81714.569627,81714.569696,81714.637958
T3 81714.666536,0.074251,81714.666804,81714.666816,81714.741068
T2 81714.747729,0.001500,81714.747773,81714.747819,81714.749320
T0 81714.784401,0.030978,81714.784598,81714.784712,81714.815691
T0 81714.786993,0.023810,81714.815746,81714.815789,81714.839600
T3 81714.821272,0.029897,81714.839666,81714.839710,81714.869608
T1 81714.702857,0.164785,81714.707218,81714.707336,81714.872122
T2 81714.825945,0.045436,81714.839672,81714.840267,81714.885703
T0 81714.902835,0.000038,81714.903176,81714.903280,81714.903319
T1 81714.956993,0.010555,81714.957358,81714.957399,81714.967994
T1 81714.967576,0.055740,81714.968064,81714.968086,81715.023827
T3 81714.913693,0.115162,81714.913919,81714.913994,81715.029171
T0 81714.989640,0.075288,81715.010220,81715.010332,81715.085621
T1 81714.992227,0.064896,81715.010266,81715.023892,81715.088789
T2 81715.128591,0.034012,81715.128817,81715.129189,81715.163201
T3 81715.130580,0.000387,81715.163321,81715.163373,81715.163795
T0 81715.147974,0.011639,81715.163328,81715.163453,81715.175093
T3 81715.300672,0.014881,81715.300699,81715.300744,81715.315626
T1 81715.254307,0.078004,81715.254493,81715.254592,81715.332597
T2 81715.295503,0.036954,81715.295823,81715.295833,81715.332787
T0 81715.347052,0.038559,81715.347192,81715.347205,81715.385765
T3 81715.459449,0.007603,81715.459654,81715.459761,81715.467364
T1 81715.486911,0.043138,81715.487084,81715.487164,81715.530303
T2 81715.605695,0.018873,81715.605863,81715.605979,81715.624853
T0 81715.642091,0.038325,81715.642241,81715.642320,81715.680646
T1 81715.672383,0.073782,81715.680808,81715.680946,81715.754729
T0 81715.730414,0.041650,81715.730470,81715.731019,81715.776140
T3 81715.665700,0.114973,81715.680797,81715.680813,81715.795900
T1 81715.752122,0.047660,81715.752172,81715.754794,81715.802455
T2 81715.707400,0.084479,81715.721274,81715.721317,81715.805797
