R0:54630.107443,0.025075,54630.107508,54630.107715,54630.132791
R1:54630.215506,0.080083,54630.215533,54630.216548,54630.296632
R2:54630.305552,0.011004,54630.305615,54630.306154,54630.317159
R3:54630.448421,0.073100,54630.448475,54630.448989,54630.522091
R4:54630.472666,0.040368,54630.489586,54630.522155,54630.562524
R5:54630.491883,0.049560,54630.491936,54630.562595,54630.612156
R6:54630.530195,0.036016,54630.530245,54630.612232,54630.648249
R7:54630.557212,0.123963,54630.562583,54630.648276,54630.772240
R8:54630.736203,0.063168,54630.736338,54630.772303,54630.835472
R9:54630.795741,0.046693,54630.795978,54630.835569,54630.882263
R10:54630.804913,0.013912,54630.835547,54630.882287,54630.896352
R11:54630.806103,0.081527,54630.835550,54630.896382,54630.977910
R12:54630.815075,0.025620,54630.835551,54630.977981,54631.003602
R13:54630.825223,0.005760,54630.835551,54631.003670,54631.009466
R14:54630.833466,0.012311,54630.835553,54631.009514,54631.021826
R15:54631.235612,0.091352,54631.236344,54631.236354,54631.327707
R16:54631.278081,0.017551,54631.278127,54631.327769,54631.345321
R17:54631.333979,0.037147,54631.334010,54631.345391,54631.382539
R18:54631.393788,0.180181,54631.393839,54631.394387,54631.574569
R19:54631.433939,0.073780,54631.435250,54631.574631,54631.648412
R20:54631.454380,0.073465,54631.454435,54631.648449,54631.721915
R21:54631.498588,0.111064,54631.498661,54631.722016,54631.833115
R22:54631.528858,0.021729,54631.528910,54631.833169,54631.856051
R23:54631.548597,0.125682,54631.548652,54631.856163,54631.981884
R24:54631.646106,0.149118,54631.646146,54631.981954,54632.131072
R25:54631.650651,0.004499,54631.650674,54632.131105,54632.135605
R26:54631.695159,0.054417,54631.695207,54632.135638,54632.190088
R27:54631.708958,0.021454,54631.709235,54632.190153,54632.211608
R28:54631.841352,0.001011,54631.841404,54632.211646,54632.212658
R29:54631.846334,0.003259,54631.856144,54632.212680,54632.215939
R30:54631.883269,0.176396,54631.896572,54632.215953,54632.392350
R31:54631.900249,0.095164,54631.900281,54632.392439,54632.487604
R32:54632.038053,0.038800,54632.038169,54632.487667,54632.526468
R33:54632.057708,0.071408,54632.057840,54632.526504,54632.597912
R34:54632.086220,0.055089,54632.086279,54632.597956,54632.653046
R35:54632.129490,0.002004,54632.129625,54632.653121,54632.655125
R36:54632.175643,0.134291,54632.175690,54632.655171,54632.789497
R37:54632.211307,0.063819,54632.211376,54632.789577,54632.853402
R38:54632.369394,0.067073,54632.369445,54632.853494,54632.920568
R39:54632.389330,0.021852,54632.392418,54632.920629,54632.942481
R40:54632.449623,0.009075,54632.449672,54632.942506,54632.951582
R41:54632.518353,0.106045,54632.518388,54632.951608,54633.057654
R42:54632.552767,0.020049,54632.552817,54633.057712,54633.077762
R43:54632.656885,0.111921,54632.656916,54633.077787,54633.189708
R44:54632.672454,0.058025,54632.672507,54633.189762,54633.247788
R45:54632.698195,0.044414,54632.698279,54633.247844,54633.292259
R46:54632.882874,0.097835,54632.882916,54633.292316,54633.390151
R47:54632.946174,0.128831,54632.946223,54633.390247,54633.519079
R48:54632.980549,0.084307,54632.980617,54633.519108,54633.603442
R49:54633.010751,0.120940,54633.010796,54633.603506,54633.724447
R50:54633.078826,0.012156,54633.078871,54633.724507,54633.736664
R51:54633.117992,0.126367,54633.118072,54633.736693,54633.863061
R52:54633.294744,0.106458,54633.294824,54633.863118,54633.969577
R53:54633.304486,0.028278,54633.304605,54633.969643,54633.997922
R54:54633.365158,0.016499,54633.365194,54633.997966,54634.014466
R55:54633.422283,0.018369,54633.422328,54634.014494,54634.032864
R56:54633.513341,0.012816,54633.513395,54634.032890,54634.045707
R57:54633.548668,0.016164,54633.548791,54634.045782,54634.061947
R58:54633.561270,0.026936,54633.590362,54634.062015,54634.088952
R59:54633.609461,0.118652,54633.609523,54634.089074,54634.207728
R60:54633.621156,0.006738,54633.650132,54634.207788,54634.214527
R61:54633.628959,0.071455,54633.650138,54634.214546,54634.286002
R62:54633.670271,0.136671,54633.670401,54634.286060,54634.422733
R63:54633.917429,0.024160,54633.917476,54634.422795,54634.446955
R64:54633.985696,0.022996,54633.985879,54634.447544,54634.470541
R65:54634.067769,0.013215,54634.067863,54634.470601,54634.483817
R66:54634.088820,0.014013,54634.089002,54634.483871,54634.497885
R67:54634.141722,0.065866,54634.141883,54634.497915,54634.563783
R68:54634.152369,0.078866,54634.152412,54634.563840,54634.642707
R69:54634.160994,0.068339,54634.161071,54634.642767,54634.711106
R70:54634.172641,0.149891,54634.172693,54634.711165,54634.861057
R71:54634.179766,0.036862,54634.179939,54634.861117,54634.897980
R72:54634.184725,0.013726,54634.185963,54634.898035,54634.911761
R73:54634.198875,0.065961,54634.198996,54634.911815,54634.977777
R74:54634.294537,0.171180,54634.294582,54634.977830,54635.149011
R75:54634.358952,0.071301,54634.359016,54635.149070,54635.220372
R76:54634.420310,0.007246,54634.420356,54635.220425,54635.227672
R77:54634.427396,0.004073,54634.427485,54635.227729,54635.231803
R78:54634.471407,0.011449,54634.471756,54635.231840,54635.243290
R79:54634.476592,0.085650,54634.476641,54635.243343,54635.328994
R80:54634.513449,0.070444,54634.513513,54635.329072,54635.399517
R81:54634.563925,0.008587,54634.563953,54635.399571,54635.408159
R82:54634.567267,0.011428,54634.604316,54635.408211,54635.419640
R83:54635.271225,0.006703,54635.271267,54635.419669,54635.426374
R84:54635.401282,0.002779,54635.401310,54635.426396,54635.429243
R85:54635.761366,0.003754,54635.761434,54635.762294,54635.766064
R86:54635.881800,0.128242,54635.881856,54635.881905,54636.010149
R87:54635.882195,0.009945,54635.923161,54636.010212,54636.020158
R88:54635.935285,0.024854,54635.935347,54636.020204,54636.045090
R89:54635.945886,0.085655,54635.945934,54636.045166,54636.130823
R90:54636.089654,0.040202,54636.089713,54636.130883,54636.171176
R91:54636.115945,0.030127,54636.116002,54636.171234,54636.201362
R92:54636.167013,0.005248,54636.167085,54636.201388,54636.206637
R93:54636.235547,0.070795,54636.235606,54636.235659,54636.306455
R94:54636.280276,0.242864,54636.280309,54636.306553,54636.549456
R95:54636.301741,0.105029,54636.301797,54636.549515,54636.654545
R96:54636.352783,0.049566,54636.352894,54636.654608,54636.704174
R97:54636.434503,0.068877,54636.434570,54636.704232,54636.773110
R98:54636.437380,0.129765,54636.437421,54636.773168,54636.902934
R99:54636.543425,0.088904,54636.543476,54636.902989,54636.991893
R100:54636.666071,0.068092,54636.666214,54636.991950,54637.060079
R101:54636.895078,0.205511,54636.895119,54637.060130,54637.265642
R102:54637.032808,0.034384,54637.032849,54637.265725,54637.300109
R103:54637.098147,0.088601,54637.098335,54637.300136,54637.388738
R104:54637.109954,0.004006,54637.139402,54637.388794,54637.392801
R105:54637.240569,0.014254,54637.240614,54637.392894,54637.407148
R106:54637.302854,0.013012,54637.302899,54637.407285,54637.420298
R107:54637.361861,0.019053,54637.361938,54637.420369,54637.439423
R108:54637.433466,0.013161,54637.433507,54637.439486,54637.452648
R109:54637.457529,0.050130,54637.457618,54637.458269,54637.508399
R110:54637.462515,0.052653,54637.462557,54637.508449,54637.561262
R111:54637.477614,0.177832,54637.503367,54637.561295,54637.739128
R112:54637.520088,0.039495,54637.520127,54637.739180,54637.778676
R113:54637.540187,0.006011,54637.561251,54637.778711,54637.784728
R114:54637.615630,0.044891,54637.615685,54637.784798,54637.829690
R115:54637.653503,0.029975,54637.657156,54637.829734,54637.859710
R116:54637.824129,0.094090,54637.824187,54637.859771,54637.953862
R117:54637.848797,0.000162,54637.848906,54637.953917,54637.954080
R118:54637.883094,0.045625,54637.883136,54637.954083,54637.999713
R119:54637.909102,0.013322,54637.924274,54637.999832,54638.013154
R120:54638.015044,0.032981,54638.015099,54638.015275,54638.048370
R121:54638.081567,0.018189,54638.081619,54638.082094,54638.100295
R122:54638.120403,0.010079,54638.120453,54638.120688,54638.130768
R123:54638.193759,0.002086,54638.193954,54638.193964,54638.196051
R124:54638.251121,0.059534,54638.251182,54638.251880,54638.311415
R125:54638.282726,0.050756,54638.293181,54638.311480,54638.362237
R126:54638.348769,0.010205,54638.348833,54638.363082,54638.373288
R127:54638.374179,0.049330,54638.374242,54638.374881,54638.424212
R128:54638.429586,0.019903,54638.429620,54638.429983,54638.449886
R129:54638.506864,0.011296,54638.506896,54638.507487,54638.518783
R130:54638.586342,0.057721,54638.587126,54638.587138,54638.644999
R131:54638.735834,0.014871,54638.735908,54638.736440,54638.751311
R132:54638.798297,0.004586,54638.798352,54638.798797,54638.803385
R133:54638.843154,0.104935,54638.843242,54638.843920,54638.948856
R134:54638.861104,0.004921,54638.885378,54638.948922,54638.953845
R135:54638.929336,0.022440,54638.929387,54638.953887,54638.976328
R136:54638.936397,0.044973,54638.936459,54638.976377,54639.021351
R137:54638.987417,0.017039,54638.987457,54639.021406,54639.038446
R138:54639.052365,0.017011,54639.052421,54639.052498,54639.069509
R139:54639.140521,0.010521,54639.140599,54639.140741,54639.151263
R140:54639.164267,0.000179,54639.164318,54639.164887,54639.165067
R141:54639.408978,0.020134,54639.409023,54639.409281,54639.429417
R142:54639.512451,0.028679,54639.512505,54639.513140,54639.541820
R143:54639.524841,0.125622,54639.541888,54639.542449,54639.668072
R144:54639.712490,0.060045,54639.712558,54639.713282,54639.773373
R145:54639.798303,0.057884,54639.798351,54639.798436,54639.856321
R146:54639.810276,0.074422,54639.810329,54639.856378,54639.931341
R147:54639.838886,0.124010,54639.838935,54639.931424,54640.055435
R148:54640.008272,0.011379,54640.008315,54640.055486,54640.066866
R149:54640.125008,0.039708,54640.125105,54640.125593,54640.165302
R150:54640.218014,0.117658,54640.218076,54640.218623,54640.336283
R151:54640.238925,0.103565,54640.239030,54640.336345,54640.439912
R152:54640.380877,0.042925,54640.380926,54640.440008,54640.482934
R153:54640.421799,0.016004,54640.421832,54640.482993,54640.498998
R154:54640.432698,0.033903,54640.432745,54640.499055,54640.532959
R155:54640.550734,0.094505,54640.550777,54640.551002,54640.645508
R156:54640.587720,0.017199,54640.591280,54640.645585,54640.662785
R157:54640.628350,0.057629,54640.628401,54640.662812,54640.720441
R158:54640.640260,0.007486,54640.640315,54640.720487,54640.727974
R159:54640.717174,0.033905,54640.717255,54640.727996,54640.761902
R160:54640.771818,0.064413,54640.771869,54640.772252,54640.836666
R161:54640.879088,0.012549,54640.879128,54640.879655,54640.892205
R162:54640.890770,0.006463,54640.890827,54640.892238,54640.898702
R163:54640.931487,0.022349,54640.931532,54640.931824,54640.954256
R164:54640.940373,0.134335,54640.954811,54640.954830,54641.089166
R165:54640.963541,0.048656,54640.995346,54641.089220,54641.137876
R166:54641.105280,0.085223,54641.105418,54641.137925,54641.223148
R167:54641.212674,0.020396,54641.212710,54641.223184,54641.243581
R168:54641.253167,0.053769,54641.253210,54641.253456,54641.307226
R169:54641.282930,0.014981,54641.294182,54641.307290,54641.322272
R170:54641.338222,0.003766,54641.338270,54641.338760,54641.342526
R171:54641.348170,0.052094,54641.348262,54641.348430,54641.400525
R172:54641.355229,0.017003,54641.355267,54641.400588,54641.417592
R173:54641.382076,0.004779,54641.396330,54641.417657,54641.422437
R174:54641.405861,0.136281,54641.405901,54641.422460,54641.558742
R175:54641.439011,0.015426,54641.439071,54641.558786,54641.574215
R176:54641.491417,0.071728,54641.491458,54641.574491,54641.646219
R177:54641.555712,0.008556,54641.555843,54641.646256,54641.654812
R178:54641.595688,0.049130,54641.595736,54641.654842,54641.703973
R179:54641.722487,0.011650,54641.722531,54641.722635,54641.734286
R180:54641.765533,0.027774,54641.765586,54641.765672,54641.793447
R181:54641.813658,0.025076,54641.813743,54641.813853,54641.838929
R182:54641.918014,0.019727,54641.918055,54641.918308,54641.938054
R183:54641.934604,0.050896,54641.938108,54641.938122,54641.989019
R184:54642.011612,0.020643,54642.011857,54642.011866,54642.032509
R185:54642.258289,0.007313,54642.258338,54642.258493,54642.265808
R186:54642.392454,0.000271,54642.392489,54642.392868,54642.393139
R187:54642.423670,0.074447,54642.423726,54642.424231,54642.498678
R188:54642.513801,0.006090,54642.513861,54642.514780,54642.520870
R189:54642.534381,0.063828,54642.534419,54642.534906,54642.598735
R190:54642.652536,0.029811,54642.652588,54642.653530,54642.683342
R191:54642.655621,0.061535,54642.655675,54642.683411,54642.744946
R192:54642.908830,0.032113,54642.908874,54642.908922,54642.941036
R193:54642.922928,0.004931,54642.941105,54642.941117,54642.946049
R194:54643.040867,0.024136,54643.040921,54643.041452,54643.065589
R195:54643.047165,0.053519,54643.065653,54643.066404,54643.119924
R196:54643.068361,0.007061,54643.107271,54643.119961,54643.127022
R197:54643.165826,0.002745,54643.165867,54643.167432,54643.170178
R198:54643.169083,0.075904,54643.170222,54643.170239,54643.246144
R199:54643.205187,0.029220,54643.212294,54643.246200,54643.275421
R200:54643.274548,0.044536,54643.274600,54643.275466,54643.320003
R201:54643.282126,0.037740,54643.282179,54643.320117,54643.357956
R202:54643.333398,0.022464,54643.333436,54643.358447,54643.399766
R203:54643.400259,0.109787,54643.400360,54643.400408,54643.510195
R204:54643.421825,0.009306,54643.421867,54643.510268,54643.519575
R205:54643.460047,0.037301,54643.462658,54643.519647,54643.556949
R206:54643.515848,0.045341,54643.515954,54643.556976,54643.602318
R207:54643.573239,0.088541,54643.573761,54643.602393,54643.690936
R208:54643.589670,0.005203,54643.602378,54643.691010,54643.696293
R209:54643.594071,0.009295,54643.602382,54643.696319,54643.705616
R210:54643.745549,0.012776,54643.745731,54643.746921,54643.759699
R211:54643.784520,0.017183,54643.784578,54643.785209,54643.802393
R212:54643.887771,0.105301,54643.887857,54643.887994,54643.993296
R213:54643.913949,0.084345,54643.928882,54643.993336,54644.077683
R214:54643.938912,0.001850,54643.938984,54644.077743,54644.079771
R215:54644.002628,0.075312,54644.002709,54644.079927,54644.155239
R216:54644.020533,0.090426,54644.020589,54644.155309,54644.245912
R217:54644.079086,0.012488,54644.079138,54644.246016,54644.258505
R218:54644.102175,0.047394,54644.102220,54644.258566,54644.305961
R219:54644.116297,0.056136,54644.143240,54644.305997,54644.362134
R220:54644.123305,0.063552,54644.143246,54644.362226,54644.425779
R221:54644.214552,0.025640,54644.214617,54644.425864,54644.451505
R222:54644.228058,0.028459,54644.245983,54644.451580,54644.480081
R223:54644.250542,0.024368,54644.258553,54644.480141,54644.504509
R224:54644.266246,0.008405,54644.299350,54644.504567,54644.512973
R225:54644.311345,0.000734,54644.311460,54644.513008,54644.513743
R226:54644.359757,0.024077,54644.359800,54644.513759,54644.537837
R227:54644.388926,0.066858,54644.388988,54644.537860,54644.604719
R228:54644.411170,0.052442,54644.425847,54644.604771,54644.657215
R229:54644.430155,0.126031,54644.451567,54644.657264,54644.783296
R230:54644.478440,0.082980,54644.480127,54644.783328,54644.866309
R231:54644.547280,0.018695,54644.547381,54644.866371,54644.885089
R232:54644.618308,0.000301,54644.618452,54644.885131,54644.885433
R233:54644.679890,0.092866,54644.679943,54644.885446,54644.978313
R234:54644.725312,0.051458,54644.725354,54644.978412,54645.029870
R235:54644.782348,0.025600,54644.782399,54645.029919,54645.055521
R236:54644.825745,0.063446,54644.825779,54645.055582,54645.119029
R237:54644.852393,0.056631,54644.866360,54645.119084,54645.175716
R238:54644.948096,0.001672,54644.948289,54645.175796,54645.177713
R239:54644.959351,0.057874,54644.978392,54645.177902,54645.235777
R240:54644.966971,0.048242,54644.978396,54645.235879,54645.284122
R241:54644.980092,0.041947,54645.019283,54645.284198,54645.326146
R242:54645.052121,0.000286,54645.052167,54645.326206,54645.326508
R243:54645.053686,0.015161,54645.055569,54645.326531,54645.341693
R244:54645.076795,0.097440,54645.096172,54645.341746,54645.439187
R245:54645.139691,0.020878,54645.139851,54645.439255,54645.460134
R246:54645.152507,0.105602,54645.175780,54645.460204,54645.565807
R247:54645.218935,0.018788,54645.218971,54645.565836,54645.584624
R248:54645.281824,0.010306,54645.281878,54645.584671,54645.594979
R249:54645.410213,0.035005,54645.410269,54645.595051,54645.630056
R250:54645.420655,0.056297,54645.439243,54645.630558,54645.686991
R251:54645.524871,0.010605,54645.524925,54645.687064,54645.697670
R252:54645.663366,0.061220,54645.663510,54645.697771,54645.758992
R253:54645.693458,0.039637,54645.693507,54645.759083,54645.798721
R254:54645.813259,0.134770,54645.813328,54645.813592,54645.948363
R255:54645.892484,0.130575,54645.892532,54645.948420,54646.078996
R256:54645.908246,0.135468,54645.908299,54646.079089,54646.214557
R257:54645.955529,0.040212,54645.955577,54646.214616,54646.254828
R258:54645.995788,0.080383,54645.995843,54646.254905,54646.335289
R259:54646.160603,0.045131,54646.160673,54646.335339,54646.380472
R260:54646.259747,0.268009,54646.259886,54646.380532,54646.648542
R261:54646.322967,0.019618,54646.323033,54646.648600,54646.668280
R262:54646.484657,0.044477,54646.484710,54646.668319,54646.712798
R263:54646.606938,0.071215,54646.607409,54646.712855,54646.784071
R264:54646.667337,0.079215,54646.667590,54646.784149,54646.863489
R265:54646.755654,0.046365,54646.755707,54646.863606,54646.909972
R266:54646.774024,0.009133,54646.784157,54646.910119,54646.919253
R267:54646.811864,0.100156,54646.826099,54646.919339,54647.019496
R268:54646.905598,0.054594,54646.905649,54647.019596,54647.074205
R269:54647.027398,0.047335,54647.027499,54647.074255,54647.121612
R270:54647.059031,0.051867,54647.068255,54647.121686,54647.173553
R271:54647.112731,0.008029,54647.112778,54647.173614,54647.181643
R272:54647.158546,0.001676,54647.158601,54647.181669,54647.183345
R273:54647.209983,0.036506,54647.210084,54647.210144,54647.246651
R274:54647.281260,0.036185,54647.281313,54647.281842,54647.318028
R275:54647.386519,0.033649,54647.386566,54647.386880,54647.420529
R276:54647.393676,0.002486,54647.420576,54647.420599,54647.423085
R277:54647.435741,0.024279,54647.435882,54647.435893,54647.460173
R278:54647.535046,0.030085,54647.535097,54647.542070,54647.572156
R279:54647.594878,0.026643,54647.594952,54647.595401,54647.622068
R280:54647.604182,0.026108,54647.622110,54647.622124,54647.648233
R281:54647.620924,0.063221,54647.622112,54647.648288,54647.711510
R282:54647.621978,0.083818,54647.622114,54647.711569,54647.795388
R283:54647.672184,0.029597,54647.672281,54647.795496,54647.825093
R284:54647.723820,0.266592,54647.723850,54647.825119,54648.091712
R285:54647.762325,0.003858,54647.766275,54648.091761,54648.095622
R286:54647.766285,0.045476,54647.766303,54648.095709,54648.141186
R287:54647.826814,0.012409,54647.826862,54648.141234,54648.158225
R288:54647.841904,0.128532,54647.841932,54648.158307,54648.286840
R289:54647.900883,0.031074,54647.900925,54648.286898,54648.317973
R290:54647.980155,0.095052,54647.980273,54648.318002,54648.413055
R291:54648.014409,0.148709,54648.014445,54648.413150,54648.561860
R292:54648.194416,0.072839,54648.194463,54648.561919,54648.634759
R293:54648.330311,0.038474,54648.330383,54648.634824,54648.673298
R294:54648.355909,0.032461,54648.355995,54648.673361,54648.705858
R295:54648.372607,0.031384,54648.372691,54648.705919,54648.737304
R296:54648.549598,0.170984,54648.549642,54648.737376,54648.908361
R297:54648.676873,0.030628,54648.676930,54648.908415,54648.939044
R298:54648.689288,0.072717,54648.705907,54648.939206,54649.011924
R299:54648.778599,0.014892,54648.778630,54649.011989,54649.026883
R300:54648.917080,0.165529,54648.917157,54649.026932,54649.192461
R301:54649.002102,0.025740,54649.002146,54649.192519,54649.218260
R302:54649.025933,0.040422,54649.025981,54649.218292,54649.258715
R303:54649.074594,0.010600,54649.074624,54649.258786,54649.269386
R304:54649.132139,0.022323,54649.132235,54649.269440,54649.291764
R305:54649.170663,0.124159,54649.170704,54649.291794,54649.415953
R306:54649.233394,0.046639,54649.233432,54649.416005,54649.462644
R307:54649.247570,0.005814,54649.258773,54649.462771,54649.468586
R308:54649.365626,0.011095,54649.365676,54649.468609,54649.479710
R309:54649.393446,0.044909,54649.406110,54649.479735,54649.524645
R310:54649.454685,0.045359,54649.454733,54649.524686,54649.570046
R311:54649.521225,0.041148,54649.521274,54649.570082,54649.611231
R312:54649.524860,0.013895,54649.524884,54649.611799,54649.625694
R313:54649.573710,0.021068,54649.573750,54649.625717,54649.646786
R314:54649.574922,0.128649,54649.574955,54649.646810,54649.775460
R315:54649.575510,0.073633,54649.575532,54649.775559,54649.849192
R316:54649.629748,0.135357,54649.629826,54649.849244,54649.984602
R317:54649.758306,0.029709,54649.758353,54649.984659,54650.014369
R318:54649.770196,0.079294,54649.775542,54650.014416,54650.093711
R319:54649.809786,0.168604,54649.817124,54650.093769,54650.262374
R320:54649.869995,0.017328,54649.870087,54650.262432,54650.279761
R321:54649.880309,0.022788,54649.912260,54650.279811,54650.302600
R322:54650.006414,0.068844,54650.006500,54650.302657,54650.371503
R323:54650.141864,0.015941,54650.141902,54650.371574,54650.387515
R324:54650.180441,0.006524,54650.182116,54650.387576,54650.394100
R325:54650.353203,0.048801,54650.353458,54650.394152,54650.442954
R326:54650.471610,0.129207,54650.471802,54650.471877,54650.601086
R327:54650.546491,0.016584,54650.546706,54650.601122,54650.617707
R328:54650.558873,0.011344,54650.558919,54650.617736,54650.629122
R329:54650.569984,0.009694,54650.570068,54650.629142,54650.638836
R330:54650.628319,0.012910,54650.628419,54650.638850,54650.651760
R331:54650.636553,0.000698,54650.636583,54650.651783,54650.652482
R332:54650.809474,0.006391,54650.809533,54650.809550,54650.815942
R333:54650.820743,0.052284,54650.820814,54650.821487,54650.873772
R334:54650.857358,0.005316,54650.861244,54650.873820,54650.879136
R335:54651.002591,0.003658,54651.002648,54651.003160,54651.006819
R336:54651.058747,0.034302,54651.058785,54651.059576,54651.093879
R337:54651.088296,0.017349,54651.093964,54651.093982,54651.111331
R338:54651.122109,0.121743,54651.122165,54651.122715,54651.244459
R339:54651.138728,0.010580,54651.162117,54651.244505,54651.255086
R340:54651.187906,0.028268,54651.187982,54651.255107,54651.283375
R341:54651.190102,0.069996,54651.190123,54651.283419,54651.353416
R342:54651.289132,0.309983,54651.289168,54651.353471,54651.663455
R343:54651.315395,0.037069,54651.315489,54651.663530,54651.700601
R344:54651.317963,0.054205,54651.317993,54651.700678,54651.754924
R345:54651.331382,0.019846,54651.331428,54651.754973,54651.774820
R346:54651.402482,0.052024,54651.402528,54651.774849,54651.826873
R347:54651.532316,0.002574,54651.532368,54651.826931,54651.829505
R348:54651.557376,0.081311,54651.557432,54651.829540,54651.910852
R349:54651.643194,0.057273,54651.643255,54651.910910,54651.968183
R350:54651.714018,0.018767,54651.714074,54651.968235,54651.987003
R351:54651.852314,0.017686,54651.852379,54651.987029,54652.004761
R352:54651.934981,0.010478,54651.935031,54652.004794,54652.015273
R353:54652.032878,0.002746,54652.032917,54652.033219,54652.036005
R354:54652.085683,0.008556,54652.085727,54652.086326,54652.094883
R355:54652.092116,0.007319,54652.094962,54652.094984,54652.102303
R356:54652.108638,0.002990,54652.108682,54652.109063,54652.112054
R357:54652.161220,0.145479,54652.161331,54652.162096,54652.307576
R358:54652.290995,0.129660,54652.291040,54652.307625,54652.437286
R359:54652.294653,0.014851,54652.294697,54652.437346,54652.452197
R360:54652.332146,0.009246,54652.332174,54652.452239,54652.461511
R361:54652.384676,0.032347,54652.384715,54652.461537,54652.493914
R362:54652.437352,0.130230,54652.437432,54652.493945,54652.624176
R363:54652.537269,0.043644,54652.537384,54652.624233,54652.667877
R364:54652.581715,0.012760,54652.581755,54652.667937,54652.680697
R365:54652.659255,0.050199,54652.659336,54652.680757,54652.730996
R366:54652.677729,0.000840,54652.677786,54652.731033,54652.731874
R367:54652.723322,0.021351,54652.723370,54652.731902,54652.753254
R368:54652.881144,0.036973,54652.881176,54652.881813,54652.918787
R369:54652.894807,0.018348,54652.918857,54652.919352,54652.937701
R370:54652.925017,0.051801,54652.937753,54652.938136,54652.989938
R371:54652.992071,0.015669,54652.992108,54652.992472,54653.008164
R372:54653.026779,0.020240,54653.026945,54653.028133,54653.048374
R373:54653.098483,0.071191,54653.098529,54653.099000,54653.170192
R374:54653.112845,0.057533,54653.139155,54653.170248,54653.227782
R375:54653.130573,0.093256,54653.139158,54653.228657,54653.321914
R376:54653.131613,0.045910,54653.139164,54653.322073,54653.367984
R377:54653.244410,0.055125,54653.244466,54653.368139,54653.423265
R378:54653.267557,0.094194,54653.285132,54653.423420,54653.517615
R379:54653.311883,0.014801,54653.311946,54653.517665,54653.532467
R380:54653.329224,0.036117,54653.329302,54653.532499,54653.568629
R381:54653.334084,0.047262,54653.368119,54653.568778,54653.616040
R382:54653.464210,0.086111,54653.464253,54653.616098,54653.702210
R383:54653.509029,0.066732,54653.509074,54653.702302,54653.769035
R384:54653.697297,0.022310,54653.697346,54653.769080,54653.791391
R385:54653.722825,0.001208,54653.722879,54653.791420,54653.792628
R386:54653.726005,0.033399,54653.763360,54653.792647,54653.826047
R387:54653.726632,0.061595,54653.763363,54653.826107,54653.887703
R388:54653.747833,0.035404,54653.763370,54653.887817,54653.923222
R389:54653.849610,0.004074,54653.849743,54653.923294,54653.927369
R390:54653.887116,0.033048,54653.887802,54653.927429,54653.960478
R391:54653.900240,0.002218,54653.923281,54653.960502,54653.962720
R392:54654.051604,0.014042,54654.051656,54654.051818,54654.065861
R393:54654.056959,0.047240,54654.065921,54654.065935,54654.113175
R394:54654.130173,0.162940,54654.130282,54654.130749,54654.293690
R395:54654.136138,0.009082,54654.136191,54654.293732,54654.302819
R396:54654.255493,0.070793,54654.255553,54654.302869,54654.373663
R397:54654.294830,0.000350,54654.294875,54654.373718,54654.374110
R398:54654.384304,0.066678,54654.384352,54654.384445,54654.451124
R399:54654.435339,0.127920,54654.435549,54654.451161,54654.579082
R400:54654.515710,0.077474,54654.515964,54654.579140,54654.656615
R401:54654.521991,0.005350,54654.556294,54654.656670,54654.662021
R402:54654.694320,0.013677,54654.694368,54654.694391,54654.708069
R403:54654.713440,0.004993,54654.713542,54654.714124,54654.719119
R404:54654.811281,0.016232,54654.811355,54654.811687,54654.827920
R405:54654.892296,0.138801,54654.892352,54654.892511,54655.031313
R406:54654.903611,0.005084,54654.933262,54655.031375,54655.036460
R407:54654.987849,0.093305,54654.987919,54655.036515,54655.129821
R408:54655.221462,0.058958,54655.221523,54655.221629,54655.280589
R409:54655.246203,0.028493,54655.246319,54655.280634,54655.309128
R410:54655.282214,0.019577,54655.282243,54655.309213,54655.328791
R411:54655.344739,0.006962,54655.344794,54655.345277,54655.352243
R412:54655.398851,0.023741,54655.398904,54655.398977,54655.422719
R413:54655.403945,0.053922,54655.422794,54655.422808,54655.476763
R414:54655.412672,0.106299,54655.422796,54655.476811,54655.583110
R415:54655.419880,0.011841,54655.422797,54655.583142,54655.594984
R416:54655.471475,0.037633,54655.471528,54655.595039,54655.632673
R417:54655.536664,0.143430,54655.536702,54655.632730,54655.776161
R418:54655.558947,0.006510,54655.577289,54655.776255,54655.782767
R419:54655.645249,0.036174,54655.645303,54655.782800,54655.818975
R420:54655.647693,0.011885,54655.686128,54655.819030,54655.830916
R421:54655.677889,0.008727,54655.686135,54655.830968,54655.839696
R422:54655.713543,0.028437,54655.713595,54655.839750,54655.868187
R423:54655.735360,0.052461,54655.735413,54655.868259,54655.920721
R424:54655.735755,0.030990,54655.735767,54655.920775,54655.951766
R425:54655.743782,0.075763,54655.743837,54655.951807,54656.027571
R426:54655.749089,0.057708,54655.749139,54656.027611,54656.085320
R427:54655.839937,0.100945,54655.839954,54656.085375,54656.186349
R428:54655.981837,0.002417,54655.981889,54656.186380,54656.188797
R429:54655.985776,0.009748,54656.022146,54656.188831,54656.198580
R430:54656.029979,0.005800,54656.030006,54656.198615,54656.204416
R431:54656.185461,0.045341,54656.185521,54656.204443,54656.249784
R432:54656.214990,0.060255,54656.215041,54656.249818,54656.310075
R433:54656.275656,0.026096,54656.275899,54656.310310,54656.336407
R434:54656.322120,0.043099,54656.322168,54656.336454,54656.379555
R435:54656.423932,0.012534,54656.423983,54656.424371,54656.436905
R436:54656.573779,0.023436,54656.573832,54656.574381,54656.597818
R437:54656.665526,0.005129,54656.665580,54656.666141,54656.671300
R438:54656.693932,0.024496,54656.693960,54656.694513,54656.719301
R439:54656.791084,0.136042,54656.791128,54656.791236,54656.927280
R440:54656.872135,0.089030,54656.872194,54656.927341,54657.016371
R441:54656.984612,0.050421,54656.984677,54657.016427,54657.066848
R442:54657.058815,0.048996,54657.058864,54657.066890,54657.115886
R443:54657.101952,0.043234,54657.101996,54657.115960,54657.159195
R444:54657.143995,0.001496,54657.144108,54657.159253,54657.160749
R445:54657.210053,0.045778,54657.210097,54657.210568,54657.256347
R446:54657.293120,0.007771,54657.293210,54657.294030,54657.301801
R447:54657.302043,0.075121,54657.302124,54657.302752,54657.377874
R448:54657.315016,0.066460,54657.343082,54657.377933,54657.444408
R449:54657.425570,0.054937,54657.425648,54657.444453,54657.499390
R450:54657.438644,0.005579,54657.444465,54657.499437,54657.505017
R451:54657.462241,0.005392,54657.485241,54657.505050,54657.510443
R452:54657.591731,0.015757,54657.591762,54657.592683,54657.608459
R453:54657.630300,0.016965,54657.630346,54657.630356,54657.647322
R454:54657.643518,0.146874,54657.647363,54657.647376,54657.794251
R455:54657.706645,0.035354,54657.706707,54657.794322,54657.829676
R456:54657.721935,0.137717,54657.721993,54657.829734,54657.967452
R457:54657.811063,0.017450,54657.811233,54657.967499,54657.984949
R458:54657.821149,0.051714,54657.821219,54657.985098,54658.036813
R459:54657.870258,0.013254,54657.870296,54658.036909,54658.050168
R460:54657.992297,0.049626,54657.992399,54658.050203,54658.099831
R461:54658.059104,0.083831,54658.059220,54658.099864,54658.183696
R462:54658.165085,0.001443,54658.165279,54658.183753,54658.185199
R463:54658.253116,0.048062,54658.253170,54658.253677,54658.301740
R464:54658.305746,0.074457,54658.305827,54658.306424,54658.380881
R465:54658.390861,0.003993,54658.390936,54658.391470,54658.395464
R466:54658.410733,0.009481,54658.410777,54658.411266,54658.420747
R467:54658.535582,0.022298,54658.535644,54658.536563,54658.558861
R468:54658.547315,0.023798,54658.559559,54658.559575,54658.583374
R469:54658.581810,0.005306,54658.583447,54658.584181,54658.589488
R470:54658.643218,0.101796,54658.643257,54658.644230,54658.746027
R471:54658.666538,0.005500,54658.684299,54658.746148,54658.751649
R472:54658.721638,0.069259,54658.721685,54658.751701,54658.820960
R473:54658.818194,0.022848,54658.818243,54658.821008,54658.843900
R474:54658.848236,0.015886,54658.848265,54658.848763,54658.864649
R475:54658.877842,0.003534,54658.877894,54658.878413,54658.881947
R476:54658.931880,0.028299,54658.931956,54658.932598,54658.960898
R477:54659.068428,0.056173,54659.068484,54659.069113,54659.125287
R478:54659.193882,0.031899,54659.193950,54659.195628,54659.227570
R479:54659.230333,0.012707,54659.230370,54659.230753,54659.243460
R480:54659.250778,0.042986,54659.250822,54659.251509,54659.294497
R481:54659.267511,0.006738,54659.291091,54659.294547,54659.301316
R482:54659.288663,0.032711,54659.291098,54659.301342,54659.334066
R483:54659.370319,0.010690,54659.370370,54659.370776,54659.381467
R484:54659.409639,0.007158,54659.409694,54659.410259,54659.417417
R485:54659.524940,0.010202,54659.524993,54659.525659,54659.535985
R486:54659.545456,0.115517,54659.545489,54659.546143,54659.661660
R487:54659.545671,0.082674,54659.586297,54659.661718,54659.744393
R488:54659.565775,0.058162,54659.586304,54659.744426,54659.802588
R489:54659.627681,0.002288,54659.627736,54659.802650,54659.804957
R490:54659.639518,0.074596,54659.639563,54659.805003,54659.881088
R491:54659.829136,0.098759,54659.829284,54659.881139,54659.979900
R492:54659.836834,0.257460,54659.870232,54659.979962,54660.237423
R493:54659.852186,0.055117,54659.870238,54660.237474,54660.292592
R494:54659.898697,0.088172,54659.898733,54660.292633,54660.380806
R495:54659.936698,0.062223,54659.939093,54660.380862,54660.443086
R496:54660.069082,0.010752,54660.069135,54660.443145,54660.453897
R497:54660.100741,0.008404,54660.100778,54660.453913,54660.462317
R498:54660.208959,0.019567,54660.209015,54660.462331,54660.481899
R499:54660.275626,0.038019,54660.275675,54660.482521,54660.520541
R500:54660.301799,0.051134,54660.301915,54660.520687,54660.571821
R501:54660.338513,0.030816,54660.345138,54660.571887,54660.602703
R502:54660.412879,0.000293,54660.412922,54660.602763,54660.603057
R503:54660.459652,0.010637,54660.459761,54660.603070,54660.613707
R504:54660.478755,0.029358,54660.478797,54660.613719,54660.643078
R505:54660.548394,0.052934,54660.548452,54660.643104,54660.696039
R506:54660.564430,0.021487,54660.571874,54660.696078,54660.717568
R507:54660.579035,0.027792,54660.602752,54660.717587,54660.745380
R508:54660.621586,0.002589,54660.621645,54660.745411,54660.748000
R509:54660.646457,0.082867,54660.646499,54660.748068,54660.830936
R510:54660.652369,0.215788,54660.652388,54660.830976,54661.046765
R511:54660.776807,0.016723,54660.776852,54661.046816,54661.063540
R512:54660.820470,0.022256,54660.820508,54661.063603,54661.085860
R513:54660.832324,0.096134,54660.832349,54661.085965,54661.182110
R514:54660.866783,0.077133,54660.873117,54661.182154,54661.259302
R515:54660.934881,0.007561,54660.934931,54661.259384,54661.266946
R516:54660.964053,0.005457,54660.964101,54661.266965,54661.272422
R517:54660.997407,0.171625,54660.997457,54661.272440,54661.444066
R518:54661.051861,0.101662,54661.051905,54661.444142,54661.545804
R519:54661.059359,0.081127,54661.063592,54661.545839,54661.626968
R520:54661.069909,0.025183,54661.085948,54661.627024,54661.652233
R521:54661.092256,0.038001,54661.126133,54661.652289,54661.690320
R522:54661.128269,0.175398,54661.128299,54661.690394,54661.865793
R523:54661.209090,0.004635,54661.209135,54661.865844,54661.870480
R524:54661.397004,0.002727,54661.397093,54661.870497,54661.873224
R525:54661.398460,0.114890,54661.398638,54661.873230,54661.988121
R526:54661.533434,0.027163,54661.533584,54661.988176,54662.015340
R527:54661.537197,0.012414,54661.537314,54662.015369,54662.027784
R528:54661.550014,0.048748,54661.550259,54662.027800,54662.076549
R529:54661.639300,0.030947,54661.639361,54662.076591,54662.107540
R530:54661.643920,0.030803,54661.643967,54662.107583,54662.138387
R531:54661.675076,0.090252,54661.675146,54662.138416,54662.228669
R532:54661.729506,0.011297,54661.729549,54662.228770,54662.240068
R533:54661.778491,0.055823,54661.778533,54662.240100,54662.295923
R534:54661.874236,0.164239,54661.874267,54662.296009,54662.460248
R535:54661.878693,0.024267,54661.878726,54662.460339,54662.484606
R536:54661.917349,0.133577,54661.919106,54662.484679,54662.618257
R537:54661.944249,0.005449,54661.944296,54662.618300,54662.623749
R538:54662.090834,0.104214,54662.090971,54662.623779,54662.727995
R539:54662.227235,0.127172,54662.227281,54662.728060,54662.855248
R540:54662.239962,0.004697,54662.240183,54662.855304,54662.860001
R541:54662.395622,0.172722,54662.395674,54662.860013,54663.032736
R542:54662.496915,0.000237,54662.496969,54663.032810,54663.033047
R543:54662.538901,0.016927,54662.538984,54663.033063,54663.049991
R544:54662.551347,0.015183,54662.551606,54663.050064,54663.065248
R545:54662.609803,0.001859,54662.609861,54663.065301,54663.067160
R546:54662.691617,0.021578,54662.691698,54663.067203,54663.088783
R547:54662.767236,0.016784,54662.767413,54663.088837,54663.105625
R548:54662.888562,0.056236,54662.888717,54663.105696,54663.161933
R549:54662.936596,0.048916,54662.936645,54663.162000,54663.210917
R550:54663.123058,0.028359,54663.123139,54663.211011,54663.239370
R551:54663.183045,0.276595,54663.183092,54663.239453,54663.516049
R552:54663.183701,0.129794,54663.211091,54663.516295,54663.646090
R553:54663.210712,0.015369,54663.211210,54663.646227,54663.661696
R554:54663.216989,0.017199,54663.239539,54663.662514,54663.679714
R555:54663.312043,0.065411,54663.312103,54663.679744,54663.745158
R556:54663.324340,0.000349,54663.324395,54663.745213,54663.745760
R557:54663.352645,0.110142,54663.352696,54663.745961,54663.856104
R558:54663.423197,0.108729,54663.423237,54663.856169,54663.964899
R559:54663.423973,0.050971,54663.423994,54663.964951,54664.015924
R560:54663.435489,0.129766,54663.435540,54664.015991,54664.145759
R561:54663.445386,0.102031,54663.445452,54664.146693,54664.248725
R562:54663.511795,0.039673,54663.511891,54664.248788,54664.288462
R563:54663.530953,0.088194,54663.531021,54664.288588,54664.376783
R564:54663.541197,0.005991,54663.571125,54664.376832,54664.382823
R565:54663.556227,0.098587,54663.571134,54664.382898,54664.481485
R566:54663.591766,0.030925,54663.591822,54664.481525,54664.512451
R567:54663.638331,0.120127,54663.638395,54664.512493,54664.632621
R568:54663.752848,0.156304,54663.753303,54664.632692,54664.788997
R569:54663.782445,0.010394,54663.793189,54664.789111,54664.799505
R570:54663.793868,0.022327,54663.793886,54664.799536,54664.821864
R571:54663.810745,0.049427,54663.810921,54664.821882,54664.871349
R572:54663.957709,0.047789,54663.957768,54664.871458,54664.919248
R573:54663.984738,0.023805,54663.984779,54664.919323,54664.943132
R574:54664.027696,0.059223,54664.027743,54664.943215,54665.028592
R575:54664.068813,0.052500,54664.068864,54665.028680,54665.081181
R576:54664.069975,0.059158,54664.070087,54665.081229,54665.140388
R577:54664.126990,0.112858,54664.127092,54665.140471,54665.253330
R578:54664.170348,0.056246,54664.170394,54665.253380,54665.309627
R579:54664.186715,0.031218,54664.211197,54665.309686,54665.340905
R580:54664.262519,0.009719,54664.262555,54665.340935,54665.350655
R581:54664.353927,0.020324,54664.353971,54665.350681,54665.371006
R582:54664.377510,0.010045,54664.377530,54665.371057,54665.381103
R583:54664.437392,0.001244,54664.437461,54665.381139,54665.382384
R584:54664.453934,0.027035,54664.478130,54665.382387,54665.409423
R585:54664.463150,0.024330,54664.478134,54665.409449,54665.433779
R586:54664.477263,0.006944,54664.478138,54665.433837,54665.440781
R587:54664.565824,0.007830,54664.565881,54665.440832,54665.448663
R588:54664.566706,0.037810,54664.606452,54665.448729,54665.486540
R589:54664.647180,0.014184,54664.647220,54665.486603,54665.500792
R590:54664.690966,0.039016,54664.691045,54665.500863,54665.539881
R591:54664.706204,0.092931,54664.706311,54665.539940,54665.632872
R592:54664.840148,0.026993,54664.840210,54665.632953,54665.659947
R593:54664.856090,0.032394,54664.856154,54665.660001,54665.692397
R594:54664.935535,0.031129,54664.935592,54665.692426,54665.723556
R595:54664.957052,0.106316,54664.957096,54665.723612,54665.829929
R596:54665.123904,0.015491,54665.123966,54665.829986,54665.845477
R597:54665.184148,0.016287,54665.184191,54665.845507,54665.861794
R598:54665.198474,0.030649,54665.225652,54665.861821,54665.892471
R599:54665.233617,0.044159,54665.233859,54665.892555,54665.936715
R600:54665.255235,0.036165,54665.255261,54665.936771,54665.972937
R601:54665.378100,0.053031,54665.378136,54665.972980,54666.026012
R602:54665.588197,0.209917,54665.588337,54666.026072,54666.235990
R603:54665.649283,0.024687,54665.649368,54666.236029,54666.260717
R604:54665.743833,0.019464,54665.743879,54666.260767,54666.280232
R605:54665.786780,0.067387,54665.786833,54666.280262,54666.347650
R606:54665.846596,0.038148,54665.846637,54666.347702,54666.385851
R607:54665.964298,0.005247,54665.964342,54666.385879,54666.391128
R608:54666.016275,0.019560,54666.016303,54666.391153,54666.410714
R609:54666.193667,0.002217,54666.193877,54666.410753,54666.412971
R610:54666.244613,0.036462,54666.244676,54666.412985,54666.449447
R611:54666.335800,0.027869,54666.335869,54666.449489,54666.477359
R612:54666.487629,0.007474,54666.487675,54666.487794,54666.495268
R613:54666.577973,0.013235,54666.578021,54666.578655,54666.591891
R614:54666.649921,0.000396,54666.649985,54666.652880,54666.653276
R615:54666.703514,0.032032,54666.703577,54666.703971,54666.736004
R616:54666.804264,0.078252,54666.804386,54666.805251,54666.883504
R617:54666.847983,0.009151,54666.848020,54666.883554,54666.892706
R618:54666.856053,0.129855,54666.856094,54666.892760,54667.022616
R619:54666.944278,0.017225,54666.944326,54667.022675,54667.039902
R620:54666.992301,0.010757,54666.992352,54667.039965,54667.050723
R621:54667.009292,0.005948,54667.009330,54667.050782,54667.056730
R622:54667.011487,0.047842,54667.011507,54667.056765,54667.104652
R623:54667.088046,0.056685,54667.088096,54667.113594,54667.170280
R624:54667.102156,0.077621,54667.104723,54667.170336,54667.247958
R625:54667.267406,0.064886,54667.267855,54667.267868,54667.332755
R626:54667.342752,0.051873,54667.342795,54667.342829,54667.394703
R627:54667.364349,0.004723,54667.364404,54667.394736,54667.399459
R628:54667.374306,0.098107,54667.374352,54667.399476,54667.497584
R629:54667.464729,0.024031,54667.464832,54667.497864,54667.521896
R630:54667.487830,0.007646,54667.497848,54667.521943,54667.529590
R631:54667.606721,0.024719,54667.606949,54667.606977,54667.631697
R632:54667.721133,0.199373,54667.721207,54667.721313,54667.920689
R633:54667.880067,0.061656,54667.880124,54667.920734,54667.982390
R634:54667.928105,0.006063,54667.928142,54667.982491,54667.994070
R635:54668.067939,0.008417,54668.068037,54668.068094,54668.076511
R636:54668.068069,0.001608,54668.068077,54668.076575,54668.078184
R637:54668.089770,0.001783,54668.090186,54668.090194,54668.091978
R638:54668.108259,0.032588,54668.108330,54668.108376,54668.140964
R639:54668.169735,0.044239,54668.170226,54668.170236,54668.214476
R640:54668.243321,0.028523,54668.243383,54668.243474,54668.271999
R641:54668.261774,0.042563,54668.261863,54668.272057,54668.314620
R642:54668.284109,0.031573,54668.284146,54668.314701,54668.346275
R643:54668.289142,0.100077,54668.314688,54668.346334,54668.446412
R644:54668.353256,0.213244,54668.353296,54668.446470,54668.659714
R645:54668.376705,0.010842,54668.394144,54668.659775,54668.670646
R646:54668.393451,0.005330,54668.394156,54668.670693,54668.676024
R647:54668.401653,0.003118,54668.401800,54668.676046,54668.679227
R648:54668.453592,0.007674,54668.453624,54668.679250,54668.686925
R649:54668.458775,0.228016,54668.458822,54668.686934,54668.914950
R650:54668.545114,0.073293,54668.545165,54668.915021,54668.988315
R651:54668.562692,0.041535,54668.562743,54668.988367,54669.029903
R652:54668.572029,0.026513,54668.572133,54669.029956,54669.056470
R653:54668.667114,0.029740,54668.667172,54669.056497,54669.086237
R654:54668.721045,0.018734,54668.721099,54669.086415,54669.105150
R655:54668.851234,0.008572,54668.851266,54669.105190,54669.113762
R656:54668.853441,0.021506,54668.853473,54669.113795,54669.135301
R657:54668.934437,0.087901,54668.934495,54669.135322,54669.223224
R658:54669.011941,0.025038,54669.011996,54669.223306,54669.248344
R659:54669.112503,0.007855,54669.112544,54669.248393,54669.256248
R660:54669.182160,0.139814,54669.182239,54669.256289,54669.396160
R661:54669.210583,0.035425,54669.223294,54669.396217,54669.431644
R662:54669.235357,0.129726,54669.248380,54669.431711,54669.561439
R663:54669.237918,0.006543,54669.248383,54669.561499,54669.568067
R664:54669.287507,0.020560,54669.287552,54669.568135,54669.588696
R665:54669.291764,0.019585,54669.328230,54669.588757,54669.608343
R666:54669.298868,0.014831,54669.328233,54669.608396,54669.623228
R667:54669.305613,0.118783,54669.328240,54669.623326,54669.742110
R668:54669.435634,0.033436,54669.435761,54669.742182,54669.775619
R669:54669.500968,0.040895,54669.501184,54669.775681,54669.816577
R670:54669.527282,0.024788,54669.541308,54669.816634,54669.841423
R671:54669.622277,0.039633,54669.622319,54669.841452,54669.881085
R672:54669.696720,0.029609,54669.696763,54669.881142,54669.910752
R673:54669.776351,0.040845,54669.776384,54669.910810,54669.951655
R674:54669.804230,0.003492,54669.804405,54669.951686,54669.955179
R675:54669.912729,0.012467,54669.912746,54669.955245,54669.967713
R676:54669.984615,0.002244,54669.984669,54669.984827,54669.987113
R677:54669.985326,0.002381,54669.985362,54669.987188,54669.989570
R678:54670.062135,0.017575,54670.062167,54670.062590,54670.080167
R679:54670.267053,0.001876,54670.267106,54670.267189,54670.269065
R680:54670.278099,0.016521,54670.278146,54670.278653,54670.295175
R681:54670.337235,0.067314,54670.337264,54670.337716,54670.405031
R682:54670.363693,0.014335,54670.378424,54670.405065,54670.419401
R683:54670.409220,0.011551,54670.409288,54670.419482,54670.431034
R684:54670.470576,0.000111,54670.470625,54670.471133,54670.471243
R685:54670.549265,0.038505,54670.549313,54670.549806,54670.588312
R686:54670.634551,0.032805,54670.634602,54670.635162,54670.667968
R687:54670.664051,0.007167,54670.668022,54670.668049,54670.675217
R688:54670.669291,0.030751,54670.675261,54670.675273,54670.706025
R689:54670.824126,0.073225,54670.824710,54670.824719,54670.897944
R690:54670.893505,0.025152,54670.893560,54670.898035,54670.923192
R691:54670.937749,0.038098,54670.937796,54670.938115,54670.976232
R692:54671.205829,0.063253,54671.205895,54671.206731,54671.269985
R693:54671.240141,0.026248,54671.246583,54671.270051,54671.296337
R694:54671.291249,0.069104,54671.291300,54671.296389,54671.365494
R695:54671.292179,0.052160,54671.296398,54671.365536,54671.417696
R696:54671.326912,0.082033,54671.337169,54671.417757,54671.499791
R697:54671.329692,0.042010,54671.337174,54671.499844,54671.541867
R698:54671.359266,0.001745,54671.359319,54671.541923,54671.543669
R699:54671.363221,0.078586,54671.363315,54671.543719,54671.622306
R700:54671.452423,0.038781,54671.452497,54671.622360,54671.661142
R701:54671.455244,0.028072,54671.493284,54671.661193,54671.689266
R702:54671.479718,0.026699,54671.493287,54671.689294,54671.715994
R703:54671.481438,0.148511,54671.493289,54671.716045,54671.864583
R704:54671.530831,0.014712,54671.530899,54671.864643,54671.879356
R705:54671.653605,0.025535,54671.653648,54671.879387,54671.904931
R706:54671.728754,0.061378,54671.728798,54671.904953,54671.966332
R707:54671.791261,0.004684,54671.791399,54671.966390,54671.971085
R708:54671.951261,0.035969,54671.951302,54671.971153,54672.007123
R709:54671.984481,0.028895,54671.984518,54672.007182,54672.036093
R710:54672.029333,0.143307,54672.030292,54672.036154,54672.179477
R711:54672.048343,0.017280,54672.048387,54672.179588,54672.196869
R712:54672.055403,0.032129,54672.090202,54672.196900,54672.229070
R713:54672.138262,0.081646,54672.138361,54672.229120,54672.310767
R714:54672.255275,0.050427,54672.255333,54672.310827,54672.361255
R715:54672.297231,0.039360,54672.297281,54672.361345,54672.400706
R716:54672.350848,0.130383,54672.350895,54672.400758,54672.531143
R717:54672.362286,0.010879,54672.362332,54672.531235,54672.542115
R718:54672.578224,0.038573,54672.578300,54672.578490,54672.617108
R719:54672.602943,0.011984,54672.617167,54672.617182,54672.629167
R720:54672.612370,0.098938,54672.617171,54672.629228,54672.728185
R721:54672.705182,0.029241,54672.705290,54672.728250,54672.757491
R722:54672.762645,0.039507,54672.762721,54672.763124,54672.802632
R723:54672.813066,0.252011,54672.813119,54672.813276,54673.065288
R724:54672.858160,0.001526,54672.858202,54673.065335,54673.066875
R725:54672.862019,0.019360,54672.862094,54673.066891,54673.086252
R726:54672.895670,0.036599,54672.895727,54673.086277,54673.122877
R727:54673.108650,0.064074,54673.108679,54673.122941,54673.187017
R728:54673.164923,0.032108,54673.164953,54673.187186,54673.219295
R729:54673.457853,0.034806,54673.458023,54673.458068,54673.492874
R730:54673.502178,0.006618,54673.502221,54673.503155,54673.509773
R731:54673.509086,0.016698,54673.509815,54673.509828,54673.526526
R732:54673.511980,0.001054,54673.526607,54673.526626,54673.527702
R733:54673.515071,0.024739,54673.526610,54673.527782,54673.552521
R734:54673.553578,0.048869,54673.553624,54673.553848,54673.602718
R735:54673.601853,0.021623,54673.601895,54673.602754,54673.624378
R736:54673.656436,0.012196,54673.656479,54673.656996,54673.669194
R737:54673.695645,0.002787,54673.695713,54673.696295,54673.699082
R738:54673.788747,0.019733,54673.788829,54673.789225,54673.808960
R739:54673.873512,0.086254,54673.873572,54673.873664,54673.959919
R740:54673.876549,0.032715,54673.915169,54673.959968,54673.992684
R741:54673.902513,0.019972,54673.915171,54673.992744,54674.012716
R742:54673.911644,0.070559,54673.915173,54674.012767,54674.083394
R743:54674.334284,0.243663,54674.334347,54674.334966,54674.578629
R744:54674.337562,0.043221,54674.337609,54674.578688,54674.621909
R745:54674.353045,0.020705,54674.353098,54674.621967,54674.642674
R746:54674.393243,0.038848,54674.393295,54674.642692,54674.681541
R747:54674.464848,0.069905,54674.464901,54674.682204,54674.752110
R748:54674.523358,0.005404,54674.523469,54674.752199,54674.757603
R749:54674.572260,0.006368,54674.572312,54674.757663,54674.764032
R750:54674.581930,0.068646,54674.581961,54674.764120,54674.832767
R751:54674.658623,0.011888,54674.658704,54674.832839,54674.844728
R752:54674.696673,0.015364,54674.696713,54674.844787,54674.860207
R753:54674.890995,0.064690,54674.891060,54674.891105,54674.955795
R754:54674.909297,0.018812,54674.933242,54674.955838,54674.974651
R755:54674.961931,0.146696,54674.961952,54674.974711,54675.121407
R756:54675.008816,0.058640,54675.008840,54675.121462,54675.180102
R757:54675.102118,0.078751,54675.102155,54675.180156,54675.258907
R758:54675.121672,0.019860,54675.121694,54675.259040,54675.278921
R759:54675.156954,0.056448,54675.162105,54675.279007,54675.335456
R760:54675.247852,0.016368,54675.247888,54675.335495,54675.351864
R761:54675.387600,0.046975,54675.387645,54675.387894,54675.434870
R762:54675.388652,0.050901,54675.429322,54675.434915,54675.485816
R763:54675.489391,0.023937,54675.489411,54675.489717,54675.513655
R764:54675.515952,0.035194,54675.515982,54675.516367,54675.551562
R765:54675.595651,0.031487,54675.595683,54675.595811,54675.627300
R766:54675.636589,0.176496,54675.636636,54675.636740,54675.813237
R767:54675.653792,0.012108,54675.677152,54675.813288,54675.825397
R768:54675.720759,0.144746,54675.720795,54675.825420,54675.970167
R769:54675.736948,0.087405,54675.736997,54675.970256,54676.057662
R770:54675.903609,0.033515,54675.903660,54676.057702,54676.091219
R771:54675.921733,0.002671,54675.921812,54676.091272,54676.093944
R772:54676.009286,0.002503,54676.009372,54676.093979,54676.096482
R773:54676.021245,0.049121,54676.021368,54676.096498,54676.145620
R774:54676.131331,0.049760,54676.131376,54676.145691,54676.195452
R775:54676.159393,0.016644,54676.159432,54676.195535,54676.212179
R776:54676.180822,0.019131,54676.195519,54676.212210,54676.231342
R777:54676.322301,0.065264,54676.323186,54676.323198,54676.388463
R778:54676.453522,0.014680,54676.453613,54676.453711,54676.468393
R779:54676.638284,0.059824,54676.638373,54676.638899,54676.698724
R780:54676.645308,0.046998,54676.679371,54676.698763,54676.745761
R781:54676.729343,0.000591,54676.729393,54676.745826,54676.746417
R782:54676.740090,0.092861,54676.745814,54676.746440,54676.839301
R783:54676.791236,0.084449,54676.791295,54676.839374,54676.923824
R784:54676.806510,0.009175,54676.832288,54676.923875,54676.933051
R785:54676.898006,0.002399,54676.898045,54676.933106,54676.935505
R786:54676.958426,0.026713,54676.958477,54676.960120,54676.986834
R787:54677.021365,0.090106,54677.021419,54677.021545,54677.111651
R788:54677.027673,0.143998,54677.062400,54677.111705,54677.255703
R789:54677.064284,0.091427,54677.064302,54677.255761,54677.347257
R790:54677.100677,0.071958,54677.100724,54677.347291,54677.419250
R791:54677.151009,0.033057,54677.151082,54677.419286,54677.452344
R792:54677.158851,0.000746,54677.192257,54677.452396,54677.453142
R793:54677.163882,0.001906,54677.192260,54677.453152,54677.455059
R794:54677.178028,0.019429,54677.192264,54677.455064,54677.474494
R795:54677.197699,0.001472,54677.197823,54677.474519,54677.476005
R796:54677.276668,0.115211,54677.276727,54677.476018,54677.591241
R797:54677.434680,0.035809,54677.434804,54677.591311,54677.627121
R798:54677.438133,0.015569,54677.438208,54677.627150,54677.642720
R799:54677.518650,0.038033,54677.518914,54677.642748,54677.680783
R800:54677.542543,0.171895,54677.559248,54677.680822,54677.852718
R801:54677.576380,0.004788,54677.576434,54677.852757,54677.857623
R802:54677.627789,0.056715,54677.627933,54677.857677,54677.914393
R803:54677.656586,0.093050,54677.656634,54677.914445,54678.007496
R804:54677.810663,0.024470,54677.810783,54678.007545,54678.032016
R805:54677.868160,0.010934,54677.868295,54678.032072,54678.043008
R806:54677.936516,0.082078,54677.936636,54678.043037,54678.125115
R807:54677.946343,0.013112,54677.946663,54678.125171,54678.138284
R808:54678.013955,0.111660,54678.014010,54678.138326,54678.249987
R809:54678.115582,0.004736,54678.115941,54678.250539,54678.255275
R810:54678.134443,0.000162,54678.134818,54678.255290,54678.255452
R811:54678.149351,0.007899,54678.149677,54678.255457,54678.263356
R812:54678.157383,0.008726,54678.191144,54678.263365,54678.272092
R813:54678.294988,0.052128,54678.295032,54678.295598,54678.347727
R814:54678.358171,0.207392,54678.358254,54678.358865,54678.566258
R815:54678.391309,0.099359,54678.391358,54678.566307,54678.665666
R816:54678.403177,0.071271,54678.403220,54678.665735,54678.737006
R817:54678.582503,0.020311,54678.582554,54678.737064,54678.757472
R818:54678.764868,0.106262,54678.764982,54678.765085,54678.871348
R819:54678.799648,0.003102,54678.799836,54678.871405,54678.874508
R820:54678.811814,0.099078,54678.811858,54678.874523,54678.973602
R821:54678.830563,0.027020,54678.830599,54678.973659,54679.000680
R822:54678.848839,0.138036,54678.848884,54679.000738,54679.159263
R823:54678.914103,0.033628,54678.914128,54679.159314,54679.193641
R824:54678.975638,0.123996,54678.975696,54679.193747,54679.317744
R825:54679.080026,0.002269,54679.080116,54679.317807,54679.320090
R826:54679.161458,0.060089,54679.161515,54679.320142,54679.380233
R827:54679.310526,0.086545,54679.310581,54679.380302,54679.466848
R828:54679.323934,0.094201,54679.324145,54679.466909,54679.561111
R829:54679.440260,0.016926,54679.440294,54679.561145,54679.578072
R830:54679.478016,0.052551,54679.478073,54679.578100,54679.630652
R831:54679.583474,0.076692,54679.583525,54679.630724,54679.707416
R832:54679.593181,0.005509,54679.593229,54679.707481,54679.712991
R833:54679.624332,0.094178,54679.630711,54679.713013,54679.807193
R834:54679.631823,0.017580,54679.671162,54679.807265,54679.826628
R835:54679.878651,0.014553,54679.878703,54679.878772,54679.893326
R836:54680.019316,0.008998,54680.019434,54680.019445,54680.028443
R837:54680.029583,0.087739,54680.029727,54680.029734,54680.117475
R838:54680.094907,0.019150,54680.094966,54680.117521,54680.136672
R839:54680.102124,0.133693,54680.102172,54680.136727,54680.270421
R840:54680.124788,0.113466,54680.124826,54680.270518,54680.383986
R841:54680.140835,0.008357,54680.140868,54680.384035,54680.392393
R842:54680.359489,0.009069,54680.359533,54680.392440,54680.401510
R843:54680.413419,0.030389,54680.413444,54680.413680,54680.444069
R844:54680.634937,0.029631,54680.635007,54680.635645,54680.665279
R845:54680.635927,0.093582,54680.665340,54680.666124,54680.759708
R846:54680.715827,0.111616,54680.715887,54680.759769,54680.871386
R847:54680.721973,0.035419,54680.721997,54680.871414,54680.906833
R848:54680.780984,0.069026,54680.781057,54680.906862,54680.975888
R849:54681.124150,0.200813,54681.124207,54681.124582,54681.325396
R850:54681.150271,0.015300,54681.150322,54681.325471,54681.340783
R851:54681.153101,0.011381,54681.153123,54681.340846,54681.352228
R852:54681.168913,0.117452,54681.168962,54681.352250,54681.469703
R853:54681.201942,0.037725,54681.201995,54681.469740,54681.507466
R854:54681.203900,0.021331,54681.203933,54681.507495,54681.528827
R855:54681.218847,0.030548,54681.218903,54681.528865,54681.559414
R856:54681.255426,0.028648,54681.255478,54681.559491,54681.588140
R857:54681.272696,0.091588,54681.272822,54681.588282,54681.679871
R858:54681.329424,0.044323,54681.329459,54681.679928,54681.724262
R859:54681.384104,0.047847,54681.384163,54681.724434,54681.772282
R860:54681.405483,0.001934,54681.425245,54681.772352,54681.774286
R861:54681.408553,0.007110,54681.425249,54681.774328,54681.781439
R862:54681.445703,0.004852,54681.445770,54681.781463,54681.786319
R863:54681.603432,0.131351,54681.603473,54681.786331,54681.917682
R864:54681.664611,0.271541,54681.664722,54681.917714,54682.189256
R865:54681.774303,0.108591,54681.774352,54682.189292,54682.297884
R866:54681.916681,0.007786,54681.916756,54682.297943,54682.306327
R867:54681.935138,0.058165,54681.935213,54682.306397,54682.364563
R868:54681.941274,0.006405,54681.976123,54682.364610,54682.371017
R869:54681.945001,0.015836,54681.976126,54682.371041,54682.386878
R870:54681.959854,0.056671,54681.976131,54682.386898,54682.443569
R871:54681.997864,0.062142,54681.997915,54682.444261,54682.506452
R872:54682.074954,0.020755,54682.075007,54682.506513,54682.527269
R873:54682.082398,0.062983,54682.082655,54682.527295,54682.590278
R874:54682.131258,0.093739,54682.131327,54682.590308,54682.684048
R875:54682.286727,0.164354,54682.286777,54682.684105,54682.848459
R876:54682.311307,0.079054,54682.311389,54682.848513,54682.927568
R877:54682.439638,0.084423,54682.439744,54682.927626,54683.012050
R878:54682.446336,0.066459,54682.446369,54683.012103,54683.078563
R879:54682.575270,0.065057,54682.575354,54683.078610,54683.143668
R880:54682.656250,0.052862,54682.656288,54683.143743,54683.196606
R881:54682.734365,0.231088,54682.734393,54683.196643,54683.427739
R882:54682.790955,0.060771,54682.790985,54683.427800,54683.488572
R883:54682.885262,0.093387,54682.885302,54683.488617,54683.582004
R884:54682.952834,0.112694,54682.952953,54683.582061,54683.694756
R885:54683.055812,0.017208,54683.055848,54683.694784,54683.711993
R886:54683.063324,0.093421,54683.063344,54683.712008,54683.805430
R887:54683.113605,0.058125,54683.113647,54683.805497,54683.863622
R888:54683.113892,0.040363,54683.143727,54683.863674,54683.904038
R889:54683.126143,0.005995,54683.143731,54683.904086,54683.910081
R890:54683.156789,0.066538,54683.185137,54683.910123,54683.976662
R891:54683.187237,0.016779,54683.187308,54683.976710,54683.993490
R892:54683.192101,0.009366,54683.192138,54683.993543,54684.002910
R893:54683.236729,0.026953,54683.236763,54684.002946,54684.029900
R894:54683.243099,0.092633,54683.277223,54684.029954,54684.122588
R895:54683.382965,0.050675,54683.383107,54684.122651,54684.173327
R896:54683.393237,0.071001,54683.393382,54684.173400,54684.244402
R897:54683.434704,0.017305,54683.434735,54684.244452,54684.261758
R898:54683.493130,0.018187,54683.493192,54684.261774,54684.279961
R899:54683.530137,0.016799,54683.530185,54684.279982,54684.296782
R900:54683.539403,0.014724,54683.539444,54684.296819,54684.311544
R901:54683.553020,0.074144,54683.553094,54684.311571,54684.385715
R902:54683.604404,0.043277,54683.604471,54684.385753,54684.429031
R903:54683.610995,0.016849,54683.646671,54684.429103,54684.445952
R904:54683.647710,0.099700,54683.647739,54684.446043,54684.545744
R905:54683.657688,0.038139,54683.657734,54684.545775,54684.583916
R906:54683.688751,0.032188,54683.688796,54684.583968,54684.616157
R907:54683.743098,0.006937,54683.743129,54684.616201,54684.623139
R908:54683.844788,0.125661,54683.844921,54684.623162,54684.748823
R909:54683.906869,0.040107,54683.906970,54684.748894,54684.789010
R910:54683.954413,0.058677,54683.954519,54684.789128,54684.847806
R911:54684.039482,0.014916,54684.039524,54684.847863,54684.862780
R912:54684.051982,0.084615,54684.083378,54684.862800,54684.947416
R913:54684.087306,0.120802,54684.087337,54684.947460,54685.068262
R914:54684.134759,0.058330,54684.134848,54685.068298,54685.126629
R915:54684.143442,0.019340,54684.173385,54685.126678,54685.146019
R916:54684.156847,0.074062,54684.173388,54685.146077,54685.220140
R917:54684.326680,0.002269,54684.326776,54685.220197,54685.222466
R918:54684.333095,0.040383,54684.333132,54685.222559,54685.262942
R919:54684.359183,0.033172,54684.359263,54685.263049,54685.296221
R920:54684.383548,0.065374,54684.383712,54685.296344,54685.361719
R921:54684.415913,0.000884,54684.416259,54685.361771,54685.362655
R922:54684.418555,0.090784,54684.429089,54685.362665,54685.453450
R923:54684.433040,0.094753,54684.446002,54685.453542,54685.548296
R924:54684.442500,0.059096,54684.446005,54685.548354,54685.607450
R925:54684.525758,0.036536,54684.525816,54685.607498,54685.644035
R926:54684.556691,0.044581,54684.556726,54685.644087,54685.688670
R927:54684.585443,0.089507,54684.585481,54685.688710,54685.778217
R928:54684.673666,0.019791,54684.673696,54685.778261,54685.798053
R929:54684.704522,0.037407,54684.714082,54685.798101,54685.835814
R930:54684.785747,0.140569,54684.785861,54685.835846,54685.976416
R931:54684.788642,0.159827,54684.789116,54685.976477,54686.136305
R932:54684.900066,0.141775,54684.900112,54686.136392,54686.278183
R933:54684.973988,0.003325,54684.974039,54686.279311,54686.282637
R934:54684.974773,0.020315,54684.974911,54686.282651,54686.302968
R935:54685.015775,0.122297,54685.015813,54686.302990,54686.425287
R936:54685.063143,0.041945,54685.063192,54686.425345,54686.467291
R937:54685.067215,0.015570,54685.067241,54686.467334,54686.482905
R938:54685.224655,0.004057,54685.224686,54686.482932,54686.486990
R939:54685.255788,0.008798,54685.263005,54686.487010,54686.495809
R940:54685.264093,0.036552,54685.296330,54686.495833,54686.532386
R941:54685.352328,0.008438,54685.352379,54686.532424,54686.540862
R942:54685.419726,0.030455,54685.419775,54686.540895,54686.571351
R943:54685.427286,0.036131,54685.453529,54686.571413,54686.607545
R944:54685.689313,0.065864,54685.689335,54686.607573,54686.673438
R945:54685.779507,0.080092,54685.779665,54686.673495,54686.753588
R946:54685.782659,0.109821,54685.782692,54686.753640,54686.863503
R947:54685.848647,0.024269,54685.848690,54686.863574,54686.887844
R948:54685.932219,0.071571,54685.932299,54686.887872,54686.959443
R949:54686.036678,0.019691,54686.036728,54686.959503,54686.979195
R950:54686.072014,0.314409,54686.072105,54686.979249,54687.293659
R951:54686.078116,0.008618,54686.078150,54687.293710,54687.302328
R952:54686.094350,0.009301,54686.094434,54687.302354,54687.311656
R953:54686.143913,0.177105,54686.144087,54687.311680,54687.488786
R954:54686.177798,0.039172,54686.184114,54687.488882,54687.528077
R955:54686.195208,0.000956,54686.195316,54687.528139,54687.529095
R956:54686.203947,0.083616,54686.203989,54687.529113,54687.612729
R957:54686.208216,0.009339,54686.208245,54687.612822,54687.622161
R958:54686.219759,0.008871,54686.219943,54687.622184,54687.631055
R959:54686.238754,0.002637,54686.238836,54687.631099,54687.633737
R960:54686.307421,0.064762,54686.307461,54687.633748,54687.698511
R961:54686.440973,0.041819,54686.441014,54687.698566,54687.740386
R962:54686.553282,0.046752,54686.553320,54687.740432,54687.787185
R963:54686.609983,0.029446,54686.610075,54687.787272,54687.816720
R964:54686.788587,0.025554,54686.788708,54687.816794,54687.843152
R965:54686.817011,0.031123,54686.829345,54687.843214,54687.874338
R966:54686.903986,0.000476,54686.904398,54687.874368,54687.874844
R967:54686.935189,0.166558,54686.935275,54687.874847,54688.041406
R968:54686.993393,0.002438,54686.993473,54688.041437,54688.043875
R969:54687.005885,0.027835,54687.005940,54688.043890,54688.071726
R970:54687.167604,0.003505,54687.167752,54688.071784,54688.075289
R971:54687.221129,0.052851,54687.221210,54688.075380,54688.128233
R972:54687.256460,0.048387,54687.256602,54688.128289,54688.176677
R973:54687.381896,0.008022,54687.381933,54688.176729,54688.184885
R974:54687.485008,0.035441,54687.485098,54688.184921,54688.220363
R975:54687.575886,0.056558,54687.576070,54688.220420,54688.276979
R976:54687.589895,0.002537,54687.612778,54688.277030,54688.279568
R977:54687.606146,0.094495,54687.612781,54688.279581,54688.374077
R978:54687.623159,0.010867,54687.623275,54688.374113,54688.384984
R979:54687.687410,0.001284,54687.687534,54688.385113,54688.386397
R980:54687.708625,0.003338,54687.708748,54688.386416,54688.389755
R981:54687.762592,0.253950,54687.762648,54688.389767,54688.643718
R982:54687.802820,0.005851,54687.803059,54688.643753,54688.649604
R983:54687.808492,0.014603,54687.816781,54688.649627,54688.664231
R984:54687.995594,0.111895,54687.995680,54688.664255,54688.776156
R985:54688.007194,0.069069,54688.037073,54688.776280,54688.845350
R986:54688.075357,0.006735,54688.075420,54688.845390,54688.852125
R987:54688.267733,0.091911,54688.267832,54688.852175,54688.944086
R988:54688.298937,0.012691,54688.298983,54688.944119,54688.956810
R989:54688.380177,0.037614,54688.380212,54688.956841,54688.994455
R990:54688.647503,0.010459,54688.647564,54688.994492,54689.004962
R991:54688.725633,0.168897,54688.725686,54689.005050,54689.173954
R992:54688.739318,0.029902,54688.768023,54689.174038,54689.203941
R993:54688.755408,0.112749,54688.768029,54689.203990,54689.316740
R994:54688.854666,0.005758,54688.854709,54689.316808,54689.322567
R995:54688.915774,0.013784,54688.915834,54689.323228,54689.337026
R996:54689.064830,0.026315,54689.064878,54689.337050,54689.363365
R997:54689.076271,0.014213,54689.105227,54689.363447,54689.377660
R998:54689.092091,0.010705,54689.105241,54689.377708,54689.388413
R999:54689.135552,0.056607,54689.135600,54689.388441,54689.445048
R1000:54689.176644,0.009977,54689.176685,54689.445120,54689.455097
R1001:54689.182279,0.002410,54689.182326,54689.455132,54689.457543
R1002:54689.215501,0.087927,54689.215556,54689.457601,54689.545529
R1003:54689.237762,0.002722,54689.256322,54689.545577,54689.548309
R1004:54689.366808,0.104819,54689.366843,54689.548363,54689.653182
R1005:54689.370243,0.076579,54689.370281,54689.653207,54689.729787
R1006:54689.421815,0.077495,54689.421905,54689.729833,54689.807350
R1007:54689.426287,0.018126,54689.445108,54689.807419,54689.825546
R1008:54689.507988,0.041561,54689.508031,54689.825616,54689.867178
R1009:54689.524324,0.107407,54689.545591,54689.867301,54689.974708
R1010:54689.537724,0.006373,54689.545595,54689.974766,54689.981140
R1011:54689.603744,0.093749,54689.603772,54689.981160,54690.074910
R1012:54689.611772,0.022232,54689.644223,54690.074964,54690.097197
R1013:54689.656672,0.002487,54689.656713,54690.097256,54690.099744
R1014:54689.663180,0.045166,54689.697253,54690.099777,54690.144944
R1015:54689.710718,0.050769,54689.710757,54690.144993,54690.195763
R1016:54689.787062,0.008280,54689.787197,54690.195879,54690.204159
R1017:54689.875845,0.004309,54689.875906,54690.204263,54690.208573
R1018:54689.943905,0.042521,54689.943965,54690.208594,54690.251116
R1019:54690.175090,0.001636,54690.175138,54690.251142,54690.252777
R1020:54690.183817,0.063155,54690.195860,54690.252784,54690.315940
R1021:54690.219040,0.036254,54690.219093,54690.315991,54690.352246
R1022:54690.319067,0.041699,54690.319098,54690.352303,54690.394003
R1023:54690.362859,0.067895,54690.363195,54690.394094,54690.461992
R1024:54690.464736,0.000959,54690.464762,54690.464785,54690.465744
R1025:54690.473056,0.081338,54690.473098,54690.473117,54690.554456
R1026:54690.531474,0.069382,54690.531528,54690.554487,54690.623870
R1027:54690.541264,0.055065,54690.541318,54690.623931,54690.678997
R1028:54690.604111,0.068158,54690.604200,54690.679046,54690.747233
R1029:54690.611550,0.054083,54690.623919,54690.747292,54690.801396
R1030:54690.685805,0.029195,54690.685856,54690.801460,54690.830656
R1031:54690.710294,0.006085,54690.710320,54690.830715,54690.836801
R1032:54690.731464,0.205211,54690.731627,54690.836823,54691.042034
R1033:54690.785641,0.042807,54690.785721,54691.042124,54691.084932
R1034:54690.799124,0.020226,54690.801448,54691.084986,54691.105214
R1035:54690.847238,0.000307,54690.847300,54691.105289,54691.105597
R1036:54690.902908,0.027528,54690.903018,54691.105617,54691.133147
R1037:54690.906483,0.040472,54690.943291,54691.133207,54691.173682
R1038:54690.950512,0.020899,54690.950562,54691.173807,54691.194708
R1039:54691.216489,0.006348,54691.216549,54691.216772,54691.223136
R1040:54691.237489,0.128714,54691.237540,54691.237750,54691.366465
R1041:54691.264018,0.034585,54691.278309,54691.366515,54691.401101
R1042:54691.414700,0.042518,54691.414734,54691.414786,54691.457305
R1043:54691.480878,0.076488,54691.480938,54691.481900,54691.558389
R1044:54691.491755,0.107248,54691.491816,54691.558453,54691.665702
R1045:54691.514483,0.053328,54691.514535,54691.665754,54691.719084
R1046:54691.549243,0.067949,54691.549286,54691.719133,54691.787092
R1047:54691.572536,0.126345,54691.572583,54691.787163,54691.913509
R1048:54691.659268,0.171431,54691.659496,54691.913573,54692.085005
R1049:54691.736113,0.016622,54691.736160,54692.085062,54692.101685
R1050:54691.776587,0.005417,54691.777122,54692.101746,54692.107310
R1051:54691.797739,0.021555,54691.798000,54692.107402,54692.128957
R1052:54691.818528,0.083245,54691.838266,54692.128984,54692.212230
R1053:54691.862639,0.036193,54691.862794,54692.212266,54692.248508
R1054:54692.001775,0.011332,54692.002289,54692.248578,54692.259910
R1055:54692.012251,0.035977,54692.012683,54692.259930,54692.295908
R1056:54692.072464,0.040710,54692.072536,54692.296622,54692.337333
R1057:54692.081457,0.080649,54692.081561,54692.337408,54692.418058
R1058:54692.082703,0.009870,54692.082730,54692.418170,54692.428041
R1059:54692.091291,0.029586,54692.091330,54692.428093,54692.457680
R1060:54692.143108,0.001446,54692.143126,54692.457710,54692.459186
R1061:54692.147261,0.024492,54692.184126,54692.459193,54692.483685
R1062:54692.153775,0.103116,54692.184133,54692.483741,54692.586858
R1063:54692.240926,0.034473,54692.240967,54692.586911,54692.621393
R1064:54692.262701,0.081142,54692.262772,54692.621421,54692.702564
R1065:54692.371460,0.007581,54692.371493,54692.702601,54692.710183
R1066:54692.461123,0.003626,54692.461145,54692.710203,54692.713829
R1067:54692.600408,0.028230,54692.600450,54692.713838,54692.742068
R1068:54692.640689,0.025208,54692.640729,54692.742092,54692.767344
R1069:54692.767509,0.001686,54692.767554,54692.767565,54692.769354
R1070:54692.940102,0.043479,54692.940178,54692.940250,54692.983730
R1071:54692.994956,0.064614,54692.995364,54692.995378,54693.059992
R1072:54693.041584,0.040876,54693.041642,54693.060042,54693.100922
R1073:54693.050428,0.015572,54693.050476,54693.100993,54693.116566
R1074:54693.094463,0.005837,54693.094511,54693.116600,54693.122437
R1075:54693.173264,0.080391,54693.173300,54693.173424,54693.253844
R1076:54693.247051,0.084823,54693.247148,54693.253889,54693.338712
R1077:54693.255993,0.120543,54693.256046,54693.338745,54693.459288
R1078:54693.268374,0.034092,54693.296176,54693.459330,54693.493424
R1079:54693.337262,0.037742,54693.337309,54693.493483,54693.531230
R1080:54693.368304,0.010499,54693.368406,54693.531254,54693.541754
R1081:54693.389245,0.011303,54693.408155,54693.541778,54693.553081
R1082:54693.454748,0.008807,54693.454788,54693.553095,54693.561902
R1083:54693.472948,0.007546,54693.472986,54693.561918,54693.569464
R1084:54693.532460,0.043406,54693.532691,54693.569474,54693.612881
R1085:54693.580808,0.008495,54693.580845,54693.612942,54693.621438
R1086:54693.592123,0.063541,54693.612929,54693.621488,54693.685030
R1087:54693.602599,0.017763,54693.612931,54693.685113,54693.702876
R1088:54693.728224,0.026185,54693.728291,54693.728705,54693.754891
R1089:54693.747521,0.000780,54693.754941,54693.754953,54693.755734
R1090:54693.796769,0.016484,54693.796810,54693.797307,54693.813792
R1091:54693.839787,0.053434,54693.839836,54693.840285,54693.893720
R1092:54693.939283,0.000106,54693.939354,54693.940176,54693.940302
R1093:54693.945454,0.077330,54693.945511,54693.946158,54694.023489
R1094:54693.994791,0.184876,54693.994838,54694.023572,54694.208449
R1095:54694.035359,0.078851,54694.035506,54694.208510,54694.287362
R1096:54694.058086,0.219290,54694.076121,54694.287416,54694.506707
R1097:54694.069488,0.027579,54694.076130,54694.506763,54694.534343
R1098:54694.390629,0.049641,54694.390687,54694.534408,54694.584066
R1099:54694.400253,0.061298,54694.400296,54694.584111,54694.645409
R1100:54694.449262,0.066831,54694.449328,54694.645458,54694.712291
R1101:54694.463276,0.023170,54694.463345,54694.712364,54694.735535
R1102:54694.580297,0.068205,54694.580351,54694.735588,54694.803794
R1103:54694.616357,0.066315,54694.616489,54694.803855,54694.870171
R1104:54694.681807,0.013491,54694.681854,54694.870229,54694.883721
R1105:54694.691641,0.055421,54694.712351,54694.883744,54694.939165
R1106:54694.773267,0.041642,54694.773295,54694.939284,54694.980927
R1107:54694.816544,0.047707,54694.816576,54694.980992,54695.028708
R1108:54694.840543,0.111867,54694.857162,54695.028768,54695.140636
R1109:54694.890591,0.003293,54694.890731,54695.140688,54695.143981
R1110:54694.921424,0.063440,54694.921553,54695.143988,54695.207429
R1111:54695.040989,0.001683,54695.041041,54695.207479,54695.209197
R1112:54695.157337,0.095825,54695.157446,54695.209214,54695.305040
R1113:54695.230594,0.096696,54695.230632,54695.305089,54695.401799
R1114:54695.267406,0.001066,54695.271209,54695.401861,54695.403019
R1115:54695.307345,0.058896,54695.307394,54695.403051,54695.461969
R1116:54695.357176,0.027645,54695.357260,54695.462080,54695.489726
R1117:54695.441473,0.012106,54695.441526,54695.490521,54695.502627
R1118:54695.445589,0.065991,54695.445631,54695.502658,54695.568650
R1119:54695.457021,0.019369,54695.462017,54695.568703,54695.588073
R1120:54695.632901,0.060133,54695.632932,54695.633786,54695.693920
R1121:54695.837953,0.033340,54695.838031,54695.838658,54695.871998
R1122:54696.115811,0.019103,54696.115880,54696.115928,54696.135032
R1123:54696.134086,0.089218,54696.135112,54696.135123,54696.224342
R1124:54696.140453,0.034998,54696.176960,54696.224385,54696.259383
R1125:54696.154482,0.004130,54696.176965,54696.259412,54696.263544
R1126:54696.287609,0.069912,54696.287995,54696.288004,54696.357917
R1127:54696.302673,0.131975,54696.302717,54696.357978,54696.489953
R1128:54696.309855,0.042132,54696.309898,54696.489986,54696.532119
R1129:54696.364865,0.004617,54696.364982,54696.532182,54696.536800
R1130:54696.455854,0.021230,54696.455978,54696.536865,54696.558095
R1131:54696.509245,0.021453,54696.509287,54696.558117,54696.579571
R1132:54696.598924,0.092649,54696.598979,54696.599101,54696.691751
R1133:54696.686340,0.140497,54696.686423,54696.691802,54696.832300
R1134:54696.735847,0.036025,54696.735872,54696.832348,54696.868374
R1135:54696.786663,0.039412,54696.786701,54696.868426,54696.907839
R1136:54696.804811,0.014521,54696.804861,54696.907916,54696.922438
R1137:54696.819483,0.032494,54696.819528,54696.922493,54696.954987
R1138:54696.821581,0.007165,54696.821601,54696.955016,54696.962182
R1139:54696.871357,0.075799,54696.871379,54696.962201,54697.038000
R1140:54696.893665,0.011522,54696.907904,54697.038037,54697.049559
R1141:54696.953674,0.097996,54696.953799,54697.049608,54697.147604
R1142:54697.070291,0.178882,54697.070401,54697.147654,54697.326538
R1143:54697.258864,0.041578,54697.258912,54697.326594,54697.368217
R1144:54697.350713,0.042403,54697.350756,54697.368250,54697.410653
R1145:54697.396851,0.007078,54697.396874,54697.410704,54697.417783
R1146:54697.459271,0.028380,54697.459313,54697.459785,54697.488166
R1147:54697.606297,0.058302,54697.606346,54697.606802,54697.665104
R1148:54697.644967,0.002292,54697.647098,54697.665132,54697.667424
R1149:54697.664053,0.095660,54697.664097,54697.667452,54697.763122
R1150:54697.722546,0.109981,54697.722586,54697.763180,54697.873161
R1151:54697.771068,0.073785,54697.771111,54697.873215,54697.947001
R1152:54697.801462,0.028084,54697.801544,54697.947062,54697.975147
R1153:54697.810959,0.062033,54697.810998,54697.975175,54698.037209
R1154:54697.828578,0.040964,54697.828626,54698.037297,54698.078262
R1155:54697.877913,0.011168,54697.877959,54698.078334,54698.089502
R1156:54697.918069,0.021609,54697.918124,54698.089544,54698.111153
R1157:54698.003559,0.064338,54698.003761,54698.111200,54698.175540
R1158:54698.007891,0.093876,54698.037244,54698.175604,54698.269481
R1159:54698.031307,0.099918,54698.037247,54698.269540,54698.369459
R1160:54698.051937,0.141765,54698.078320,54698.369620,54698.511399
R1161:54698.084074,0.020511,54698.089534,54698.511472,54698.531984
R1162:54698.416149,0.032440,54698.416188,54698.532092,54698.564532
R1163:54698.444364,0.052599,54698.457125,54698.564551,54698.617151
R1164:54698.446086,0.052935,54698.457129,54698.617228,54698.670164
R1165:54698.489814,0.004191,54698.489865,54698.670232,54698.674452
R1166:54698.531282,0.115579,54698.531319,54698.674479,54698.790059
R1167:54698.577493,0.057514,54698.577529,54698.790117,54698.847632
R1168:54698.690091,0.005327,54698.690127,54698.847670,54698.852997
R1169:54698.713990,0.112173,54698.731155,54698.853005,54698.965179
R1170:54698.743625,0.108348,54698.743765,54698.965247,54699.073604
R1171:54698.807506,0.027701,54698.807587,54699.073694,54699.101396
R1172:54698.813512,0.008325,54698.813534,54699.101422,54699.109748
R1173:54698.829527,0.040973,54698.829562,54699.109776,54699.150750
R1174:54698.839281,0.028783,54698.839325,54699.150781,54699.179565
R1175:54698.839498,0.027167,54698.839513,54699.179595,54699.206789
R1176:54698.872287,0.027255,54698.872317,54699.206817,54699.234073
R1177:54698.900661,0.069995,54698.900817,54699.234186,54699.304183
R1178:54698.983935,0.075842,54698.983986,54699.304252,54699.380095
R1179:54699.118130,0.027207,54699.118273,54699.380820,54699.408028
R1180:54699.148862,0.118911,54699.148925,54699.408088,54699.527000
R1181:54699.182566,0.186348,54699.182608,54699.527071,54699.713420
R1182:54699.223455,0.021682,54699.223474,54699.713476,54699.735158
R1183:54699.321324,0.007473,54699.321369,54699.735188,54699.742661
R1184:54699.384934,0.002757,54699.384976,54699.742709,54699.745466
R1185:54699.421529,0.006007,54699.421606,54699.745494,54699.751502
R1186:54699.424613,0.006780,54699.463149,54699.751524,54699.758305
R1187:54699.590528,0.009649,54699.590595,54699.758333,54699.767982
R1188:54699.636724,0.058200,54699.636996,54699.768005,54699.826229
R1189:54699.656703,0.016466,54699.656755,54699.826301,54699.842768
R1190:54699.735673,0.008635,54699.735695,54699.842784,54699.851420
R1191:54699.743651,0.035099,54699.743679,54699.851441,54699.886541
R1192:54699.814587,0.030392,54699.814745,54699.886583,54699.916976
R1193:54699.865870,0.032348,54699.865922,54699.917037,54699.949386
R1194:54699.883787,0.054223,54699.883820,54699.949408,54700.003632
R1195:54699.899957,0.055397,54699.900006,54700.003675,54700.059072
R1196:54700.033676,0.025217,54700.033724,54700.059126,54700.084356
R1197:54700.084139,0.023691,54700.084190,54700.084389,54700.108080
R1198:54700.146062,0.018198,54700.146113,54700.146236,54700.164435
R1199:54700.227359,0.011210,54700.227412,54700.228066,54700.239277
R1200:54700.270377,0.039808,54700.270462,54700.270553,54700.310599
R1201:54700.296731,0.017680,54700.310676,54700.310692,54700.328373
R1202:54700.319005,0.095738,54700.328446,54700.328458,54700.424197
R1203:54700.385372,0.156108,54700.385455,54700.424231,54700.580351
R1204:54700.423265,0.011671,54700.423299,54700.580413,54700.592084
R1205:54700.469282,0.054804,54700.469309,54700.592116,54700.646921
R1206:54700.485694,0.137690,54700.510185,54700.646977,54700.784668
R1207:54700.514006,0.145577,54700.514171,54700.784747,54700.930325
R1208:54700.525318,0.027931,54700.525380,54700.930381,54700.958313
R1209:54700.554775,0.049425,54700.554837,54700.958384,54701.007809
R1210:54700.587189,0.019136,54700.587224,54701.007868,54701.027005
R1211:54700.592877,0.053810,54700.592905,54701.027055,54701.080865
R1212:54700.613815,0.143512,54700.633262,54701.080900,54701.224413
R1213:54700.687595,0.030998,54700.687635,54701.224463,54701.255477
R1214:54700.689903,0.040225,54700.728133,54701.255505,54701.295731
R1215:54700.706817,0.046713,54700.728141,54701.295799,54701.342513
R1216:54700.770894,0.188471,54700.770944,54701.342562,54701.531034
R1217:54700.777370,0.075114,54700.777422,54701.531091,54701.606233
R1218:54700.916023,0.023766,54700.916078,54701.606294,54701.630061
R1219:54701.020325,0.023097,54701.020360,54701.630109,54701.653236
R1220:54701.098225,0.175077,54701.098266,54701.653347,54701.828425
R1221:54701.150384,0.153173,54701.150546,54701.828470,54701.981644
R1222:54701.152784,0.011533,54701.152807,54701.981700,54701.993234
R1223:54701.292334,0.017688,54701.292374,54701.993263,54702.010951
R1224:54701.427706,0.019346,54701.427792,54702.010973,54702.030320
R1225:54701.487191,0.064350,54701.487339,54702.030378,54702.094728
R1226:54701.640491,0.012644,54701.640543,54702.094773,54702.107417
R1227:54701.700619,0.021766,54701.700891,54702.107440,54702.129207
R1228:54701.729498,0.027193,54701.745747,54702.129233,54702.156427
R1229:54701.740781,0.026820,54701.745760,54702.156481,54702.183302
R1230:54701.840097,0.032491,54701.840133,54702.183398,54702.215890
R1231:54702.051006,0.003835,54702.051053,54702.215949,54702.219784
R1232:54702.052423,0.131032,54702.052440,54702.219810,54702.350842
R1233:54702.088418,0.016728,54702.088449,54702.350876,54702.367605
R1234:54702.200663,0.043916,54702.200783,54702.367657,54702.411574
R1235:54702.222461,0.111305,54702.222509,54702.411622,54702.522928
R1236:54702.285184,0.058570,54702.285231,54702.522965,54702.581536
R1237:54702.332942,0.030859,54702.332978,54702.581588,54702.612447
R1238:54702.442909,0.068169,54702.443112,54702.612498,54702.680668
R1239:54702.576785,0.037756,54702.576835,54702.680725,54702.718481
R1240:54702.660767,0.057650,54702.660842,54702.719258,54702.776951
R1241:54702.664867,0.060856,54702.680714,54702.777009,54702.837866
R1242:54702.682157,0.050662,54702.718545,54702.837901,54702.888564
R1243:54702.822497,0.003871,54702.822929,54702.888620,54702.892492
R1244:54702.826529,0.102728,54702.827149,54702.892512,54702.995240
R1245:54702.830682,0.001454,54702.830711,54702.995320,54702.996783
R1246:54702.870573,0.035865,54702.870622,54702.996805,54703.032670
R1247:54702.896645,0.081612,54702.896714,54703.032692,54703.114305
R1248:54702.903351,0.153612,54702.903393,54703.114363,54703.267976
R1249:54702.938377,0.068272,54702.944282,54703.268062,54703.336335
R1250:54702.943975,0.067966,54702.944289,54703.336389,54703.404356
R1251:54702.989736,0.004857,54702.989789,54703.404412,54703.409360
R1252:54703.049581,0.032899,54703.049729,54703.409410,54703.442310
R1253:54703.083272,0.019971,54703.090097,54703.442358,54703.462329
R1254:54703.130772,0.018669,54703.130804,54703.462369,54703.481039
R1255:54703.146187,0.017222,54703.171322,54703.481120,54703.498343
R1256:54703.262445,0.006011,54703.262522,54703.498393,54703.504404
R1257:54703.586181,0.116995,54703.586235,54703.586392,54703.703387
R1258:54703.901592,0.002679,54703.901654,54703.901761,54703.904471
R1259:54703.983322,0.082174,54703.983361,54703.983485,54704.065660
R1260:54704.208393,0.031539,54704.208456,54704.208567,54704.240107
R1261:54704.360185,0.015992,54704.360263,54704.360355,54704.376348
R1262:54704.466496,0.138891,54704.466553,54704.466676,54704.605568
R1263:54704.696081,0.027144,54704.696122,54704.696151,54704.723295
R1264:54704.700968,0.009142,54704.701002,54704.723358,54704.732501
R1265:54704.831707,0.028081,54704.831749,54704.832077,54704.860159
R1266:54704.842322,0.080582,54704.860224,54704.860237,54704.940820
R1267:54704.984237,0.021041,54704.984279,54704.984827,54705.005869
R1268:54705.027827,0.003920,54705.027888,54705.028466,54705.032386
R1269:54705.047487,0.035551,54705.047521,54705.048177,54705.083729
R1270:54705.113296,0.037976,54705.113341,54705.113770,54705.151747
R1271:54705.142225,0.024137,54705.151789,54705.151792,54705.175931
R1272:54705.237040,0.079368,54705.237094,54705.237641,54705.317010
R1273:54705.298160,0.025177,54705.298193,54705.317066,54705.342244
R1274:54705.318180,0.015377,54705.318201,54705.342283,54705.357661
R1275:54705.428996,0.073860,54705.429046,54705.429578,54705.503439
R1276:54705.442406,0.001919,54705.469158,54705.503472,54705.505392
R1277:54705.520042,0.062295,54705.520086,54705.520461,54705.582757
R1278:54705.522881,0.006602,54705.560125,54705.582818,54705.589439
R1279:54705.741136,0.100868,54705.741179,54705.741729,54705.842597
R1280:54705.749535,0.017471,54705.782316,54705.842635,54705.860108
R1281:54705.769809,0.011224,54705.782322,54705.860472,54705.871697
R1282:54705.790569,0.085462,54705.790614,54705.871727,54705.957203
R1283:54705.796587,0.023732,54705.796707,54705.957263,54705.980995
R1284:54705.843219,0.012253,54705.843247,54705.981028,54705.993281
R1285:54705.976651,0.016523,54705.976695,54705.993301,54706.009824
R1286:54706.105569,0.058076,54706.105616,54706.106176,54706.164253
R1287:54706.187104,0.025113,54706.187169,54706.187644,54706.212758
R1288:54706.251510,0.150688,54706.251551,54706.252099,54706.402787
R1289:54706.290359,0.020041,54706.292182,54706.402827,54706.422869
R1290:54706.382599,0.246465,54706.382632,54706.422943,54706.669408
R1291:54706.397564,0.148024,54706.397609,54706.669467,54706.817491
R1292:54706.404241,0.007974,54706.404271,54706.817551,54706.825525
R1293:54706.406549,0.000296,54706.422929,54706.825553,54706.825849
R1294:54706.470524,0.078456,54706.470651,54706.825855,54706.904312
R1295:54706.489783,0.041266,54706.489812,54706.904375,54706.945641
R1296:54706.611744,0.009293,54706.611789,54706.945686,54706.954980
R1297:54706.617654,0.010045,54706.617779,54706.955019,54706.965065
R1298:54706.703102,0.018375,54706.703148,54706.965115,54706.983505
R1299:54706.966678,0.107281,54706.966799,54706.983558,54707.090856
R1300:54707.015621,0.029588,54707.015723,54707.090927,54707.120516
R1301:54707.059830,0.016033,54707.059997,54707.121127,54707.137162
R1302:54707.070853,0.088223,54707.070902,54707.137204,54707.225427
R1303:54707.079932,0.047877,54707.079977,54707.225575,54707.273453
R1304:54707.145376,0.030776,54707.145408,54707.273540,54707.304317
R1305:54707.234857,0.267508,54707.234895,54707.304358,54707.571868
R1306:54707.407373,0.002478,54707.407425,54707.571944,54707.574423
R1307:54707.442905,0.032969,54707.448134,54707.574462,54707.607432
R1308:54707.612060,0.046315,54707.612106,54707.612498,54707.658814
R1309:54707.625325,0.031448,54707.625427,54707.658871,54707.690320
R1310:54707.665381,0.022443,54707.665406,54707.690466,54707.712910
R1311:54707.695358,0.032930,54707.695392,54707.712987,54707.745918
R1312:54707.697465,0.078445,54707.712974,54707.745974,54707.824419
R1313:54707.742214,0.036684,54707.745962,54707.824474,54707.861159
R1314:54707.806888,0.012702,54707.807019,54707.861217,54707.873920
R1315:54707.813611,0.048926,54707.813722,54707.873938,54707.922865
R1316:54707.844194,0.041882,54707.844220,54707.922925,54707.964808
R1317:54707.909911,0.081642,54707.909954,54707.964841,54708.046499
R1318:54708.046225,0.041926,54708.046274,54708.046550,54708.088477
R1319:54708.076354,0.009655,54708.076405,54708.088534,54708.098190
R1320:54708.108760,0.022878,54708.108856,54708.108940,54708.131821
R1321:54708.111102,0.032666,54708.111137,54708.131943,54708.164610
R1322:54708.122510,0.006070,54708.131927,54708.164683,54708.170763
R1323:54708.154504,0.047245,54708.164670,54708.170864,54708.218109
R1324:54708.347859,0.030006,54708.348448,54708.348456,54708.378463
R1325:54708.422534,0.006055,54708.422569,54708.422587,54708.428643
R1326:54708.427452,0.005652,54708.428683,54708.428695,54708.434348
R1327:54708.526177,0.021092,54708.526220,54708.527139,54708.548247
R1328:54708.579663,0.015117,54708.579692,54708.580149,54708.595268
R1329:54708.714384,0.307689,54708.714416,54708.714693,54709.022384
R1330:54708.832029,0.015522,54708.832081,54709.022446,54709.037969
R1331:54708.871410,0.008495,54708.871461,54709.038024,54709.046520
R1332:54708.929013,0.036749,54708.929122,54709.046547,54709.083297
R1333:54709.035039,0.013077,54709.035123,54709.083339,54709.096417
R1334:54709.225867,0.024035,54709.225916,54709.226398,54709.250470
R1335:54709.231403,0.006132,54709.250505,54709.250514,54709.256647
R1336:54709.262064,0.042972,54709.262092,54709.262408,54709.305381
R1337:54709.343423,0.008978,54709.343478,54709.343915,54709.352893
R1338:54709.396730,0.040779,54709.396767,54709.397671,54709.438451
R1339:54709.465904,0.026315,54709.465964,54709.466825,54709.493158
R1340:54709.553949,0.096131,54709.554018,54709.555087,54709.651219
R1341:54709.554622,0.086236,54709.594276,54709.651253,54709.737490
R1342:54709.598259,0.006378,54709.598303,54709.737554,54709.743933
R1343:54709.788756,0.098051,54709.788884,54709.788989,54709.887042
R1344:54709.799633,0.001520,54709.799667,54709.887092,54709.888613
R1345:54709.828096,0.100468,54709.828206,54709.888633,54709.989111
R1346:54709.943524,0.032617,54709.943557,54709.989164,54710.021781
R1347:54709.964701,0.007019,54709.964757,54710.021836,54710.028856
R1348:54709.966641,0.203842,54709.966777,54710.028885,54710.232735
R1349:54710.435402,0.004594,54710.435459,54710.436039,54710.440725
R1350:54710.461919,0.072806,54710.461973,54710.462546,54710.535353
R1351:54710.488765,0.006025,54710.502350,54710.535397,54710.541423
R1352:54710.502187,0.080048,54710.502355,54710.541447,54710.621496
R1353:54710.527006,0.001749,54710.527061,54710.621539,54710.623288
R1354:54710.546301,0.002751,54710.546338,54710.623301,54710.626052
R1355:54710.572254,0.022690,54710.572336,54710.626062,54710.648753
R1356:54710.606933,0.170363,54710.613116,54710.648778,54710.819142
R1357:54710.747286,0.101239,54710.747384,54710.819203,54710.920443
R1358:54710.760483,0.021732,54710.788299,54710.920502,54710.942246
R1359:54710.767120,0.031489,54710.788303,54710.942271,54710.973760
R1360:54710.844340,0.043904,54710.844420,54710.973803,54711.017708
R1361:54710.873343,0.056860,54710.885150,54711.017753,54711.074614
R1362:54710.897779,0.021955,54710.897821,54711.075232,54711.097188
R1363:54710.902165,0.003267,54710.902187,54711.097215,54711.100482
R1364:54711.000770,0.009400,54711.001135,54711.100507,54711.109907
R1365:54711.025930,0.060721,54711.026093,54711.109952,54711.170674
R1366:54711.036134,0.021865,54711.066275,54711.170734,54711.192600
R1367:54711.200119,0.016544,54711.200184,54711.200264,54711.216809
R1368:54711.300070,0.004966,54711.300157,54711.300438,54711.305404
R1369:54711.309973,0.035508,54711.309996,54711.310399,54711.345908
R1370:54711.332484,0.071291,54711.345957,54711.345971,54711.417263
R1371:54711.341975,0.002849,54711.345960,54711.417318,54711.420167
R1372:54711.463521,0.003083,54711.463711,54711.463722,54711.466806
R1373:54711.539905,0.083880,54711.540172,54711.540182,54711.624062
R1374:54711.691158,0.052581,54711.691278,54711.691814,54711.744395
R1375:54711.722793,0.079179,54711.722887,54711.744436,54711.823616
R1376:54711.742571,0.047555,54711.742643,54711.823674,54711.871230
R1377:54711.758549,0.017737,54711.758596,54711.871253,54711.888991
R1378:54711.796495,0.016726,54711.799281,54711.889042,54711.905769
R1379:54712.001213,0.018372,54712.001263,54712.001309,54712.019704
R1380:54712.027810,0.035965,54712.027850,54712.028308,54712.064274
R1381:54712.063700,0.025040,54712.064912,54712.064926,54712.089967
R1382:54712.064350,0.087801,54712.064915,54712.090025,54712.177827
R1383:54712.183257,0.000992,54712.183362,54712.183522,54712.184515
R1384:54712.249679,0.239881,54712.250210,54712.250219,54712.490102
R1385:54712.400654,0.003623,54712.400716,54712.490163,54712.493807
R1386:54712.445387,0.025650,54712.445464,54712.493829,54712.519480
R1387:54712.527487,0.032504,54712.527550,54712.527893,54712.560398
R1388:54712.536054,0.002493,54712.536126,54712.560459,54712.562953
R1389:54712.573390,0.103341,54712.573441,54712.573556,54712.676898
R1390:54712.594214,0.042390,54712.594257,54712.676957,54712.719348
R1391:54712.665669,0.136142,54712.665707,54712.719399,54712.855547
R1392:54712.731999,0.007671,54712.732119,54712.855594,54712.863269
R1393:54712.745764,0.008385,54712.773089,54712.863328,54712.871714
R1394:54712.762939,0.045173,54712.773097,54712.871744,54712.916917
R1395:54712.796523,0.106956,54712.796575,54712.916967,54713.023924
R1396:54712.833257,0.031981,54712.833300,54713.024016,54713.055998
R1397:54712.840131,0.184175,54712.840181,54713.056057,54713.240233
R1398:54712.859435,0.151672,54712.859488,54713.240284,54713.391956
R1399:54712.881127,0.012525,54712.881179,54713.392008,54713.404533
R1400:54713.187566,0.036969,54713.187765,54713.404574,54713.441544
R1401:54713.357328,0.059379,54713.357440,54713.441597,54713.500977
R1402:54713.378529,0.026957,54713.378573,54713.501034,54713.527992
R1403:54713.530579,0.024307,54713.530666,54713.530676,54713.554984
R1404:54713.542689,0.031200,54713.555026,54713.555161,54713.586362
R1405:54713.580458,0.008995,54713.586474,54713.586490,54713.595486
R1406:54713.598429,0.130584,54713.598594,54713.598602,54713.729187
R1407:54713.601179,0.012498,54713.639210,54713.729268,54713.741767
R1408:54713.607714,0.020167,54713.639213,54713.741798,54713.761966
R1409:54713.612064,0.034195,54713.639215,54713.761992,54713.796225
R1410:54713.640135,0.090840,54713.640155,54713.796267,54713.887108
R1411:54713.794526,0.001755,54713.794727,54713.887196,54713.888951
R1412:54713.823360,0.053035,54713.823400,54713.888964,54713.941999
R1413:54713.845802,0.047047,54713.864259,54713.942034,54713.989082
R1414:54713.846603,0.000193,54713.864265,54713.989140,54713.989334
R1415:54713.901926,0.039841,54713.901980,54713.989347,54714.029188
R1416:54714.007069,0.006551,54714.007106,54714.029236,54714.035787
R1417:54714.051983,0.029923,54714.052134,54714.052266,54714.082191
R1418:54714.069302,0.027005,54714.069331,54714.082259,54714.109299
R1419:54714.115379,0.000248,54714.115427,54714.115562,54714.115828
R1420:54714.221833,0.004922,54714.221876,54714.221986,54714.226909
R1421:54714.347425,0.124668,54714.347470,54714.347988,54714.472698
R1422:54714.358468,0.015637,54714.388270,54714.472745,54714.488382
R1423:54714.359719,0.004669,54714.388273,54714.489133,54714.493803
R1424:54714.368556,0.036088,54714.388278,54714.493854,54714.529943
R1425:54714.423156,0.037457,54714.423236,54714.529962,54714.567420
R1426:54714.475675,0.163656,54714.475705,54714.567465,54714.731122
R1427:54714.501267,0.054164,54714.501417,54714.731189,54714.785382
R1428:54714.550448,0.042322,54714.550542,54714.785441,54714.827764
R1429:54714.607414,0.012522,54714.607499,54714.827787,54714.840309
R1430:54714.626641,0.005411,54714.648321,54714.840379,54714.847621
R1431:54714.678270,0.005345,54714.678315,54714.847648,54714.852993
R1432:54714.765836,0.000758,54714.765922,54714.853024,54714.853783
R1433:54714.782064,0.072392,54714.782102,54714.853790,54714.926183
R1434:54714.829668,0.024475,54714.829711,54714.926237,54714.950712
R1435:54714.873015,0.018835,54714.873061,54714.950767,54714.969603
R1436:54714.959958,0.140218,54714.960004,54714.969708,54715.109926
R1437:54714.999259,0.034775,54714.999300,54715.109983,54715.144759
R1438:54715.014869,0.023085,54715.040081,54715.144775,54715.167861
R1439:54715.028660,0.082640,54715.040087,54715.167914,54715.250555
R1440:54715.081602,0.009610,54715.081677,54715.250601,54715.260211
R1441:54715.209213,0.013424,54715.209257,54715.260302,54715.273726
R1442:54715.234394,0.113858,54715.250587,54715.273750,54715.387633
R1443:54715.243571,0.069890,54715.250590,54715.387702,54715.457593
R1444:54715.378598,0.009210,54715.378639,54715.457631,54715.466842
R1445:54715.416853,0.002219,54715.416900,54715.466863,54715.469083
R1446:54715.633404,0.068358,54715.633453,54715.633936,54715.702296
R1447:54715.652090,0.034277,54715.652155,54715.702353,54715.736630
R1448:54715.661418,0.059621,54715.661481,54715.736688,54715.796309
R1449:54715.746108,0.010696,54715.746192,54715.796379,54715.807093
R1450:54715.764959,0.001573,54715.765182,54715.807121,54715.808694
R1451:54715.772005,0.041552,54715.772136,54715.808713,54715.850266
R1452:54715.815242,0.066918,54715.815299,54715.850314,54715.917233
R1453:54716.022850,0.009827,54716.022895,54716.023001,54716.032829
R1454:54716.027000,0.053343,54716.032887,54716.032899,54716.086255
R1455:54716.033747,0.237876,54716.074113,54716.086301,54716.324179
R1456:54716.289145,0.019477,54716.289171,54716.324270,54716.343747
R1457:54716.393782,0.171675,54716.394289,54716.394299,54716.566870
R1458:54716.409367,0.006610,54716.435287,54716.566951,54716.573562
R1459:54716.424066,0.058325,54716.435294,54716.573686,54716.632011
R1460:54716.499239,0.059370,54716.499298,54716.632101,54716.691472
R1461:54716.519693,0.041376,54716.519765,54716.691588,54716.732964
R1462:54716.597922,0.104676,54716.598080,54716.733336,54716.838091
R1463:54716.632767,0.011181,54716.632824,54716.838179,54716.849365
R1464:54716.637399,0.019294,54716.673337,54716.849408,54716.868710
R1465:54716.687824,0.053478,54716.687893,54716.868746,54716.922245
R1466:54716.718140,0.114848,54716.718221,54716.922381,54717.037230
R1467:54716.744695,0.019395,54716.744861,54717.037283,54717.056679
R1468:54716.760409,0.016901,54716.785272,54717.056763,54717.073665
R1469:54716.820922,0.068262,54716.821099,54717.073737,54717.142000
R1470:54716.862475,0.033362,54716.862866,54717.142060,54717.175423
R1471:54717.032296,0.074251,54717.032348,54717.175457,54717.249709
R1472:54717.111158,0.164785,54717.111550,54717.249753,54717.414539
R1473:54717.209308,0.001500,54717.209570,54717.414593,54717.416094
R1474:54717.289481,0.030978,54717.289506,54717.416125,54717.447103
R1475:54717.294956,0.023810,54717.330274,54717.447147,54717.470957
R1476:54717.369596,0.029897,54717.369769,54717.471003,54717.500901
R1477:54717.379966,0.045436,54717.380001,54717.500932,54717.546369
R1478:54717.547433,0.000038,54717.547453,54717.547746,54717.547785
R1479:54717.571298,0.115162,54717.571339,54717.571792,54717.686954
R1480:54717.665388,0.010555,54717.665587,54717.687015,54717.697600
R1481:54717.688834,0.055740,54717.688881,54717.697662,54717.753403
R1482:54717.738018,0.075288,54717.738155,54717.753480,54717.828769
R1483:54717.744243,0.064896,54717.753464,54717.828825,54717.893721
R1484:54718.041018,0.034012,54718.041162,54718.041172,54718.075285
R1485:54718.045198,0.000387,54718.045219,54718.075522,54718.076350
R1486:54718.082893,0.011639,54718.083021,54718.083370,54718.095010
R1487:54718.314387,0.078004,54718.314865,54718.314873,54718.392878
R1488:54718.403990,0.036954,54718.404024,54718.404100,54718.441055
R1489:54718.415114,0.014881,54718.415224,54718.441107,54718.455990
R1490:54718.515965,0.038559,54718.516006,54718.516175,54718.554736
R1491:54718.760318,0.007603,54718.760372,54718.760540,54718.768148
R1492:54718.819929,0.043138,54718.819968,54718.820147,54718.863286
R1493:54719.078229,0.018873,54719.078278,54719.078441,54719.097314
R1494:54719.157168,0.038325,54719.157278,54719.157824,54719.196149
R1495:54719.208192,0.114973,54719.208226,54719.208769,54719.323743
R1496:54719.222495,0.073782,54719.249266,54719.323795,54719.397587
R1497:54719.298731,0.084479,54719.298879,54719.397616,54719.482096
R1498:54719.348922,0.041650,54719.348950,54719.482194,54719.523845
R1499:54719.396248,0.047660,54719.396875,54719.523898,54719.571559
