R0:54096.902320,0.050000,54096.902909,54096.903107,54096.953226
R1:54097.056033,0.050000,54097.056314,54097.056325,54097.106392
R2:54097.098344,0.050000,54097.098397,54097.106467,54097.156468
R3:54097.225975,0.050000,54097.226026,54097.226457,54097.276458
R4:54097.359640,0.050000,54097.359728,54097.360129,54097.410359
R5:54097.562215,0.050000,54097.562295,54097.562880,54097.612880
R6:54097.580783,0.050000,54097.580828,54097.612941,54097.662941
R7:54097.614909,0.050000,54097.614948,54097.662985,54097.712992
R8:54097.736837,0.050000,54097.736882,54097.737652,54097.787653
R9:54097.764062,0.050000,54097.764113,54097.787706,54097.837707
R10:54097.831609,0.050000,54097.831653,54097.837753,54097.887754
R11:54097.885826,0.050000,54097.885874,54097.887786,54097.937787
R12:54097.968575,0.050000,54097.968631,54097.968721,54098.018722
R13:54098.006593,0.050000,54098.009295,54098.018778,54098.068779
R14:54098.066716,0.050000,54098.066762,54098.068821,54098.118821
R15:54098.320308,0.050000,54098.320354,54098.320477,54098.370477
R16:54098.527041,0.050000,54098.527129,54098.527323,54098.577324
R17:54098.611455,0.050000,54098.611551,54098.611740,54098.661741
R18:54098.716913,0.050000,54098.716972,54098.717119,54098.767120
R19:54098.729851,0.050000,54098.729906,54098.767171,54098.817172
R20:54098.807789,0.050000,54098.807815,54098.817287,54098.867288
R21:54098.809198,0.050000,54098.817275,54098.867323,54098.917324
R22:54098.832443,0.050000,54098.859296,54098.917359,54098.967360
R23:54098.844812,0.050000,54098.859299,54098.967429,54099.017429
R24:54098.980759,0.050000,54098.980825,54099.017508,54099.067509
R25:54098.995098,0.050000,54099.017495,54099.067557,54099.117558
R26:54099.037856,0.050000,54099.059283,54099.117613,54099.167613
R27:54099.049503,0.050000,54099.059287,54099.167645,54099.217645
R28:54099.059165,0.050000,54099.059291,54099.217702,54099.267702
R29:54099.628814,0.050000,54099.629211,54099.629307,54099.679308
R30:54099.649493,0.050000,54099.669409,54099.679346,54099.729347
R31:54099.709501,0.050000,54099.709544,54099.729399,54099.779400
R32:54099.861862,0.050000,54099.862154,54099.862162,54099.912163
R33:54099.941116,0.050000,54099.941182,54099.941510,54099.991511
R34:54099.970547,0.050000,54099.970612,54099.991553,54100.041554
R35:54100.055271,0.050000,54100.055323,54100.055471,54100.105472
R36:54100.117306,0.050000,54100.117358,54100.117557,54100.167558
R37:54100.174380,0.050000,54100.174471,54100.174702,54100.224703
R38:54100.474881,0.050000,54100.474942,54100.475146,54100.525147
R39:54100.503891,0.050000,54100.503927,54100.525235,54100.575236
R40:54100.626983,0.050000,54100.627036,54100.627300,54100.677301
R41:54100.689513,0.050000,54100.689796,54100.690424,54100.740425
R42:54100.812313,0.050000,54100.812488,54100.812977,54100.862977
R43:54100.855107,0.050000,54100.855294,54100.863063,54100.913063
R44:54101.040353,0.050000,54101.040473,54101.040572,54101.090573
R45:54101.068264,0.050000,54101.082112,54101.090622,54101.140622
R46:54101.104545,0.050000,54101.104589,54101.140678,54101.190679
R47:54101.242077,0.050000,54101.242127,54101.242598,54101.292599
R48:54101.451685,0.050000,54101.451747,54101.452276,54101.502277
R49:54101.457942,0.050000,54101.458061,54101.502336,54101.552337
R50:54101.706700,0.050000,54101.706765,54101.707273,54101.757274
R51:54101.769075,0.050000,54101.769142,54101.769582,54101.819583
R52:54101.776751,0.050000,54101.776802,54101.819640,54101.869640
R53:54101.794701,0.050000,54101.794761,54101.869683,54101.919683
R54:54101.886178,0.050000,54101.886217,54101.919741,54101.969742
R55:54102.070550,0.050000,54102.070588,54102.070658,54102.120659
R56:54102.106502,0.050000,54102.111178,54102.120723,54102.170724
R57:54102.112097,0.050000,54102.112114,54102.170779,54102.220780
R58:54102.113843,0.050000,54102.113873,54102.220811,54102.270812
R59:54102.164952,0.050000,54102.164997,54102.270884,54102.320884
R60:54102.170494,0.050000,54102.170766,54102.320958,54102.370959
R61:54102.193423,0.050000,54102.211193,54102.371007,54102.421007
R62:54102.487666,0.050000,54102.487720,54102.488254,54102.538255
R63:54102.681565,0.050000,54102.681626,54102.682133,54102.732456
R64:54102.840310,0.050000,54102.840371,54102.840867,54102.890868
R65:54102.866362,0.050000,54102.866443,54102.891897,54102.941898
R66:54102.931183,0.050000,54102.931263,54102.941953,54102.991954
R67:54102.970677,0.050000,54102.970725,54102.992000,54103.042001
R68:54103.090227,0.050000,54103.090280,54103.090430,54103.140431
R69:54103.150447,0.050000,54103.150509,54103.150889,54103.200890
R70:54103.242498,0.050000,54103.242534,54103.243055,54103.293056
R71:54103.305834,0.050000,54103.305888,54103.306160,54103.356161
R72:54103.309453,0.050000,54103.309494,54103.356250,54103.406250
R73:54103.357564,0.050000,54103.357594,54103.406400,54103.456401
R74:54103.581523,0.050000,54103.581586,54103.582106,54103.632133
R75:54103.804264,0.050000,54103.804323,54103.805124,54103.855124
R76:54103.910768,0.050000,54103.911015,54103.911839,54103.961840
R77:54103.939003,0.050000,54103.939059,54103.961900,54104.011900
R78:54104.050935,0.050000,54104.050992,54104.051929,54104.101930
R79:54104.136224,0.050000,54104.136310,54104.137078,54104.187079
R80:54104.172802,0.050000,54104.172855,54104.187120,54104.237135
R81:54104.269935,0.050000,54104.269971,54104.270458,54104.320458
R82:54104.285297,0.050000,54104.311269,54104.320506,54104.370507
R83:54104.333716,0.050000,54104.333754,54104.370564,54104.420565
R84:54104.510556,0.050000,54104.510600,54104.510648,54104.560649
R85:54104.657976,0.050000,54104.658035,54104.658153,54104.708153
R86:54104.691617,0.050000,54104.691681,54104.708244,54104.758245
R87:54104.713498,0.050000,54104.713527,54104.758286,54104.808287
R88:54104.900140,0.050000,54104.900339,54104.900977,54104.950977
R89:54104.936394,0.050000,54104.936448,54104.951040,54105.001041
R90:54105.033260,0.050000,54105.033310,54105.033798,54105.083799
R91:54105.294577,0.050000,54105.294652,54105.294673,54105.344673
R92:54105.368864,0.050000,54105.368955,54105.370212,54105.420229
R93:54105.458324,0.050000,54105.458414,54105.458557,54105.508558
R94:54105.621596,0.050000,54105.621643,54105.621671,54105.671672
R95:54105.669967,0.050000,54105.670022,54105.671720,54105.721721
R96:54105.884820,0.050000,54105.884855,54105.885084,54105.935085
R97:54105.927244,0.050000,54105.927323,54105.935136,54105.985137
R98:54106.067887,0.050000,54106.067917,54106.067962,54106.117963
R99:54106.164067,0.050000,54106.164157,54106.164298,54106.214299
R100:54106.366099,0.050000,54106.366159,54106.366787,54106.416788
R101:54106.421143,0.050000,54106.421191,54106.421643,54106.471644
R102:54106.441584,0.050000,54106.441643,54106.471698,54106.521699
R103:54106.691808,0.050000,54106.691858,54106.692400,54106.742401
R104:54106.902538,0.050000,54106.902598,54106.903132,54106.953133
R105:54106.915974,0.050000,54106.916013,54106.953285,54107.003286
R106:54107.093501,0.050000,54107.093551,54107.093575,54107.143576
R107:54107.179005,0.050000,54107.179065,54107.179698,54107.229698
R108:54107.226267,0.050000,54107.226322,54107.229736,54107.279737
R109:54107.306942,0.050000,54107.306985,54107.307255,54107.357255
R110:54107.334545,0.050000,54107.347256,54107.357297,54107.407335
R111:54107.463114,0.050000,54107.463254,54107.463462,54107.513463
R112:54107.494365,0.050000,54107.504129,54107.513525,54107.563525
R113:54107.543989,0.050000,54107.544036,54107.563631,54107.613631
R114:54107.565487,0.050000,54107.565526,54107.613667,54107.663668
R115:54107.582959,0.050000,54107.606267,54107.663707,54107.713707
R116:54107.610020,0.050000,54107.610037,54107.713760,54107.763761
R117:54107.678542,0.050000,54107.678623,54107.763838,54107.813868
R118:54107.725164,0.050000,54107.725223,54107.813913,54107.863913
R119:54107.742236,0.050000,54107.763825,54107.863963,54107.913963
R120:54107.940565,0.050000,54107.940723,54107.940730,54107.990731
R121:54107.949956,0.050000,54107.950021,54107.990786,54108.040787
R122:54107.961447,0.050000,54107.961488,54108.040842,54108.090843
R123:54108.018608,0.050000,54108.018669,54108.090881,54108.140882
R124:54108.137899,0.050000,54108.137958,54108.140956,54108.191095
R125:54108.486711,0.050000,54108.486759,54108.487149,54108.537150
R126:54108.714607,0.050000,54108.714783,54108.714794,54108.764795
R127:54108.810849,0.050000,54108.810893,54108.811025,54108.861436
R128:54108.851231,0.050000,54108.851302,54108.861563,54108.911563
R129:54108.966815,0.050000,54108.966864,54108.967367,54109.017368
R130:54109.005348,0.050000,54109.008624,54109.017424,54109.067424
R131:54109.034463,0.050000,54109.034520,54109.067470,54109.117471
R132:54109.056644,0.050000,54109.067461,54109.117511,54109.167511
R133:54109.130880,0.050000,54109.130943,54109.167547,54109.217548
R134:54109.155812,0.050000,54109.155865,54109.217584,54109.267585
R135:54109.171408,0.050000,54109.171457,54109.267639,54109.317640
R136:54109.282322,0.050000,54109.282440,54109.317701,54109.367702
R137:54109.294112,0.050000,54109.294150,54109.367738,54109.417739
R138:54109.426315,0.050000,54109.426364,54109.426730,54109.476731
R139:54109.441615,0.050000,54109.468824,54109.476784,54109.526785
R140:54109.555644,0.050000,54109.555792,54109.555908,54109.605909
R141:54109.562536,0.050000,54109.596302,54109.605970,54109.655971
R142:54109.812453,0.050000,54109.812504,54109.813108,54109.863109
R143:54109.817222,0.050000,54109.853094,54109.863146,54109.913147
R144:54109.878809,0.050000,54109.878893,54109.913218,54109.963219
R145:54109.895358,0.050000,54109.913205,54109.963327,54110.013328
R146:54109.918319,0.050000,54109.955184,54110.013385,54110.063386
R147:54110.051594,0.050000,54110.051649,54110.063433,54110.113434
R148:54110.161646,0.050000,54110.161844,54110.161855,54110.211856
R149:54110.250865,0.050000,54110.250974,54110.250986,54110.300987
R150:54110.536277,0.050000,54110.536329,54110.536376,54110.586377
R151:54110.621462,0.050000,54110.621711,54110.621723,54110.671724
R152:54110.740507,0.050000,54110.740567,54110.740584,54110.790585
R153:54110.748816,0.050000,54110.748842,54110.790645,54110.840655
R154:54110.760978,0.050000,54110.761027,54110.840758,54110.890759
R155:54110.822320,0.050000,54110.822367,54110.890829,54110.940829
R156:54110.829223,0.050000,54110.840795,54110.940927,54110.990928
R157:54110.835378,0.050000,54110.840801,54110.991025,54111.041026
R158:54110.854715,0.050000,54110.882312,54111.041115,54111.091116
R159:54110.906471,0.050000,54110.906526,54111.091168,54111.141169
R160:54111.049336,0.050000,54111.049394,54111.141223,54111.191229
R161:54111.120455,0.050000,54111.120515,54111.191283,54111.241284
R162:54111.237986,0.050000,54111.238019,54111.241313,54111.291314
R163:54111.242527,0.050000,54111.242546,54111.291359,54111.341360
R164:54111.256909,0.050000,54111.284197,54111.341394,54111.391395
R165:54112.253321,0.050000,54112.253473,54112.253585,54112.303586
R166:54112.272513,0.050000,54112.294234,54112.303645,54112.353646
R167:54112.456490,0.050000,54112.456629,54112.456699,54112.506700
R168:54112.467787,0.050000,54112.498250,54112.506757,54112.556758
R169:54112.977758,0.050000,54112.977814,54112.977867,54113.027868
R170:54112.982509,0.050000,54113.018322,54113.027927,54113.077928
R171:54113.152934,0.050000,54113.152980,54113.153810,54113.203811
R172:54113.159292,0.050000,54113.193276,54113.203847,54113.253848
R173:54113.159655,0.050000,54113.193280,54113.253909,54113.303909
R174:54113.373420,0.050000,54113.373466,54113.377531,54113.427532
R175:54113.448624,0.050000,54113.448807,54113.448831,54113.498832
R176:54113.465350,0.050000,54113.465392,54113.498903,54113.548904
R177:54113.480642,0.050000,54113.480689,54113.548958,54113.598959
R178:54113.522784,0.050000,54113.522886,54113.599029,54113.649030
R179:54113.726502,0.050000,54113.726693,54113.726705,54113.776705
R180:54113.869431,0.050000,54113.869495,54113.869545,54113.919546
R181:54113.906811,0.050000,54113.906899,54113.919620,54113.969621
R182:54113.974032,0.050000,54113.974114,54113.974214,54114.024241
R183:54114.046452,0.050000,54114.046505,54114.046679,54114.096680
R184:54114.096858,0.050000,54114.096885,54114.096999,54114.147000
R185:54114.193889,0.050000,54114.193935,54114.194051,54114.244052
R186:54114.202790,0.050000,54114.202841,54114.244131,54114.294132
R187:54114.265990,0.050000,54114.266041,54114.294187,54114.344188
R188:54114.384087,0.050000,54114.384117,54114.384536,54114.434537
R189:54114.414467,0.050000,54114.425161,54114.434578,54114.484578
R190:54114.819322,0.050000,54114.819931,54114.819939,54114.869940
R191:54114.891196,0.050000,54114.891271,54114.891314,54114.941315
R192:54115.066379,0.050000,54115.066420,54115.066832,54115.116833
R193:54115.181318,0.050000,54115.181483,54115.182213,54115.232214
R194:54115.264116,0.050000,54115.264353,54115.265025,54115.315030
R195:54115.267299,0.050000,54115.267419,54115.315111,54115.365112
R196:54115.382200,0.050000,54115.383224,54115.383358,54115.433359
R197:54115.531634,0.050000,54115.532342,54115.532350,54115.582351
R198:54115.748151,0.050000,54115.748232,54115.748831,54115.798832
R199:54115.920458,0.050000,54115.920587,54115.921811,54115.971812
R200:54116.068837,0.050000,54116.068896,54116.069431,54116.119431
R201:54116.392640,0.050000,54116.392841,54116.392851,54116.442852
R202:54116.506282,0.050000,54116.506354,54116.506737,54116.556738
R203:54116.701208,0.050000,54116.701299,54116.701376,54116.751394
R204:54117.043934,0.050000,54117.044611,54117.044619,54117.094620
R205:54117.135697,0.050000,54117.135770,54117.135777,54117.185778
R206:54117.193206,0.050000,54117.193340,54117.193350,54117.243351
R207:54117.208263,0.050000,54117.208298,54117.243411,54117.293411
R208:54117.356092,0.050000,54117.356246,54117.356312,54117.406314
R209:54117.539525,0.050000,54117.539585,54117.540278,54117.590278
R210:54117.546441,0.050000,54117.546573,54117.590410,54117.643782
R211:54117.634144,0.050000,54117.634257,54117.643851,54117.693852
R212:54117.662097,0.050000,54117.662145,54117.693915,54117.743916
R213:54117.745873,0.050000,54117.745898,54117.746080,54117.796081
R214:54117.768068,0.050000,54117.787216,54117.796140,54117.846177
R215:54117.869144,0.050000,54117.869204,54117.869295,54117.919296
R216:54117.901697,0.050000,54117.914628,54117.919364,54117.969366
R217:54117.942001,0.050000,54117.942057,54117.969442,54118.019443
R218:54117.964236,0.050000,54117.969429,54118.019502,54118.069503
R219:54117.972457,0.050000,54118.010218,54118.069567,54118.119568
R220:54118.057535,0.050000,54118.057595,54118.119641,54118.169642
R221:54118.081176,0.050000,54118.081234,54118.169696,54118.219698
R222:54118.170036,0.050000,54118.170146,54118.219779,54118.269780
R223:54118.236603,0.050000,54118.236666,54118.269844,54118.319844
R224:54118.533754,0.050000,54118.533914,54118.533924,54118.583925
R225:54118.561305,0.050000,54118.574292,54118.583980,54118.633981
R226:54118.627292,0.050000,54118.627359,54118.634033,54118.684034
R227:54118.733307,0.050000,54118.733509,54118.733519,54118.783520
R228:54118.743469,0.050000,54118.775276,54118.783566,54118.833567
R229:54118.796668,0.050000,54118.796714,54118.833620,54118.885451
R230:54118.871598,0.050000,54118.871660,54118.885511,54118.935512
R231:54119.112402,0.050000,54119.112563,54119.112574,54119.162575
R232:54119.162524,0.050000,54119.162579,54119.162616,54119.212617
R233:54119.196841,0.050000,54119.196947,54119.212676,54119.262677
R234:54119.353843,0.050000,54119.353941,54119.353951,54119.403952
R235:54119.401488,0.050000,54119.401605,54119.403998,54119.453999
R236:54119.401897,0.050000,54119.401923,54119.454041,54119.504042
R237:54119.437582,0.050000,54119.437613,54119.504091,54119.554101
R238:54119.514579,0.050000,54119.514670,54119.554164,54119.604165
R239:54119.664152,0.050000,54119.664264,54119.664380,54119.714380
R240:54119.686529,0.050000,54119.705167,54119.714416,54119.764416
R241:54119.780366,0.050000,54119.780394,54119.780604,54119.830605
R242:54119.835444,0.050000,54119.835494,54119.835662,54119.885663
R243:54119.890370,0.050000,54119.890423,54119.890570,54119.940571
R244:54119.920817,0.050000,54119.920871,54119.940615,54119.990616
R245:54120.024706,0.050000,54120.024749,54120.025103,54120.075122
R246:54120.041637,0.050000,54120.066356,54120.075163,54120.125163
R247:54120.122767,0.050000,54120.122816,54120.125222,54120.175223
R248:54120.126401,0.050000,54120.126430,54120.175263,54120.225263
R249:54120.171187,0.050000,54120.171229,54120.225355,54120.275356
R250:54120.270606,0.050000,54120.270722,54120.276241,54120.326242
R251:54120.364294,0.050000,54120.364378,54120.364861,54120.414862
R252:54120.449141,0.050000,54120.449211,54120.449345,54120.499346
R253:54120.484871,0.050000,54120.484924,54120.499377,54120.549378
R254:54120.501986,0.050000,54120.502018,54120.549426,54120.599427
R255:54120.580420,0.050000,54120.580487,54120.599479,54120.649479
R256:54120.662776,0.050000,54120.662812,54120.662930,54120.712931
R257:54120.772220,0.050000,54120.772309,54120.772599,54120.822600
R258:54120.805643,0.050000,54120.805696,54120.822655,54120.872656
R259:54120.918191,0.050000,54120.918292,54120.918433,54120.968435
R260:54120.937219,0.050000,54120.959191,54120.968723,54121.018723
R261:54121.148832,0.050000,54121.148934,54121.150522,54121.200523
R262:54121.245409,0.050000,54121.245694,54121.245736,54121.295737
R263:54121.333847,0.050000,54121.334076,54121.334087,54121.384124
R264:54121.358797,0.050000,54121.358856,54121.384177,54121.434179
R265:54121.423469,0.050000,54121.423555,54121.434234,54121.484236
R266:54121.431331,0.050000,54121.434223,54121.484305,54121.534305
R267:54121.456550,0.050000,54121.477227,54121.534356,54121.584357
R268:54121.631539,0.050000,54121.631627,54121.632106,54121.682107
R269:54121.728330,0.050000,54121.728431,54121.728468,54121.778469
R270:54121.736711,0.050000,54121.736767,54121.778514,54121.828515
R271:54121.746668,0.050000,54121.746774,54121.828568,54121.878569
R272:54121.784260,0.050000,54121.784308,54121.878619,54121.928620
R273:54121.856028,0.050000,54121.856091,54121.928669,54121.978670
R274:54121.931105,0.050000,54121.931209,54121.978781,54122.028788
R275:54122.023005,0.050000,54122.023083,54122.028841,54122.079107
R276:54122.051837,0.050000,54122.051940,54122.079167,54122.129168
R277:54122.176661,0.050000,54122.176710,54122.176764,54122.226764
R278:54122.205162,0.050000,54122.218174,54122.226814,54122.276815
R279:54122.238553,0.050000,54122.238594,54122.276889,54122.326889
R280:54122.256206,0.050000,54122.276876,54122.326944,54122.376946
R281:54122.602788,0.050000,54122.602976,54122.603091,54122.653092
R282:54122.603208,0.050000,54122.603236,54122.653155,54122.703156
R283:54122.752146,0.050000,54122.752247,54122.754048,54122.804049
R284:54122.785873,0.050000,54122.785924,54122.804139,54122.854140
R285:54122.803431,0.050000,54122.803485,54122.854209,54122.904210
R286:54122.851356,0.050000,54122.851406,54122.904265,54122.954265
R287:54123.116981,0.050000,54123.117180,54123.117268,54123.167495
R288:54123.326453,0.050000,54123.326521,54123.327191,54123.377241
R289:54123.447239,0.050000,54123.447317,54123.447885,54123.497886
R290:54123.547465,0.050000,54123.547560,54123.548421,54123.598422
R291:54123.565328,0.050000,54123.565409,54123.598476,54123.648477
R292:54123.661982,0.050000,54123.662042,54123.663093,54123.713094
R293:54123.702459,0.050000,54123.702487,54123.713139,54123.763140
R294:54123.826791,0.050000,54123.826851,54123.828907,54123.878909
R295:54124.066113,0.050000,54124.066305,54124.066440,54124.116441
R296:54124.273399,0.050000,54124.273446,54124.273906,54124.323911
R297:54124.438503,0.050000,54124.438596,54124.438645,54124.488646
R298:54124.457672,0.050000,54124.457716,54124.488683,54124.538684
R299:54124.589324,0.050000,54124.589376,54124.589497,54124.639498
R300:54124.655677,0.050000,54124.655766,54124.656401,54124.706402
R301:54124.685305,0.050000,54124.685367,54124.706437,54124.756438
R302:54124.881686,0.050000,54124.881764,54124.882690,54124.932691
R303:54125.082187,0.050000,54125.082268,54125.083315,54125.134169
R304:54125.255117,0.050000,54125.255173,54125.255257,54125.305262
R305:54125.312710,0.050000,54125.312744,54125.313130,54125.363130
R306:54125.384399,0.050000,54125.384454,54125.384879,54125.434880
R307:54125.399343,0.050000,54125.399396,54125.434912,54125.484913
R308:54125.426151,0.050000,54125.426194,54125.484954,54125.534955
R309:54125.592872,0.050000,54125.592922,54125.593510,54125.643511
R310:54125.649498,0.050000,54125.649523,54125.649830,54125.699831
R311:54125.701514,0.050000,54125.701576,54125.702033,54125.752034
R312:54125.859149,0.050000,54125.859190,54125.859595,54125.909595
R313:54125.916344,0.050000,54125.916384,54125.916834,54125.966835
R314:54125.945109,0.050000,54125.945158,54125.966883,54126.016883
R315:54125.961824,0.050000,54125.961875,54126.016912,54126.066913
R316:54126.058690,0.050000,54126.058728,54126.066947,54126.116947
R317:54126.167532,0.050000,54126.167577,54126.167982,54126.217983
R318:54126.180160,0.050000,54126.208123,54126.218021,54126.268022
R319:54126.257257,0.050000,54126.257298,54126.268085,54126.318087
R320:54126.314111,0.050000,54126.314162,54126.318264,54126.368266
R321:54126.466008,0.050000,54126.466082,54126.466213,54126.516214
R322:54126.573498,0.050000,54126.573540,54126.574509,54126.624510
R323:54126.589961,0.050000,54126.590015,54126.624582,54126.674620
R324:54126.611000,0.050000,54126.611061,54126.674694,54126.724695
R325:54126.668785,0.050000,54126.668830,54126.724738,54126.774739
R326:54126.679944,0.050000,54126.680016,54126.774809,54126.824809
R327:54126.693185,0.050000,54126.720262,54126.824861,54126.874863
R328:54126.731016,0.050000,54126.731084,54126.874913,54126.924913
R329:54126.764468,0.050000,54126.774796,54126.924972,54126.974973
R330:54126.988743,0.050000,54126.988943,54126.988952,54127.038953
R331:54127.188353,0.050000,54127.188497,54127.188580,54127.238635
R332:54127.269583,0.050000,54127.269649,54127.270582,54127.320583
R333:54127.420796,0.050000,54127.420859,54127.421599,54127.471599
R334:54127.562969,0.050000,54127.563510,54127.563517,54127.613518
R335:54127.620233,0.050000,54127.620275,54127.620322,54127.670323
R336:54127.654376,0.050000,54127.654503,54127.670365,54127.720365
R337:54127.696277,0.050000,54127.701601,54127.720482,54127.770483
R338:54127.786020,0.050000,54127.786099,54127.786229,54127.836230
R339:54127.864471,0.050000,54127.864553,54127.864691,54127.914692
R340:54127.889664,0.050000,54127.889719,54127.914810,54127.964811
R341:54127.903448,0.050000,54127.903506,54127.964841,54128.014841
R342:54127.909836,0.050000,54127.909877,54128.014889,54128.064889
R343:54127.919451,0.050000,54127.919497,54128.064936,54128.114936
R344:54128.006407,0.050000,54128.006439,54128.114965,54128.164966
R345:54128.044261,0.050000,54128.044304,54128.165001,54128.215001
R346:54128.072808,0.050000,54128.072843,54128.215046,54128.265047
R347:54128.106726,0.050000,54128.114246,54128.265102,54128.315103
R348:54128.114985,0.050000,54128.114998,54128.315168,54128.365173
R349:54128.161542,0.050000,54128.161570,54128.365207,54128.415208
R350:54128.388767,0.050000,54128.388808,54128.415267,54128.465268
R351:54128.462180,0.050000,54128.462215,54128.465309,54128.515309
R352:54128.488566,0.050000,54128.488607,54128.515369,54128.565370
R353:54128.578541,0.050000,54128.578585,54128.578640,54128.628641
R354:54128.698258,0.050000,54128.698292,54128.698365,54128.748366
R355:54128.754060,0.050000,54128.754122,54128.755018,54128.805019
R356:54128.768454,0.050000,54128.768510,54128.805069,54128.855069
R357:54128.947509,0.050000,54128.947539,54128.947594,54128.997595
R358:54129.029693,0.050000,54129.029743,54129.030101,54129.080102
R359:54129.090658,0.050000,54129.090719,54129.091338,54129.141338
R360:54129.110194,0.050000,54129.110266,54129.141373,54129.191374
R361:54129.178293,0.050000,54129.178344,54129.191447,54129.241448
R362:54129.225370,0.050000,54129.225408,54129.241506,54129.291506
R363:54129.373155,0.050000,54129.373206,54129.373685,54129.423685
R364:54129.415097,0.050000,54129.415256,54129.423733,54129.473734
R365:54129.438496,0.050000,54129.438529,54129.473781,54129.523782
R366:54129.471574,0.050000,54129.473770,54129.523832,54129.573833
R367:54129.580632,0.050000,54129.580669,54129.580986,54129.630987
R368:54129.665767,0.050000,54129.665808,54129.666124,54129.716125
R369:54130.015049,0.050000,54130.015319,54130.015656,54130.065657
R370:54130.049861,0.050000,54130.050000,54130.065723,54130.115724
R371:54130.240018,0.050000,54130.240204,54130.242233,54130.292580
R372:54130.252581,0.050000,54130.282379,54130.292673,54130.342673
R373:54130.296742,0.050000,54130.296833,54130.342725,54130.392726
R374:54130.298262,0.050000,54130.337427,54130.392770,54130.445647
R375:54130.425920,0.050000,54130.426043,54130.447997,54130.509823
R376:54130.558159,0.050000,54130.558209,54130.562230,54130.612231
R377:54130.587344,0.050000,54130.587724,54130.612329,54130.662330
R378:54130.598231,0.050000,54130.598282,54130.662386,54130.712387
R379:54130.765622,0.050000,54130.765813,54130.766203,54130.816204
R380:54130.872313,0.050000,54130.872508,54130.872934,54130.922935
R381:54130.876801,0.050000,54130.877007,54130.922995,54130.972995
R382:54130.926827,0.050000,54130.927070,54130.973047,54131.023047
R383:54131.290321,0.050000,54131.290387,54131.290632,54131.340633
R384:54131.393018,0.050000,54131.393407,54131.393569,54131.443570
R385:54131.412991,0.050000,54131.413153,54131.443631,54131.493632
R386:54131.466742,0.050000,54131.466772,54131.493687,54131.543687
R387:54131.633821,0.050000,54131.634478,54131.634500,54131.684500
R388:54131.642193,0.050000,54131.675303,54131.684553,54131.738547
R389:54131.651041,0.050000,54131.675307,54131.738627,54131.788628
R390:54131.691320,0.050000,54131.691356,54131.788688,54131.838689
R391:54131.721375,0.050000,54131.738612,54131.838749,54131.888750
R392:54131.812366,0.050000,54131.812437,54131.888808,54131.938809
R393:54131.950491,0.050000,54131.950596,54131.950677,54132.000678
R394:54131.962380,0.050000,54131.991310,54132.000751,54132.050752
R395:54131.966841,0.050000,54131.991312,54132.050810,54132.101652
R396:54131.971524,0.050000,54131.991317,54132.101714,54132.151717
R397:54132.028730,0.050000,54132.028807,54132.151799,54132.201799
R398:54132.155731,0.050000,54132.155783,54132.201861,54132.251862
R399:54132.254037,0.050000,54132.254085,54132.254197,54132.304198
R400:54132.302920,0.050000,54132.302970,54132.304253,54132.354253
R401:54132.313624,0.050000,54132.313666,54132.354325,54132.404326
R402:54132.387965,0.050000,54132.388030,54132.404389,54132.454390
R403:54132.460098,0.050000,54132.460151,54132.460334,54132.510336
R404:54132.523233,0.050000,54132.523289,54132.523488,54132.576001
R405:54132.598722,0.050000,54132.598801,54132.598942,54132.648942
R406:54132.636408,0.050000,54132.636466,54132.649008,54132.699009
R407:54132.666769,0.050000,54132.666819,54132.699077,54132.749078
R408:54132.849910,0.050000,54132.849962,54132.850033,54132.905410
R409:54132.910077,0.050000,54132.910120,54132.910211,54132.961473
R410:54132.925745,0.050000,54132.952262,54132.961551,54133.011552
R411:54133.004237,0.050000,54133.004319,54133.011615,54133.061616
R412:54133.066577,0.050000,54133.066684,54133.066776,54133.116777
R413:54133.151862,0.050000,54133.151926,54133.154826,54133.204827
R414:54133.227600,0.050000,54133.227658,54133.227731,54133.277732
R415:54133.249938,0.050000,54133.249997,54133.277789,54133.327790
R416:54133.397631,0.050000,54133.398098,54133.398167,54133.448168
R417:54133.403869,0.050000,54133.403988,54133.448228,54133.498228
R418:54133.412737,0.050000,54133.412798,54133.498293,54133.548293
R419:54133.627345,0.050000,54133.627401,54133.627461,54133.677462
R420:54133.642958,0.050000,54133.668271,54133.677533,54133.727534
R421:54133.697826,0.050000,54133.697873,54133.727713,54133.777714
R422:54133.719235,0.050000,54133.727698,54133.777772,54133.827772
R423:54133.865407,0.050000,54133.865599,54133.865609,54133.915610
R424:54133.894274,0.050000,54133.894311,54133.915659,54133.965660
R425:54133.931328,0.050000,54133.931564,54133.965720,54134.015721
R426:54134.107194,0.050000,54134.107741,54134.107750,54134.157751
R427:54134.142633,0.050000,54134.148306,54134.157791,54134.207792
R428:54134.283332,0.050000,54134.283374,54134.283957,54134.333958
R429:54134.373141,0.050000,54134.373202,54134.373824,54134.423825
R430:54134.376368,0.050000,54134.376396,54134.423883,54134.473884
R431:54134.401282,0.050000,54134.401338,54134.473924,54134.523925
R432:54134.526909,0.050000,54134.526969,54134.527092,54134.577093
R433:54134.609015,0.050000,54134.609157,54134.609267,54134.659278
R434:54134.759966,0.050000,54134.760191,54134.760200,54134.810214
R435:54134.790826,0.050000,54134.790885,54134.810264,54134.860265
R436:54134.811788,0.050000,54134.811827,54134.860321,54134.910321
R437:54134.830310,0.050000,54134.852429,54134.910956,54134.960957
R438:54134.909395,0.050000,54134.909435,54134.961012,54135.011013
R439:54134.919215,0.050000,54134.919264,54135.011112,54135.061138
R440:54135.012862,0.050000,54135.012915,54135.061203,54135.111204
R441:54135.140019,0.050000,54135.140105,54135.140236,54135.190236
R442:54135.246174,0.050000,54135.246361,54135.246372,54135.296372
R443:54135.264972,0.050000,54135.265043,54135.296427,54135.346428
R444:54135.308048,0.050000,54135.308142,54135.346504,54135.396521
R445:54135.339810,0.050000,54135.346491,54135.396668,54135.446669
R446:54135.387312,0.050000,54135.388305,54135.446849,54135.496850
R447:54135.409267,0.050000,54135.409307,54135.496904,54135.546905
R448:54135.450088,0.050000,54135.450170,54135.546973,54135.596974
R449:54135.513663,0.050000,54135.513725,54135.597022,54135.647023
R450:54135.527787,0.050000,54135.527829,54135.647075,54135.697106
R451:54135.595870,0.050000,54135.595937,54135.697173,54135.747174
R452:54135.598812,0.050000,54135.598836,54135.747205,54135.797222
R453:54135.638937,0.050000,54135.639145,54135.797289,54135.847289
R454:54135.679571,0.050000,54135.679621,54135.847350,54135.897351
R455:54135.711151,0.050000,54135.711396,54135.897397,54135.947398
R456:54135.823966,0.050000,54135.824054,54135.947446,54135.997447
R457:54135.849438,0.050000,54135.849560,54135.997484,54136.047485
R458:54135.937317,0.050000,54135.937372,54136.047524,54136.097524
R459:54136.007445,0.050000,54136.007504,54136.097594,54136.147594
R460:54136.217882,0.050000,54136.217948,54136.217957,54136.267958
R461:54136.318377,0.050000,54136.318457,54136.319407,54136.369408
R462:54136.456821,0.050000,54136.456925,54136.457303,54136.507305
R463:54136.556752,0.050000,54136.556800,54136.557252,54136.607253
R464:54136.588032,0.050000,54136.588136,54136.607292,54136.657293
R465:54136.674715,0.050000,54136.674806,54136.674936,54136.724936
R466:54136.675628,0.050000,54136.715412,54136.725016,54136.775016
R467:54136.739131,0.050000,54136.739262,54136.775098,54136.825098
R468:54136.894134,0.050000,54136.894188,54136.894245,54136.944255
R469:54136.974549,0.050000,54136.974613,54136.975187,54137.025187
R470:54137.060605,0.050000,54137.060664,54137.061922,54137.111923
R471:54137.121712,0.050000,54137.121867,54137.122306,54137.172307
R472:54137.167270,0.050000,54137.167301,54137.172352,54137.222353
R473:54137.208851,0.050000,54137.208916,54137.222401,54137.272407
R474:54137.316107,0.050000,54137.316190,54137.316266,54137.366267
R475:54137.451195,0.050000,54137.451344,54137.451549,54137.501550
R476:54137.545832,0.050000,54137.545926,54137.546069,54137.606243
R477:54137.559860,0.050000,54137.559910,54137.606295,54137.656638
R478:54137.562758,0.050000,54137.562809,54137.656705,54137.706706
R479:54137.568347,0.050000,54137.568399,54137.706875,54137.756875
R480:54137.665986,0.050000,54137.666042,54137.756911,54137.806911
R481:54137.683424,0.050000,54137.706857,54137.806970,54137.856971
R482:54137.764204,0.050000,54137.764392,54137.857033,54137.907057
R483:54137.865090,0.050000,54137.865217,54137.907087,54137.957088
R484:54137.937321,0.050000,54137.937443,54137.957140,54138.007141
R485:54137.937663,0.050000,54137.937684,54138.007220,54138.057239
R486:54137.938184,0.050000,54137.938204,54138.057303,54138.108495
R487:54137.968660,0.050000,54137.968708,54138.108540,54138.158540
R488:54137.994058,0.050000,54138.007207,54138.158596,54138.208618
R489:54138.084933,0.050000,54138.084996,54138.208833,54138.259011
R490:54138.247722,0.050000,54138.247769,54138.259129,54138.309130
R491:54138.267183,0.050000,54138.267988,54138.309160,54138.359175
R492:54138.307277,0.050000,54138.308245,54138.359224,54138.409224
R493:54138.399232,0.050000,54138.399286,54138.409287,54138.460142
R494:54138.575396,0.050000,54138.575448,54138.575574,54138.625575
R495:54138.663794,0.050000,54138.663850,54138.667026,54138.717027
R496:54138.695299,0.050000,54138.695386,54138.717087,54138.767088
R497:54138.875714,0.050000,54138.875795,54138.875983,54138.925984
R498:54138.893096,0.050000,54138.916365,54138.926103,54138.976104
R499:54138.907404,0.050000,54138.916374,54138.977522,54139.027523
R500:54138.965820,0.050000,54138.965871,54139.027580,54139.077581
R501:54139.113086,0.050000,54139.113173,54139.113285,54139.163289
R502:54139.207141,0.050000,54139.207365,54139.207793,54139.257794
R503:54139.402911,0.050000,54139.403183,54139.403396,54139.453397
R504:54139.420741,0.050000,54139.420795,54139.453455,54139.503455
R505:54139.462702,0.050000,54139.462738,54139.503516,54139.553517
R506:54139.564946,0.050000,54139.564996,54139.565199,54139.615200
R507:54139.734805,0.050000,54139.734872,54139.734945,54139.784970
R508:54139.801082,0.050000,54139.801140,54139.801213,54139.851255
R509:54139.913155,0.050000,54139.913221,54139.913303,54139.963304
R510:54140.137932,0.050000,54140.137991,54140.138130,54140.188131
R511:54140.160207,0.050000,54140.160245,54140.188189,54140.238190
R512:54140.377933,0.050000,54140.377979,54140.378143,54140.428144
R513:54140.447708,0.050000,54140.447762,54140.449438,54140.499439
R514:54140.673617,0.050000,54140.673739,54140.673802,54140.723803
R515:54140.730597,0.050000,54140.730744,54140.731175,54140.781176
R516:54140.797773,0.050000,54140.797832,54140.797923,54140.847924
R517:54141.031155,0.050000,54141.031200,54141.031799,54141.081800
R518:54141.165352,0.050000,54141.165408,54141.166101,54141.216120
R519:54141.305701,0.050000,54141.305896,54141.306226,54141.356227
R520:54141.381085,0.050000,54141.381160,54141.382105,54141.432130
R521:54141.470486,0.050000,54141.470546,54141.471240,54141.521241
R522:54141.917333,0.050000,54141.917387,54141.917792,54141.967793
R523:54142.146343,0.050000,54142.146435,54142.146998,54142.196998
R524:54142.179269,0.050000,54142.179322,54142.197055,54142.247055
R525:54142.352231,0.050000,54142.352423,54142.352475,54142.402477
R526:54142.426547,0.050000,54142.426612,54142.427131,54142.477132
R527:54142.511276,0.050000,54142.511437,54142.512472,54142.562473
R528:54142.630131,0.050000,54142.630280,54142.630361,54142.680362
R529:54142.754804,0.050000,54142.755195,54142.755206,54142.805207
R530:54142.886966,0.050000,54142.887184,54142.887194,54142.937195
R531:54142.920773,0.050000,54142.920843,54142.937289,54142.987290
R532:54142.998279,0.050000,54142.998329,54142.999686,54143.049687
R533:54143.052572,0.050000,54143.052625,54143.058596,54143.109167
R534:54143.068229,0.050000,54143.068287,54143.109367,54143.159508
R535:54143.200658,0.050000,54143.200711,54143.201179,54143.251180
R536:54143.367723,0.050000,54143.367763,54143.368147,54143.418154
R537:54143.539806,0.050000,54143.539859,54143.539912,54143.594065
R538:54143.631313,0.050000,54143.631358,54143.631417,54143.681418
R539:54143.676643,0.050000,54143.676716,54143.681484,54143.731485
R540:54143.756542,0.050000,54143.756592,54143.756716,54143.806727
R541:54143.832475,0.050000,54143.832571,54143.832828,54143.882829
R542:54143.919106,0.050000,54143.919245,54143.919353,54143.969355
R543:54143.983804,0.050000,54143.983903,54143.984157,54144.034158
R544:54143.997403,0.050000,54143.997451,54144.034253,54144.084254
R545:54144.069612,0.050000,54144.069666,54144.084324,54144.134325
R546:54144.072525,0.050000,54144.084311,54144.134385,54144.184386
R547:54144.173894,0.050000,54144.173948,54144.184431,54144.234481
R548:54144.235730,0.050000,54144.235766,54144.235909,54144.285910
R549:54144.385412,0.050000,54144.385461,54144.385475,54144.435476
R550:54144.445829,0.050000,54144.445873,54144.446245,54144.496245
R551:54144.455921,0.050000,54144.456003,54144.496295,54144.546296
R552:54144.512518,0.050000,54144.512567,54144.546358,54144.596359
R553:54144.573101,0.050000,54144.573154,54144.596449,54144.646450
R554:54144.578542,0.050000,54144.596436,54144.646502,54144.696503
R555:54144.719590,0.050000,54144.719811,54144.719822,54144.769823
R556:54144.760298,0.050000,54144.760354,54144.769869,54144.819869
R557:54144.845023,0.050000,54144.845321,54144.845332,54144.895333
R558:54144.895338,0.050000,54144.895395,54144.895415,54144.945416
R559:54144.908386,0.050000,54144.908437,54144.945471,54144.995471
R560:54144.952923,0.050000,54144.952963,54144.995500,54145.045501
R561:54144.976702,0.050000,54144.993400,54145.046177,54145.096179
R562:54145.020286,0.050000,54145.020333,54145.096416,54145.146417
R563:54145.021834,0.050000,54145.045572,54145.146473,54145.196475
R564:54145.127558,0.050000,54145.127728,54145.196509,54145.246510
R565:54145.199440,0.050000,54145.199466,54145.246559,54145.296560
R566:54145.339678,0.050000,54145.339742,54145.339832,54145.389833
R567:54145.412920,0.050000,54145.412967,54145.413234,54145.463251
R568:54145.462614,0.050000,54145.462684,54145.463292,54145.513301
R569:54145.516945,0.050000,54145.516974,54145.517216,54145.567217
R570:54145.961574,0.050000,54145.961635,54145.961734,54146.011735
R571:54145.966803,0.050000,54145.966851,54146.011795,54146.061816
R572:54145.973338,0.050000,54145.973390,54146.061865,54146.111866
R573:54146.058801,0.050000,54146.058850,54146.111923,54146.161923
R574:54146.135186,0.050000,54146.135271,54146.161986,54146.211987
R575:54146.156679,0.050000,54146.161975,54146.212094,54146.262094
R576:54146.177908,0.050000,54146.204221,54146.262133,54146.312134
R577:54146.260896,0.050000,54146.260940,54146.312238,54146.362239
R578:54146.475320,0.050000,54146.475370,54146.475519,54146.525520
R579:54146.587061,0.050000,54146.587147,54146.587253,54146.637254
R580:54146.639056,0.050000,54146.639183,54146.639391,54146.689392
R581:54146.687362,0.050000,54146.687413,54146.689427,54146.739435
R582:54146.845900,0.050000,54146.845988,54146.846146,54146.896147
R583:54147.100292,0.050000,54147.100383,54147.100587,54147.150588
R584:54147.348397,0.050000,54147.348548,54147.348559,54147.398560
R585:54147.539710,0.050000,54147.539910,54147.539922,54147.589922
R586:54147.661298,0.050000,54147.661379,54147.662284,54147.712285
R587:54147.695276,0.050000,54147.695329,54147.712340,54147.762362
R588:54147.759514,0.050000,54147.759559,54147.762413,54147.812414
R589:54147.781817,0.050000,54147.781872,54147.812457,54147.862458
R590:54147.836202,0.050000,54147.836247,54147.862508,54147.912509
R591:54148.085667,0.050000,54148.085721,54148.086277,54148.136283
R592:54148.138129,0.050000,54148.138195,54148.138493,54148.188494
R593:54148.318043,0.050000,54148.318156,54148.318848,54148.368849
R594:54148.603239,0.050000,54148.603298,54148.603381,54148.653382
R595:54148.620300,0.050000,54148.620339,54148.653442,54148.703443
R596:54148.671482,0.050000,54148.671538,54148.703502,54148.753502
R597:54148.797899,0.050000,54148.797962,54148.798527,54148.848528
R598:54148.919254,0.050000,54148.919356,54148.919804,54148.969805
R599:54149.115451,0.050000,54149.115540,54149.115688,54149.165689
R600:54149.140468,0.050000,54149.140514,54149.165752,54149.215753
R601:54149.260062,0.050000,54149.260112,54149.260594,54149.310605
R602:54149.536077,0.050000,54149.536232,54149.536683,54149.586684
R603:54149.569966,0.050000,54149.570037,54149.586739,54149.636740
R604:54149.613017,0.050000,54149.613070,54149.636797,54149.686797
R605:54149.681746,0.050000,54149.681803,54149.686850,54149.736851
R606:54149.749305,0.050000,54149.749349,54149.749395,54149.799396
R607:54149.830530,0.050000,54149.830583,54149.830678,54149.880679
R608:54149.848358,0.050000,54149.848426,54149.880741,54149.930742
R609:54149.902683,0.050000,54149.902735,54149.930810,54149.986863
R610:54149.940119,0.050000,54149.940160,54149.987146,54150.037147
R611:54150.028811,0.050000,54150.034194,54150.037209,54150.087209
R612:54150.241350,0.050000,54150.241401,54150.241434,54150.291434
R613:54150.261208,0.050000,54150.282228,54150.291475,54150.341476
R614:54150.339006,0.050000,54150.339059,54150.341525,54150.391526
R615:54150.506230,0.050000,54150.506273,54150.509844,54150.559845
R616:54150.516035,0.050000,54150.545148,54150.559908,54150.609909
R617:54150.555108,0.050000,54150.555147,54150.609942,54150.659943
R618:54150.573753,0.050000,54150.573810,54150.659993,54150.720241
R619:54150.660514,0.050000,54150.660531,54150.720315,54150.770316
R620:54150.735593,0.050000,54150.735635,54150.770377,54150.827582
R621:54150.843531,0.050000,54150.843582,54150.843899,54150.896681
R622:54150.919302,0.050000,54150.919338,54150.919671,54150.969673
R623:54150.924461,0.050000,54150.924533,54150.971999,54151.022000
R624:54150.993283,0.050000,54150.993354,54151.022049,54151.076654
R625:54151.062833,0.050000,54151.062885,54151.076731,54151.126732
R626:54151.086377,0.050000,54151.086428,54151.126762,54151.176763
R627:54151.088222,0.050000,54151.126187,54151.176806,54151.226807
R628:54151.123541,0.050000,54151.126190,54151.226854,54151.276856
R629:54151.124444,0.050000,54151.126196,54151.276967,54151.326968
R630:54151.339022,0.050000,54151.339067,54151.339557,54151.389558
R631:54151.415944,0.050000,54151.415995,54151.417822,54151.467823
R632:54151.538797,0.050000,54151.538873,54151.538941,54151.588941
R633:54151.720988,0.050000,54151.721068,54151.721129,54151.771130
R634:54151.946776,0.050000,54151.946834,54151.946884,54151.996885
R635:54151.962773,0.050000,54151.962833,54151.996946,54152.046947
R636:54152.012444,0.050000,54152.012502,54152.047005,54152.097041
R637:54152.068851,0.050000,54152.068910,54152.097102,54152.147103
R638:54152.201212,0.050000,54152.201288,54152.201332,54152.251333
R639:54152.286267,0.050000,54152.286326,54152.286464,54152.336466
R640:54152.567399,0.050000,54152.567488,54152.567605,54152.617607
R641:54152.581683,0.050000,54152.581742,54152.617684,54152.667685
R642:54152.611863,0.050000,54152.611930,54152.667740,54152.717769
R643:54152.790400,0.050000,54152.790744,54152.790755,54152.840756
R644:54152.828573,0.050000,54152.831167,54152.840796,54152.890797
R645:54153.020054,0.050000,54153.020219,54153.020238,54153.070239
R646:54153.134919,0.050000,54153.135407,54153.135415,54153.185417
R647:54153.188883,0.050000,54153.188932,54153.188966,54153.238966
R648:54153.215566,0.050000,54153.215616,54153.239003,54153.289004
R649:54153.459906,0.050000,54153.459989,54153.460077,54153.510077
R650:54153.470980,0.050000,54153.500206,54153.510171,54153.560172
R651:54153.638339,0.050000,54153.638426,54153.638626,54153.688628
R652:54153.719882,0.050000,54153.719942,54153.719989,54153.769990
R653:54153.825710,0.050000,54153.825742,54153.826403,54153.876404
R654:54154.041146,0.050000,54154.041234,54154.041994,54154.091995
R655:54154.058273,0.050000,54154.058305,54154.092086,54154.142087
R656:54154.086020,0.050000,54154.086060,54154.142142,54154.192143
R657:54154.101513,0.050000,54154.101542,54154.192210,54154.242210
R658:54154.120540,0.050000,54154.142130,54154.242256,54154.292256
R659:54154.202676,0.050000,54154.202708,54154.292286,54154.342322
R660:54154.219096,0.050000,54154.219144,54154.342362,54154.392363
R661:54154.231392,0.050000,54154.231454,54154.392425,54154.442426
R662:54154.254469,0.050000,54154.254514,54154.442497,54154.492498
R663:54154.499668,0.050000,54154.499763,54154.500208,54154.550209
R664:54154.501392,0.050000,54154.541293,54154.550242,54154.600243
R665:54154.517010,0.050000,54154.541296,54154.600296,54154.650297
R666:54154.527941,0.050000,54154.541299,54154.650333,54154.700333
R667:54154.579985,0.050000,54154.580055,54154.700390,54154.750390
R668:54154.667967,0.050000,54154.668058,54154.750428,54154.800429
R669:54154.873941,0.050000,54154.873985,54154.874367,54154.924368
R670:54154.882893,0.050000,54154.915292,54154.924419,54154.974419
R671:54154.962630,0.050000,54154.962672,54154.974478,54155.024483
R672:54154.969334,0.050000,54154.974467,54155.024526,54155.074527
R673:54155.012018,0.050000,54155.018563,54155.074565,54155.124566
R674:54155.069808,0.050000,54155.069838,54155.124664,54155.174668
R675:54155.118231,0.050000,54155.118359,54155.174724,54155.224725
R676:54155.147815,0.050000,54155.147949,54155.224775,54155.274776
R677:54155.171808,0.050000,54155.174713,54155.274823,54155.324851
R678:54155.375057,0.050000,54155.375217,54155.375632,54155.425633
R679:54155.445223,0.050000,54155.445361,54155.445372,54155.495373
R680:54155.463224,0.050000,54155.463288,54155.495413,54155.545414
R681:54155.466477,0.050000,54155.466499,54155.545460,54155.595461
R682:54155.513829,0.050000,54155.513868,54155.595497,54155.645498
R683:54155.654158,0.050000,54155.654245,54155.654548,54155.704549
R684:54155.771016,0.050000,54155.771058,54155.771847,54155.821848
R685:54155.808109,0.050000,54155.808159,54155.822581,54155.872582
R686:54156.325010,0.050000,54156.325161,54156.325383,54156.375384
R687:54156.328267,0.050000,54156.365180,54156.375458,54156.425458
R688:54156.390138,0.050000,54156.390168,54156.425519,54156.475520
R689:54156.408918,0.050000,54156.425507,54156.475563,54156.525563
R690:54156.499425,0.050000,54156.499463,54156.525620,54156.575620
R691:54156.599867,0.050000,54156.600210,54156.600337,54156.650338
R692:54156.633320,0.050000,54156.640124,54156.650384,54156.700385
R693:54156.816857,0.050000,54156.817371,54156.817379,54156.867380
R694:54156.903679,0.050000,54156.903736,54156.904162,54156.954163
R695:54156.938606,0.050000,54156.938641,54156.954248,54157.004248
R696:54156.942984,0.050000,54156.943027,54157.004287,54157.054288
R697:54157.064527,0.050000,54157.064554,54157.064716,54157.114717
R698:54157.200207,0.050000,54157.200265,54157.200806,54157.250807
R699:54157.300308,0.050000,54157.300377,54157.310145,54157.360146
R700:54157.395925,0.050000,54157.396113,54157.396128,54157.446129
R701:54157.591530,0.050000,54157.591605,54157.592123,54157.642124
R702:54157.623010,0.050000,54157.623071,54157.642163,54157.692164
R703:54157.739482,0.050000,54157.739517,54157.739976,54157.789977
R704:54157.769104,0.050000,54157.780207,54157.790050,54157.840051
R705:54157.907349,0.050000,54157.907400,54157.907764,54157.957765
R706:54157.924952,0.050000,54157.948103,54157.957796,54158.007809
R707:54157.999572,0.050000,54157.999616,54158.007878,54158.057879
R708:54158.004252,0.050000,54158.007866,54158.057904,54158.107905
R709:54158.013802,0.050000,54158.049081,54158.107962,54158.157962
R710:54158.029316,0.050000,54158.049088,54158.157990,54158.207991
R711:54158.053940,0.050000,54158.054070,54158.208089,54158.258090
R712:54158.066808,0.050000,54158.066831,54158.258131,54158.308132
R713:54158.141443,0.050000,54158.141650,54158.308175,54158.358176
R714:54158.146948,0.050000,54158.158001,54158.358274,54158.408275
R715:54158.330968,0.050000,54158.331134,54158.408309,54158.458310
R716:54158.573993,0.050000,54158.574043,54158.574513,54158.624514
R717:54158.579007,0.050000,54158.615101,54158.624555,54158.674556
R718:54158.795169,0.050000,54158.795247,54158.795711,54158.845712
R719:54158.848110,0.050000,54158.848134,54158.848386,54158.898388
R720:54158.873115,0.050000,54158.873178,54158.898448,54158.948449
R721:54158.947096,0.050000,54158.947134,54158.948473,54158.998474
R722:54158.963102,0.050000,54158.963142,54158.998537,54159.048538
R723:54159.036608,0.050000,54159.036638,54159.048582,54159.098583
R724:54159.091141,0.050000,54159.091187,54159.098615,54159.148616
R725:54159.232284,0.050000,54159.232323,54159.232659,54159.282660
R726:54159.449431,0.050000,54159.449477,54159.449866,54159.499867
R727:54159.511881,0.050000,54159.512001,54159.512135,54159.562137
R728:54159.585027,0.050000,54159.585105,54159.585204,54159.635205
R729:54159.694187,0.050000,54159.694275,54159.694751,54159.744751
R730:54159.715631,0.050000,54159.715681,54159.744783,54159.794784
R731:54159.741327,0.050000,54159.741383,54159.794829,54159.844830
R732:54159.825142,0.050000,54159.825185,54159.844877,54159.894878
R733:54159.889653,0.050000,54159.889681,54159.894938,54159.944939
R734:54159.891146,0.050000,54159.894913,54159.944976,54159.994978
R735:54160.114649,0.050000,54160.114718,54160.114766,54160.164767
R736:54160.150424,0.050000,54160.150473,54160.164814,54160.214814
R737:54160.169717,0.050000,54160.169745,54160.214854,54160.264855
R738:54160.231421,0.050000,54160.231464,54160.264912,54160.314913
R739:54160.274218,0.050000,54160.274254,54160.314962,54160.364962
R740:54160.305041,0.050000,54160.314952,54160.364994,54160.414995
R741:54160.400924,0.050000,54160.400994,54160.415036,54160.465037
R742:54160.488116,0.050000,54160.488227,54160.488239,54160.538248
R743:54160.537925,0.050000,54160.538016,54160.538300,54160.588301
R744:54160.565363,0.050000,54160.565408,54160.588354,54160.638354
R745:54160.667291,0.050000,54160.667334,54160.667380,54160.717381
R746:54160.701398,0.050000,54160.708096,54160.717410,54160.767411
R747:54160.721951,0.050000,54160.722023,54160.768268,54160.818269
R748:54160.841176,0.050000,54160.841215,54160.841636,54160.891637
R749:54160.866273,0.050000,54160.882281,54160.891676,54160.941677
R750:54160.962256,0.050000,54160.962295,54160.962636,54161.012637
R751:54160.963697,0.050000,54161.004191,54161.012677,54161.062678
R752:54161.119323,0.050000,54161.119371,54161.119699,54161.169700
R753:54161.278899,0.050000,54161.278943,54161.279338,54161.329339
R754:54161.355526,0.050000,54161.355581,54161.356179,54161.406180
R755:54161.387982,0.050000,54161.388257,54161.406244,54161.456245
R756:54161.480240,0.050000,54161.480284,54161.480421,54161.530422
R757:54161.542741,0.050000,54161.542834,54161.542977,54161.592978
R758:54161.699922,0.050000,54161.699978,54161.700043,54161.750048
R759:54161.724091,0.050000,54161.724142,54161.750085,54161.800086
R760:54161.748868,0.050000,54161.748920,54161.800154,54161.850155
R761:54161.755309,0.050000,54161.755336,54161.850208,54161.900209
R762:54161.815595,0.050000,54161.815667,54161.900243,54161.950244
R763:54161.999733,0.050000,54161.999783,54162.000174,54162.050174
R764:54162.078850,0.050000,54162.078899,54162.079006,54162.129006
R765:54162.142170,0.050000,54162.142260,54162.142386,54162.192387
R766:54162.285899,0.050000,54162.285959,54162.286495,54162.336496
R767:54162.552126,0.050000,54162.552458,54162.552845,54162.602846
R768:54162.663580,0.050000,54162.663660,54162.664158,54162.714184
R769:54162.698888,0.050000,54162.698944,54162.714244,54162.764245
R770:54162.736192,0.050000,54162.736240,54162.764343,54162.814344
R771:54162.740048,0.050000,54162.764328,54162.814415,54162.864416
R772:54162.742134,0.050000,54162.764330,54162.864465,54162.914466
R773:54162.742605,0.050000,54162.764332,54162.914505,54162.964505
R774:54162.798371,0.050000,54162.806290,54162.964565,54163.014566
R775:54162.827602,0.050000,54162.827719,54163.014614,54163.064615
R776:54162.930679,0.050000,54162.930722,54163.064659,54163.114660
R777:54163.073864,0.050000,54163.073896,54163.114728,54163.164729
R778:54163.133256,0.050000,54163.133353,54163.164789,54163.214789
R779:54163.186413,0.050000,54163.186452,54163.214864,54163.264865
R780:54163.193826,0.050000,54163.214837,54163.264983,54163.314984
R781:54163.212626,0.050000,54163.214853,54163.315026,54163.365027
R782:54163.268032,0.050000,54163.268110,54163.365082,54163.415083
R783:54163.482336,0.050000,54163.482476,54163.482489,54163.532490
R784:54163.486155,0.050000,54163.486178,54163.532546,54163.582547
R785:54163.493581,0.050000,54163.493621,54163.582605,54163.632606
R786:54163.517110,0.050000,54163.517143,54163.632661,54163.682662
R787:54163.620932,0.050000,54163.620982,54163.682699,54163.732699
R788:54163.700015,0.050000,54163.700059,54163.732773,54163.782774
R789:54163.708312,0.050000,54163.732760,54163.782815,54163.832816
R790:54163.980002,0.050000,54163.980170,54163.980181,54164.030182
R791:54164.148581,0.050000,54164.148771,54164.148783,54164.198784
R792:54164.163909,0.050000,54164.163966,54164.198838,54164.248839
R793:54164.217871,0.050000,54164.217912,54164.248890,54164.298891
R794:54164.335966,0.050000,54164.336056,54164.336245,54164.386248
R795:54164.461391,0.050000,54164.461437,54164.461511,54164.511512
R796:54164.462041,0.050000,54164.462098,54164.511574,54164.561574
R797:54164.534172,0.050000,54164.534223,54164.561620,54164.611621
R798:54164.645417,0.050000,54164.645464,54164.645630,54164.695631
R799:54164.759456,0.050000,54164.759553,54164.759583,54164.809584
R800:54164.973192,0.050000,54164.973659,54164.973668,54165.023669
R801:54164.981747,0.050000,54164.981780,54165.023727,54165.073728
R802:54165.110965,0.050000,54165.111017,54165.111736,54165.161737
R803:54165.354981,0.050000,54165.355024,54165.355507,54165.405508
R804:54165.364040,0.050000,54165.364080,54165.405569,54165.455570
R805:54165.390968,0.050000,54165.391039,54165.455600,54165.505601
R806:54165.413917,0.050000,54165.413950,54165.505639,54165.555639
R807:54165.552887,0.050000,54165.553046,54165.555682,54165.605697
R808:54165.561738,0.050000,54165.561780,54165.605729,54165.655730
R809:54165.676395,0.050000,54165.676442,54165.676562,54165.726563
R810:54165.703714,0.050000,54165.703757,54165.726609,54165.776609
R811:54165.719804,0.050000,54165.719841,54165.776667,54165.826667
R812:54165.951268,0.050000,54165.951319,54165.951385,54166.001386
R813:54166.070652,0.050000,54166.070753,54166.070831,54166.120833
R814:54166.079332,0.050000,54166.079367,54166.120902,54166.170920
R815:54166.410172,0.050000,54166.410217,54166.410393,54166.460394
R816:54166.565795,0.050000,54166.565887,54166.565990,54166.615991
R817:54166.600808,0.050000,54166.600883,54166.616059,54166.666059
R818:54166.699231,0.050000,54166.699274,54166.699549,54166.749550
R819:54166.750134,0.050000,54166.750159,54166.750343,54166.800344
R820:54166.797713,0.050000,54166.797759,54166.800375,54166.850376
R821:54166.886273,0.050000,54166.886321,54166.886835,54166.936836
R822:54166.919199,0.050000,54166.927206,54166.936891,54166.986892
R823:54166.995752,0.050000,54166.995782,54166.996095,54167.046095
R824:54167.007470,0.050000,54167.037200,54167.046134,54167.096134
R825:54167.014769,0.050000,54167.037207,54167.096163,54167.146164
R826:54167.054648,0.050000,54167.054729,54167.146238,54167.196239
R827:54167.067629,0.050000,54167.095166,54167.196285,54167.246286
R828:54167.157956,0.050000,54167.157992,54167.246325,54167.296326
R829:54167.168418,0.050000,54167.196276,54167.296371,54167.346371
R830:54167.346496,0.050000,54167.346513,54167.346518,54167.404026
R831:54167.420218,0.050000,54167.420400,54167.420420,54167.470422
R832:54167.440366,0.050000,54167.440440,54167.470469,54167.520470
R833:54167.532792,0.050000,54167.532834,54167.533238,54167.583239
R834:54167.595840,0.050000,54167.595883,54167.596280,54167.646280
R835:54167.627391,0.050000,54167.627437,54167.646336,54167.696337
R836:54167.866600,0.050000,54167.866685,54167.866795,54167.916795
R837:54167.988670,0.050000,54167.988725,54167.989247,54168.039247
R838:54168.999665,0.050000,54168.999831,54168.999859,54169.049859
R839:54169.003210,0.050000,54169.003322,54169.049919,54169.099920
R840:54169.063739,0.050000,54169.063775,54169.099969,54169.149969
R841:54169.106333,0.050000,54169.106363,54169.149999,54169.199999
R842:54169.126229,0.050000,54169.147238,54169.200045,54169.250045
R843:54169.176519,0.050000,54169.176553,54169.250073,54169.300074
R844:54169.191155,0.050000,54169.200032,54169.300183,54169.350184
R845:54169.221976,0.050000,54169.240260,54169.350245,54169.400245
R846:54169.269430,0.050000,54169.269475,54169.400294,54169.450295
R847:54169.269968,0.050000,54169.300141,54169.450365,54169.500365
R848:54169.357469,0.050000,54169.357555,54169.500410,54169.550411
R849:54169.369103,0.050000,54169.369137,54169.550448,54169.600448
R850:54169.421043,0.050000,54169.421075,54169.600504,54169.650505
R851:54169.428482,0.050000,54169.450353,54169.650532,54169.700533
R852:54169.554807,0.050000,54169.554851,54169.700574,54169.750574
R853:54169.683366,0.050000,54169.683443,54169.750608,54169.800609
R854:54169.779681,0.050000,54169.779724,54169.800663,54169.850664
R855:54169.980656,0.050000,54169.980734,54169.980813,54170.030814
R856:54170.149218,0.050000,54170.149795,54170.149929,54170.199930
R857:54170.154755,0.050000,54170.154794,54170.199992,54170.249993
R858:54170.158886,0.050000,54170.159344,54170.250036,54170.300037
R859:54170.221406,0.050000,54170.221464,54170.300082,54170.350082
R860:54170.237802,0.050000,54170.237853,54170.350135,54170.400136
R861:54170.457027,0.050000,54170.457055,54170.457451,54170.507452
R862:54170.466771,0.050000,54170.497224,54170.507502,54170.557503
R863:54170.507705,0.050000,54170.507723,54170.557543,54170.607544
R864:54170.583388,0.050000,54170.583443,54170.607596,54170.657596
R865:54170.668340,0.050000,54170.668410,54170.668512,54170.718513
R866:54170.768907,0.050000,54170.768982,54170.769029,54170.819050
R867:54170.833660,0.050000,54170.833702,54170.834129,54170.884130
R868:54170.877251,0.050000,54170.877289,54170.884168,54170.934169
R869:54171.021343,0.050000,54171.021369,54171.021825,54171.071826
R870:54171.093523,0.050000,54171.093570,54171.093865,54171.143866
R871:54171.305771,0.050000,54171.305820,54171.306287,54171.356288
R872:54171.326775,0.050000,54171.326824,54171.356342,54171.406343
R873:54171.456628,0.050000,54171.456770,54171.457105,54171.507106
R874:54171.495800,0.050000,54171.497358,54171.507162,54171.557163
R875:54171.535953,0.050000,54171.536005,54171.557334,54171.607335
R876:54171.544611,0.050000,54171.557675,54171.607366,54171.657367
R877:54171.682318,0.050000,54171.682372,54171.682513,54171.732514
R878:54171.723380,0.050000,54171.723408,54171.732550,54171.782551
R879:54171.838098,0.050000,54171.838146,54171.838223,54171.888224
R880:54172.065032,0.050000,54172.065094,54172.065504,54172.115505
R881:54172.222853,0.050000,54172.222923,54172.223975,54172.273976
R882:54172.371384,0.050000,54172.371457,54172.372459,54172.422460
R883:54172.475954,0.050000,54172.475992,54172.476511,54172.526512
R884:54172.560089,0.050000,54172.560177,54172.560992,54172.610993
R885:54172.620727,0.050000,54172.620811,54172.621194,54172.671195
R886:54172.702526,0.050000,54172.702567,54172.703132,54172.753133
R887:54172.760787,0.050000,54172.760841,54172.761443,54172.811444
R888:54172.832962,0.050000,54172.833005,54172.833479,54172.883480
R889:54172.925923,0.050000,54172.925960,54172.926480,54172.976480
R890:54172.928496,0.050000,54172.928517,54172.976531,54173.026532
R891:54173.046142,0.050000,54173.046204,54173.046984,54173.096984
R892:54173.122568,0.050000,54173.122620,54173.123268,54173.173268
R893:54173.135199,0.050000,54173.135237,54173.173373,54173.223374
R894:54173.148253,0.050000,54173.148302,54173.223414,54173.273415
R895:54173.166535,0.050000,54173.166585,54173.273499,54173.323500
R896:54173.291992,0.050000,54173.292067,54173.323559,54173.373559
R897:54173.447139,0.050000,54173.447178,54173.447260,54173.497261
R898:54173.558001,0.050000,54173.558084,54173.558429,54173.608430
R899:54173.575096,0.050000,54173.575144,54173.608473,54173.658473
R900:54173.666769,0.050000,54173.666801,54173.666918,54173.716918
R901:54173.698213,0.050000,54173.707182,54173.716954,54173.766955
R902:54173.707540,0.050000,54173.707549,54173.766996,54173.816997
R903:54173.890364,0.050000,54173.890396,54173.890442,54173.940443
R904:54173.899466,0.050000,54173.931283,54173.940473,54173.990473
R905:54173.954031,0.050000,54173.954075,54173.990536,54174.040537
R906:54173.980417,0.050000,54173.990523,54174.040586,54174.090586
R907:54173.999077,0.050000,54174.032108,54174.090624,54174.140624
R908:54174.027436,0.050000,54174.032116,54174.140680,54174.190680
R909:54174.116831,0.050000,54174.116864,54174.190715,54174.240716
R910:54174.361724,0.050000,54174.361797,54174.361925,54174.411926
R911:54174.382777,0.050000,54174.402090,54174.411959,54174.461959
R912:54174.441760,0.050000,54174.441801,54174.462009,54174.512010
R913:54174.567463,0.050000,54174.567548,54174.567661,54174.617662
R914:54174.797185,0.050000,54174.797228,54174.797573,54174.847574
R915:54174.810090,0.050000,54174.810115,54174.847616,54174.897617
R916:54174.839272,0.050000,54174.839320,54174.897675,54174.947676
R917:54174.908194,0.050000,54174.908217,54174.947715,54174.997716
R918:54174.995263,0.050000,54174.995311,54174.997744,54175.047745
R919:54175.168009,0.050000,54175.168063,54175.168073,54175.218074
R920:54175.192269,0.050000,54175.210989,54175.218106,54175.268107
R921:54175.286490,0.050000,54175.286624,54175.286635,54175.336636
R922:54175.369342,0.050000,54175.369441,54175.369450,54175.419451
R923:54175.518385,0.050000,54175.518438,54175.518485,54175.568486
R924:54175.658262,0.050000,54175.658318,54175.658366,54175.708366
R925:54175.782160,0.050000,54175.782225,54175.782235,54175.832236
R926:54175.784646,0.050000,54175.784680,54175.832277,54175.882278
R927:54175.859130,0.050000,54175.859160,54175.882329,54175.932330
R928:54175.939330,0.050000,54175.939354,54175.939450,54175.989451
R929:54176.059780,0.050000,54176.059838,54176.059885,54176.109885
R930:54176.184033,0.050000,54176.184094,54176.184142,54176.234143
R931:54176.212099,0.050000,54176.212154,54176.234192,54176.284193
R932:54176.218841,0.050000,54176.218888,54176.284249,54176.334250
R933:54176.395666,0.050000,54176.395749,54176.395865,54176.445866
R934:54176.411642,0.050000,54176.436197,54176.445890,54176.495891
R935:54176.428153,0.050000,54176.436205,54176.495949,54176.545950
R936:54176.465373,0.050000,54176.465409,54176.546006,54176.596007
R937:54176.514249,0.050000,54176.514302,54176.596072,54176.646072
R938:54176.554025,0.050000,54176.554064,54176.646101,54176.696101
R939:54176.641029,0.050000,54176.641106,54176.696132,54176.746133
R940:54176.649992,0.050000,54176.650009,54176.746177,54176.796178
R941:54176.682908,0.050000,54176.690317,54176.796234,54176.846235
R942:54176.852619,0.050000,54176.852682,54176.852757,54176.902758
R943:54176.930731,0.050000,54176.930784,54176.930852,54176.980853
R944:54176.940030,0.050000,54176.940059,54176.980894,54177.030895
R945:54177.076686,0.050000,54177.076739,54177.076863,54177.126864
R946:54177.192269,0.050000,54177.192326,54177.192790,54177.242790
R947:54177.234815,0.050000,54177.234849,54177.242831,54177.292832
R948:54177.272993,0.050000,54177.273039,54177.292890,54177.342932
R949:54177.315302,0.050000,54177.315402,54177.343085,54177.393112
R950:54177.342912,0.050000,54177.343072,54177.393157,54177.443158
R951:54177.419960,0.050000,54177.420110,54177.443240,54177.493240
R952:54177.426802,0.050000,54177.426849,54177.493266,54177.543267
R953:54177.620124,0.050000,54177.620169,54177.620617,54177.670618
R954:54177.667506,0.050000,54177.667537,54177.670655,54177.720656
R955:54177.845150,0.050000,54177.845289,54177.845740,54177.895741
R956:54177.938979,0.050000,54177.939064,54177.939144,54177.989145
R957:54177.990643,0.050000,54177.990702,54177.990820,54178.040821
R958:54178.043943,0.050000,54178.043979,54178.044092,54178.094093
R959:54178.072834,0.050000,54178.072869,54178.094156,54178.144157
R960:54178.094111,0.050000,54178.094143,54178.144239,54178.194239
R961:54178.117726,0.050000,54178.135270,54178.194323,54178.244324
R962:54178.189942,0.050000,54178.189986,54178.244378,54178.294379
R963:54178.220496,0.050000,54178.220588,54178.294433,54178.344434
R964:54178.232076,0.050000,54178.244365,54178.344474,54178.394474
R965:54178.347738,0.050000,54178.347775,54178.394529,54178.444530
R966:54178.402680,0.050000,54178.402727,54178.444585,54178.494586
R967:54178.458306,0.050000,54178.458338,54178.494621,54178.544622
R968:54178.476242,0.050000,54178.476286,54178.544667,54178.594668
R969:54178.639507,0.050000,54178.639542,54178.639611,54178.689612
R970:54178.651710,0.050000,54178.680104,54178.689647,54178.739648
R971:54178.681046,0.050000,54178.681182,54178.739680,54178.789681
R972:54178.698764,0.050000,54178.698790,54178.789715,54178.839716
R973:54178.699170,0.050000,54178.739358,54178.839744,54178.889745
R974:54178.892444,0.050000,54178.892485,54178.892555,54178.942556
R975:54178.921598,0.050000,54178.933135,54178.942591,54178.992592
R976:54179.059478,0.050000,54179.059678,54179.059807,54179.109809
R977:54179.147216,0.050000,54179.147316,54179.148172,54179.198173
R978:54179.244335,0.050000,54179.244376,54179.245154,54179.295193
R979:54179.260516,0.050000,54179.260566,54179.295275,54179.345276
R980:54179.264426,0.050000,54179.264458,54179.345326,54179.395327
R981:54179.532202,0.050000,54179.532282,54179.532373,54179.582374
R982:54179.656733,0.050000,54179.657228,54179.657260,54179.707261
R983:54179.666888,0.050000,54179.666933,54179.707287,54179.757287
R984:54179.831622,0.050000,54179.831696,54179.831826,54179.881827
R985:54179.851139,0.050000,54179.851185,54179.881879,54179.931880
R986:54180.280384,0.050000,54180.280601,54180.280618,54180.330619
R987:54180.344563,0.050000,54180.344729,54180.345016,54180.395016
R988:54180.436571,0.050000,54180.436646,54180.436864,54180.486865
R989:54180.488977,0.050000,54180.489007,54180.489167,54180.539168
R990:54180.636019,0.050000,54180.636073,54180.636351,54180.686352
R991:54180.821857,0.050000,54180.821910,54180.822535,54180.872536
R992:54180.925707,0.050000,54180.925759,54180.926334,54180.976335
R993:54180.969123,0.050000,54180.969220,54180.976378,54181.026381
R994:54180.987307,0.050000,54180.987339,54181.026447,54181.076448
R995:54181.139101,0.050000,54181.139137,54181.139289,54181.189290
R996:54181.153239,0.050000,54181.179259,54181.189323,54181.239325
R997:54181.246688,0.050000,54181.246719,54181.246951,54181.296951
R998:54181.279857,0.050000,54181.287122,54181.296999,54181.347000
R999:54181.316457,0.050000,54181.316500,54181.347096,54181.397097
R1000:54181.380451,0.050000,54181.380498,54181.397135,54181.447136
R1001:54181.432718,0.050000,54181.432813,54181.447178,54181.497179
R1002:54181.519250,0.050000,54181.519294,54181.519664,54181.569665
R1003:54181.624572,0.050000,54181.624619,54181.625015,54181.675015
R1004:54181.676030,0.050000,54181.676089,54181.676393,54181.726394
R1005:54181.741066,0.050000,54181.741160,54181.742493,54181.792520
R1006:54181.741672,0.050000,54181.741700,54181.792558,54181.842559
R1007:54181.767839,0.050000,54181.767891,54181.842608,54181.892608
R1008:54181.785825,0.050000,54181.785876,54181.892644,54181.942644
R1009:54181.884904,0.050000,54181.884945,54181.942682,54181.992683
R1010:54181.934279,0.050000,54181.934408,54181.992746,54182.042746
R1011:54181.957760,0.050000,54181.957794,54182.042779,54182.092788
R1012:54182.046829,0.050000,54182.046856,54182.092838,54182.142839
R1013:54182.068870,0.050000,54182.087296,54182.142886,54182.192887
R1014:54182.105638,0.050000,54182.105717,54182.192945,54182.242946
R1015:54182.166829,0.050000,54182.166873,54182.243004,54182.293005
R1016:54182.214045,0.050000,54182.214091,54182.293079,54182.343080
R1017:54182.249658,0.050000,54182.249817,54182.343156,54182.393167
R1018:54182.254652,0.050000,54182.290087,54182.393215,54182.443219
R1019:54182.263136,0.050000,54182.290093,54182.443281,54182.493282
R1020:54182.402520,0.050000,54182.402588,54182.493316,54182.543317
R1021:54182.579353,0.050000,54182.579415,54182.579832,54182.629833
R1022:54182.939328,0.050000,54182.939390,54182.939541,54182.989542
R1023:54183.000999,0.050000,54183.001088,54183.001229,54183.051230
R1024:54183.029070,0.050000,54183.029128,54183.051328,54183.101329
R1025:54183.045748,0.050000,54183.045808,54183.101405,54183.151406
R1026:54183.082965,0.050000,54183.083020,54183.151472,54183.201483
R1027:54183.131275,0.050000,54183.131325,54183.201556,54183.251557
R1028:54183.291828,0.050000,54183.291896,54183.292399,54183.342399
R1029:54183.387831,0.050000,54183.388004,54183.388760,54183.438769
R1030:54183.516676,0.050000,54183.516737,54183.517288,54183.567289
R1031:54183.557567,0.050000,54183.557641,54183.567348,54183.617454
R1032:54183.570412,0.050000,54183.570478,54183.617483,54183.667483
R1033:54183.617078,0.050000,54183.617127,54183.667528,54183.717529
R1034:54183.626522,0.050000,54183.626569,54183.717583,54183.767584
R1035:54183.703373,0.050000,54183.703425,54183.767625,54183.817626
R1036:54183.989565,0.050000,54183.989762,54183.989774,54184.039947
R1037:54183.999382,0.050000,54184.030119,54184.040002,54184.090003
R1038:54184.168888,0.050000,54184.168948,54184.169460,54184.219461
R1039:54184.183485,0.050000,54184.209185,54184.219529,54184.269530
R1040:54184.318839,0.050000,54184.318890,54184.319830,54184.369831
R1041:54184.350324,0.050000,54184.359332,54184.369887,54184.419889
R1042:54184.393000,0.050000,54184.393240,54184.419953,54184.469954
R1043:54184.444438,0.050000,54184.444491,54184.470012,54184.520013
R1044:54184.508106,0.050000,54184.508139,54184.520076,54184.570101
R1045:54184.622110,0.050000,54184.622157,54184.622286,54184.672286
R1046:54184.914609,0.050000,54184.914770,54184.914813,54184.964814
R1047:54185.180506,0.050000,54185.180698,54185.180710,54185.230711
R1048:54185.188426,0.050000,54185.188483,54185.230794,54185.280795
R1049:54185.190273,0.050000,54185.190318,54185.280897,54185.330898
R1050:54185.194957,0.050000,54185.195008,54185.330949,54185.380950
R1051:54185.385257,0.050000,54185.385305,54185.385992,54185.435993
R1052:54185.576874,0.050000,54185.576943,54185.577102,54185.627103
R1053:54185.580403,0.050000,54185.580452,54185.627143,54185.677144
R1054:54185.625788,0.050000,54185.625848,54185.677243,54185.727244
R1055:54185.642826,0.050000,54185.642866,54185.727278,54185.777279
R1056:54185.663615,0.050000,54185.677230,54185.778067,54185.828068
R1057:54185.789523,0.050000,54185.789560,54185.828126,54185.878148
R1058:54185.870966,0.050000,54185.871005,54185.878216,54185.928217
R1059:54185.877430,0.050000,54185.878198,54185.928257,54185.978287
R1060:54185.929131,0.050000,54185.929162,54185.978324,54186.028324
R1061:54185.973064,0.050000,54185.973115,54186.028377,54186.078377
R1062:54186.024586,0.050000,54186.024650,54186.078440,54186.128441
R1063:54186.101489,0.050000,54186.101554,54186.128520,54186.178520
R1064:54186.252039,0.050000,54186.252089,54186.252216,54186.302217
R1065:54186.321252,0.050000,54186.321348,54186.321673,54186.371674
R1066:54186.340253,0.050000,54186.340310,54186.371796,54186.421817
R1067:54186.475846,0.050000,54186.475925,54186.476044,54186.526045
R1068:54186.569068,0.050000,54186.569136,54186.569218,54186.619219
R1069:54186.575451,0.050000,54186.575499,54186.619299,54186.669300
R1070:54186.849300,0.050000,54186.849430,54186.849558,54186.899559
R1071:54186.903258,0.050000,54186.903301,54186.903388,54186.953389
R1072:54186.944044,0.050000,54186.944109,54186.953483,54187.003484
R1073:54186.981156,0.050000,54186.981218,54187.003535,54187.053536
R1074:54187.203911,0.050000,54187.203960,54187.204014,54187.254015
R1075:54187.411337,0.050000,54187.411390,54187.411472,54187.461473
R1076:54187.421393,0.050000,54187.421452,54187.461527,54187.511529
R1077:54187.614624,0.050000,54187.614698,54187.614813,54187.664814
R1078:54187.788518,0.050000,54187.788578,54187.788624,54187.838625
R1079:54187.806453,0.050000,54187.806508,54187.838684,54187.888685
R1080:54188.018526,0.050000,54188.018576,54188.019121,54188.069122
R1081:54188.238687,0.050000,54188.238925,54188.239228,54188.289229
R1082:54188.246671,0.050000,54188.246711,54188.289292,54188.339293
R1083:54188.390195,0.050000,54188.391002,54188.391022,54188.441022
R1084:54188.678368,0.050000,54188.678551,54188.678659,54188.728660
R1085:54188.737776,0.050000,54188.737818,54188.738355,54188.788356
R1086:54188.738230,0.050000,54188.738249,54188.788386,54188.838387
R1087:54188.755680,0.050000,54188.755717,54188.838452,54188.888453
R1088:54188.783992,0.050000,54188.784046,54188.888510,54188.938511
R1089:54188.866467,0.050000,54188.866511,54188.938548,54188.988548
R1090:54188.891945,0.050000,54188.891991,54188.988589,54189.038590
R1091:54189.007162,0.050000,54189.007258,54189.038637,54189.088637
R1092:54189.010396,0.050000,54189.010413,54189.088690,54189.138691
R1093:54189.117102,0.050000,54189.117156,54189.138748,54189.188749
R1094:54189.153179,0.050000,54189.153223,54189.188806,54189.238806
R1095:54189.324622,0.050000,54189.324660,54189.324942,54189.374943
R1096:54189.352729,0.050000,54189.365155,54189.374992,54189.424993
R1097:54189.419849,0.050000,54189.419898,54189.425072,54189.475072
R1098:54189.513783,0.050000,54189.513832,54189.514254,54189.564255
R1099:54189.779823,0.050000,54189.779887,54189.780619,54189.830633
R1100:54189.861488,0.050000,54189.861546,54189.862023,54189.912024
R1101:54189.946381,0.050000,54189.946450,54189.946776,54189.996777
R1102:54189.993815,0.050000,54189.993867,54189.996813,54190.046813
R1103:54189.994640,0.050000,54189.994666,54190.046864,54190.096865
R1104:54190.455708,0.050000,54190.455900,54190.455912,54190.505913
R1105:54190.493575,0.050000,54190.496121,54190.505952,54190.555952
R1106:54190.709986,0.050000,54190.710036,54190.710205,54190.760206
R1107:54190.718869,0.050000,54190.750187,54190.760258,54190.810285
R1108:54190.744591,0.050000,54190.750191,54190.810349,54190.860350
R1109:54190.879316,0.050000,54190.879365,54190.879455,54190.929456
R1110:54190.908191,0.050000,54190.920143,54190.929492,54190.979492
R1111:54190.925511,0.050000,54190.925552,54190.979540,54191.029540
R1112:54191.034707,0.050000,54191.034753,54191.034804,54191.084805
R1113:54191.074847,0.050000,54191.075182,54191.084831,54191.134832
R1114:54191.075532,0.050000,54191.075562,54191.134873,54191.184874
R1115:54191.175830,0.050000,54191.175876,54191.184973,54191.234973
R1116:54191.359607,0.050000,54191.359657,54191.360218,54191.410219
R1117:54191.360734,0.050000,54191.400136,54191.410943,54191.460944
R1118:54191.542011,0.050000,54191.542067,54191.542303,54191.592304
R1119:54191.558363,0.050000,54191.582316,54191.592378,54191.642379
R1120:54191.643391,0.050000,54191.643431,54191.643439,54191.693440
R1121:54191.657002,0.050000,54191.684326,54191.693478,54191.743479
R1122:54191.873420,0.050000,54191.873476,54191.873599,54191.923600
R1123:54191.967416,0.050000,54191.967761,54191.967769,54192.017770
R1124:54192.137625,0.050000,54192.137954,54192.138016,54192.188017
R1125:54192.164687,0.050000,54192.164745,54192.188071,54192.238097
R1126:54192.230963,0.050000,54192.231013,54192.238165,54192.288166
R1127:54192.245193,0.050000,54192.245247,54192.288233,54192.338233
R1128:54192.392362,0.050000,54192.392648,54192.392928,54192.442929
R1129:54192.413797,0.050000,54192.413851,54192.442974,54192.492974
R1130:54192.423888,0.050000,54192.423928,54192.493034,54192.543034
R1131:54192.474243,0.050000,54192.474295,54192.543072,54192.593073
R1132:54192.638669,0.050000,54192.638706,54192.638843,54192.688844
R1133:54192.704542,0.050000,54192.704600,54192.705158,54192.755159
R1134:54192.756195,0.050000,54192.756232,54192.756609,54192.806610
R1135:54192.918289,0.050000,54192.918382,54192.919154,54192.969155
R1136:54193.118663,0.050000,54193.118873,54193.118930,54193.168931
R1137:54193.159564,0.050000,54193.159621,54193.168987,54193.219090
R1138:54193.420209,0.050000,54193.420366,54193.420376,54193.470377
R1139:54193.436306,0.050000,54193.461662,54193.470435,54193.520435
R1140:54193.453703,0.050000,54193.461667,54193.520467,54193.570468
R1141:54193.477417,0.050000,54193.477452,54193.570523,54193.620523
R1142:54193.514722,0.050000,54193.518324,54193.620576,54193.670577
R1143:54193.722609,0.050000,54193.722686,54193.722822,54193.772824
R1144:54193.805222,0.050000,54193.805292,54193.805338,54193.855338
R1145:54193.843491,0.050000,54193.843522,54193.855367,54193.905368
R1146:54193.923285,0.050000,54193.923334,54193.923386,54193.973387
R1147:54193.984103,0.050000,54193.984181,54193.984241,54194.034242
R1148:54194.023922,0.050000,54194.023977,54194.034284,54194.084297
R1149:54194.082208,0.050000,54194.082283,54194.084331,54194.134332
R1150:54194.181069,0.050000,54194.181145,54194.181765,54194.231766
R1151:54194.182758,0.050000,54194.222118,54194.231797,54194.281798
R1152:54194.270362,0.050000,54194.270406,54194.281858,54194.331859
R1153:54194.351155,0.050000,54194.351243,54194.351425,54194.401426
R1154:54194.449947,0.050000,54194.449983,54194.450498,54194.500499
R1155:54194.511277,0.050000,54194.511319,54194.511763,54194.561764
R1156:54194.699482,0.050000,54194.699542,54194.699711,54194.749712
R1157:54194.722692,0.050000,54194.722759,54194.749789,54194.799790
R1158:54194.816638,0.050000,54194.816721,54194.816830,54194.866831
R1159:54194.924257,0.050000,54194.924459,54194.924473,54194.974474
R1160:54194.976605,0.050000,54194.976684,54194.976798,54195.026799
R1161:54195.106157,0.050000,54195.106237,54195.106682,54195.156683
R1162:54195.122528,0.050000,54195.122588,54195.156762,54195.206762
R1163:54195.155391,0.050000,54195.155429,54195.206821,54195.256822
R1164:54195.189361,0.050000,54195.189402,54195.256922,54195.306923
R1165:54195.274221,0.050000,54195.274267,54195.307090,54195.357091
R1166:54195.291316,0.050000,54195.307072,54195.357151,54195.407152
R1167:54195.314856,0.050000,54195.347287,54195.407218,54195.457231
R1168:54195.317134,0.050000,54195.347291,54195.457282,54195.507283
R1169:54195.329755,0.050000,54195.347296,54195.507313,54195.557314
R1170:54195.375370,0.050000,54195.375500,54195.557384,54195.607385
R1171:54195.396090,0.050000,54195.407205,54195.607436,54195.657436
R1172:54195.438074,0.050000,54195.448221,54195.657490,54195.707491
R1173:54195.564171,0.050000,54195.564241,54195.707518,54195.757519
R1174:54195.576201,0.050000,54195.607422,54195.757562,54195.807562
R1175:54195.577490,0.050000,54195.607423,54195.807623,54195.857687
R1176:54195.590820,0.050000,54195.607425,54195.857747,54195.907747
R1177:54195.705223,0.050000,54195.705292,54195.907808,54195.957809
R1178:54195.768672,0.050000,54195.768801,54195.957854,54196.007855
R1179:54195.830842,0.050000,54195.831030,54196.008322,54196.058323
R1180:54195.855016,0.050000,54195.857735,54196.058388,54196.108389
R1181:54195.876525,0.050000,54195.898138,54196.108484,54196.158485
R1182:54195.941724,0.050000,54195.941902,54196.158544,54196.208544
R1183:54196.131591,0.050000,54196.131744,54196.208585,54196.258586
R1184:54196.286794,0.050000,54196.286842,54196.286854,54196.336855
R1185:54196.309315,0.050000,54196.327329,54196.336895,54196.386896
R1186:54196.354448,0.050000,54196.354609,54196.386948,54196.436949
R1187:54196.466888,0.050000,54196.467126,54196.467303,54196.517304
R1188:54196.521274,0.050000,54196.521316,54196.521477,54196.571478
R1189:54196.529519,0.050000,54196.529548,54196.571521,54196.621522
R1190:54196.581498,0.050000,54196.581578,54196.621589,54196.671590
R1191:54196.817841,0.050000,54196.817904,54196.817976,54196.867977
R1192:54196.995169,0.050000,54196.995256,54196.995719,54197.045720
R1193:54197.080493,0.050000,54197.080555,54197.081133,54197.131135
R1194:54197.106500,0.050000,54197.106555,54197.131183,54197.181183
R1195:54197.126764,0.050000,54197.126822,54197.181256,54197.231257
R1196:54197.154027,0.050000,54197.154078,54197.231316,54197.281316
R1197:54197.203733,0.050000,54197.203795,54197.281368,54197.331369
R1198:54197.254931,0.050000,54197.254961,54197.331449,54197.381451
R1199:54197.285067,0.050000,54197.285101,54197.381540,54197.431541
R1200:54197.358759,0.050000,54197.358808,54197.431595,54197.481596
R1201:54197.532946,0.050000,54197.532995,54197.533069,54197.583070
R1202:54197.593428,0.050000,54197.593478,54197.595258,54197.645259
R1203:54197.890982,0.050000,54197.891132,54197.891155,54197.941156
R1204:54197.979620,0.050000,54197.979678,54197.980230,54198.030231
R1205:54198.065929,0.050000,54198.065980,54198.066466,54198.116467
R1206:54198.415935,0.050000,54198.416006,54198.416117,54198.466118
R1207:54198.549766,0.050000,54198.549821,54198.550320,54198.600321
R1208:54198.591069,0.050000,54198.591148,54198.600381,54198.650382
R1209:54198.652385,0.050000,54198.652429,54198.653274,54198.703286
R1210:54198.685854,0.050000,54198.693203,54198.703347,54198.753347
R1211:54198.770559,0.050000,54198.770608,54198.771054,54198.821056
R1212:54198.882999,0.050000,54198.883084,54198.883181,54198.933182
R1213:54199.049560,0.050000,54199.049621,54199.049682,54199.099682
R1214:54199.113360,0.050000,54199.113421,54199.113539,54199.163540
R1215:54199.186631,0.050000,54199.186689,54199.187184,54199.237185
R1216:54199.195500,0.050000,54199.195557,54199.237218,54199.287240
R1217:54199.446752,0.050000,54199.446808,54199.446862,54199.496863
R1218:54199.479527,0.050000,54199.479582,54199.496909,54199.546910
R1219:54199.551236,0.050000,54199.551263,54199.551315,54199.601316
R1220:54199.555037,0.050000,54199.592273,54199.601360,54199.651361
R1221:54199.684064,0.050000,54199.684099,54199.684245,54199.734246
R1222:54199.744984,0.050000,54199.745024,54199.745405,54199.795406
R1223:54199.960062,0.050000,54199.960157,54199.960240,54200.010241
R1224:54200.006689,0.050000,54200.006730,54200.010278,54200.060279
R1225:54200.134551,0.050000,54200.134597,54200.135042,54200.185043
R1226:54200.147115,0.050000,54200.175232,54200.185089,54200.235090
R1227:54200.249028,0.050000,54200.249078,54200.249211,54200.299237
R1228:54200.271241,0.050000,54200.289283,54200.299280,54200.349305
R1229:54200.347068,0.050000,54200.347111,54200.349352,54200.399353
R1230:54200.347824,0.050000,54200.349340,54200.399398,54200.449400
R1231:54200.490373,0.050000,54200.490598,54200.490608,54200.540609
R1232:54200.543903,0.050000,54200.544081,54200.544088,54200.594089
R1233:54200.605639,0.050000,54200.605896,54200.605905,54200.655905
R1234:54200.736355,0.050000,54200.736406,54200.736950,54200.786951
R1235:54200.747788,0.050000,54200.747823,54200.787010,54200.837011
R1236:54200.763139,0.050000,54200.763189,54200.837063,54200.887063
R1237:54200.887901,0.050000,54200.887927,54200.888177,54200.938177
R1238:54201.104437,0.050000,54201.104626,54201.104643,54201.154644
R1239:54201.172487,0.050000,54201.172539,54201.172844,54201.222845
R1240:54201.201377,0.050000,54201.201420,54201.223965,54201.273965
R1241:54201.225217,0.050000,54201.225248,54201.274015,54201.324016
R1242:54201.243304,0.050000,54201.265097,54201.324054,54201.374054
R1243:54201.246038,0.050000,54201.265099,54201.374130,54201.424130
R1244:54201.256004,0.050000,54201.265101,54201.424234,54201.474235
R1245:54201.364340,0.050000,54201.364389,54201.474317,54201.524317
R1246:54201.444210,0.050000,54201.444267,54201.524347,54201.574347
R1247:54201.464523,0.050000,54201.474302,54201.574393,54201.624394
R1248:54201.559138,0.050000,54201.559169,54201.624435,54201.674436
R1249:54201.793191,0.050000,54201.793245,54201.793296,54201.843297
R1250:54201.922736,0.050000,54201.922800,54201.923259,54201.973287
R1251:54202.029463,0.050000,54202.029536,54202.029643,54202.079644
R1252:54202.137776,0.050000,54202.137868,54202.138039,54202.188040
R1253:54202.168392,0.050000,54202.168459,54202.188098,54202.238119
R1254:54202.255010,0.050000,54202.255651,54202.255722,54202.305723
R1255:54202.269131,0.050000,54202.296294,54202.305758,54202.355759
R1256:54202.277154,0.050000,54202.296301,54202.355800,54202.405800
R1257:54202.405415,0.050000,54202.405629,54202.405829,54202.455830
R1258:54202.569188,0.050000,54202.569356,54202.569764,54202.619765
R1259:54202.601770,0.050000,54202.610297,54202.619827,54202.669827
R1260:54202.641896,0.050000,54202.641998,54202.669890,54202.719891
R1261:54202.810345,0.050000,54202.810497,54202.810508,54202.860509
R1262:54202.823241,0.050000,54202.851323,54202.860566,54202.910566
R1263:54202.984023,0.050000,54202.984166,54202.984177,54203.034178
R1264:54203.025350,0.050000,54203.025435,54203.034225,54203.084225
R1265:54203.250360,0.050000,54203.250743,54203.250751,54203.300752
R1266:54203.582719,0.050000,54203.583182,54203.583192,54203.633192
R1267:54203.650785,0.050000,54203.651922,54203.651931,54203.701933
R1268:54203.753640,0.050000,54203.754117,54203.754126,54203.804127
R1269:54203.951625,0.050000,54203.952199,54203.952209,54204.002211
R1270:54203.961859,0.050000,54203.962750,54204.002287,54204.052288
R1271:54203.961910,0.050000,54203.962756,54204.052324,54204.102324
R1272:54203.976024,0.050000,54203.976633,54204.102369,54204.152370
R1273:54204.006786,0.050000,54204.007054,54204.152419,54204.202420
R1274:54204.009575,0.050000,54204.049162,54204.202495,54204.252496
R1275:54204.035599,0.050000,54204.049165,54204.252551,54204.302551
R1276:54204.038703,0.050000,54204.049243,54204.302608,54204.352608
R1277:54204.125898,0.050000,54204.125981,54204.352650,54204.402689
R1278:54204.180800,0.050000,54204.180882,54204.402716,54204.452734
R1279:54204.286591,0.050000,54204.286707,54204.452788,54204.502789
R1280:54204.361794,0.050000,54204.361880,54204.502847,54204.552848
R1281:54204.388545,0.050000,54204.402141,54204.552902,54204.602903
R1282:54204.436528,0.050000,54204.436649,54204.602968,54204.652969
R1283:54204.468835,0.050000,54204.468899,54204.653013,54204.703014
R1284:54204.539896,0.050000,54204.540005,54204.703070,54204.753070
R1285:54204.547024,0.050000,54204.552890,54204.753109,54204.803110
R1286:54204.599828,0.050000,54204.599899,54204.803145,54204.853146
R1287:54204.690654,0.050000,54204.690749,54204.853220,54204.903221
R1288:54204.857591,0.050000,54204.857656,54204.903246,54204.953247
R1289:54204.890787,0.050000,54204.898367,54204.953294,54205.003299
R1290:54205.246316,0.050000,54205.246411,54205.246423,54205.296537
R1291:54205.270036,0.050000,54205.287281,54205.296618,54205.346619
R1292:54205.288668,0.050000,54205.288735,54205.346652,54205.396653
R1293:54205.300195,0.050000,54205.300246,54205.396702,54205.446703
R1294:54205.309292,0.050000,54205.341381,54205.446736,54205.496737
R1295:54205.382980,0.050000,54205.383026,54205.496785,54205.546786
R1296:54205.388671,0.050000,54205.396721,54205.546846,54205.596847
R1297:54205.396186,0.050000,54205.396724,54205.596889,54205.646890
R1298:54205.409526,0.050000,54205.437369,54205.646951,54205.696952
R1299:54205.531857,0.050000,54205.532027,54205.697014,54205.747015
R1300:54205.912275,0.050000,54205.912351,54205.912553,54205.962554
R1301:54205.937128,0.050000,54205.953227,54205.963154,54206.013156
R1302:54206.059375,0.050000,54206.059457,54206.059587,54206.109588
R1303:54206.072583,0.050000,54206.100127,54206.109627,54206.159627
R1304:54206.141879,0.050000,54206.141914,54206.159717,54206.209718
R1305:54206.276434,0.050000,54206.276510,54206.276636,54206.326637
R1306:54206.320826,0.050000,54206.320891,54206.326700,54206.376701
R1307:54206.397189,0.050000,54206.397313,54206.397448,54206.447449
R1308:54206.446983,0.050000,54206.447037,54206.447480,54206.497480
R1309:54206.631359,0.050000,54206.631416,54206.631507,54206.681508
R1310:54206.662753,0.050000,54206.672314,54206.681571,54206.731572
R1311:54206.665829,0.050000,54206.672326,54206.731611,54206.781612
R1312:54206.680216,0.050000,54206.680273,54206.781679,54206.831680
R1313:54206.794942,0.050000,54206.794989,54206.831766,54206.881767
R1314:54206.830896,0.050000,54206.831744,54206.881815,54206.931816
R1315:54206.940346,0.050000,54206.940640,54206.940651,54206.990662
R1316:54207.087218,0.050000,54207.087316,54207.087418,54207.137419
R1317:54207.229213,0.050000,54207.229312,54207.229440,54207.279441
R1318:54207.271124,0.050000,54207.271291,54207.279503,54207.329503
R1319:54207.369628,0.050000,54207.369673,54207.369740,54207.419741
R1320:54207.382862,0.050000,54207.410369,54207.419804,54207.469805
R1321:54207.422763,0.050000,54207.422820,54207.469849,54207.519849
R1322:54207.655907,0.050000,54207.655962,54207.656070,54207.706071
R1323:54207.690748,0.050000,54207.690815,54207.706134,54207.756135
R1324:54207.750371,0.050000,54207.750404,54207.756264,54207.806265
R1325:54207.754240,0.050000,54207.756241,54207.806335,54207.856336
R1326:54207.970631,0.050000,54207.970706,54207.974631,54208.024632
R1327:54208.040741,0.050000,54208.040960,54208.040972,54208.090973
R1328:54208.051785,0.050000,54208.051858,54208.091128,54208.141129
R1329:54208.057784,0.050000,54208.057834,54208.141238,54208.191238
R1330:54208.092148,0.050000,54208.092180,54208.191302,54208.241303
R1331:54208.102219,0.050000,54208.133220,54208.241330,54208.291331
R1332:54208.134959,0.050000,54208.135014,54208.291405,54208.341406
R1333:54208.144454,0.050000,54208.144488,54208.341478,54208.391479
R1334:54208.169332,0.050000,54208.185170,54208.391531,54208.441532
R1335:54208.352551,0.050000,54208.352694,54208.441588,54208.491589
R1336:54208.551022,0.050000,54208.551204,54208.551217,54208.601250
R1337:54208.643184,0.050000,54208.643735,54208.643743,54208.693745
R1338:54208.699293,0.050000,54208.699362,54208.700091,54208.750092
R1339:54208.736209,0.050000,54208.736428,54208.750148,54208.800149
R1340:54208.804832,0.050000,54208.804866,54208.805106,54208.855107
R1341:54208.939216,0.050000,54208.939444,54208.939468,54208.989469
R1342:54208.980667,0.050000,54208.980745,54208.989512,54209.039513
R1343:54209.085771,0.050000,54209.085949,54209.085960,54209.135961
R1344:54209.151948,0.050000,54209.152129,54209.152139,54209.202140
R1345:54209.264479,0.050000,54209.264540,54209.264589,54209.314595
R1346:54209.313987,0.050000,54209.314041,54209.314628,54209.364629
R1347:54209.353235,0.050000,54209.353275,54209.364668,54209.414669
R1348:54209.421406,0.050000,54209.421459,54209.421511,54209.471518
R1349:54209.574667,0.050000,54209.574716,54209.575141,54209.625142
R1350:54209.580590,0.050000,54209.580628,54209.625265,54209.675266
R1351:54209.682258,0.050000,54209.682336,54209.682748,54209.732749
R1352:54209.703733,0.050000,54209.703783,54209.732800,54209.782800
R1353:54209.704490,0.050000,54209.704505,54209.782844,54209.832844
R1354:54209.708394,0.050000,54209.708433,54209.832914,54209.882915
R1355:54209.817899,0.050000,54209.818003,54209.882957,54209.932957
R1356:54209.823423,0.050000,54209.832902,54209.933016,54209.983017
R1357:54210.114106,0.050000,54210.114671,54210.114680,54210.164711
R1358:54210.143649,0.050000,54210.144323,54210.164738,54210.214738
R1359:54210.159337,0.050000,54210.159865,54210.214781,54210.264786
R1360:54210.162579,0.050000,54210.162945,54210.264961,54210.314965
R1361:54210.246848,0.050000,54210.247073,54210.315038,54210.365039
R1362:54210.275770,0.050000,54210.275960,54210.365954,54210.415955
R1363:54210.314788,0.050000,54210.315022,54210.416011,54210.466012
R1364:54210.427458,0.050000,54210.427675,54210.466065,54210.516066
R1365:54210.492602,0.050000,54210.492724,54210.516127,54210.566179
R1366:54210.517021,0.050000,54210.517112,54210.566233,54210.616234
R1367:54210.604120,0.050000,54210.604269,54210.616263,54210.666264
R1368:54210.623818,0.050000,54210.623954,54210.666303,54210.716304
R1369:54210.735340,0.050000,54210.735980,54210.735995,54210.785996
R1370:54210.735663,0.050000,54210.735991,54210.786055,54210.836056
R1371:54210.856452,0.050000,54210.856561,54210.857157,54210.907158
R1372:54210.920812,0.050000,54210.920911,54210.920922,54210.970923
R1373:54210.963012,0.050000,54210.963135,54210.970985,54211.021053
R1374:54211.018022,0.050000,54211.018098,54211.021108,54211.071121
R1375:54211.026036,0.050000,54211.026128,54211.071180,54211.121181
R1376:54211.038257,0.050000,54211.066348,54211.121231,54211.175862
R1377:54211.257596,0.050000,54211.258316,54211.258325,54211.308326
R1378:54211.309237,0.050000,54211.309950,54211.309960,54211.359961
R1379:54211.407429,0.050000,54211.407617,54211.407625,54211.457626
R1380:54211.529607,0.050000,54211.530213,54211.530225,54211.580226
R1381:54211.592091,0.050000,54211.592656,54211.592665,54211.642666
R1382:54211.634136,0.050000,54211.634585,54211.642722,54211.692723
R1383:54212.013797,0.050000,54212.013921,54212.013931,54212.063932
R1384:54212.077422,0.050000,54212.077480,54212.078306,54212.128307
R1385:54212.125742,0.050000,54212.125780,54212.128347,54212.178347
R1386:54212.231302,0.050000,54212.231359,54212.231592,54212.281593
R1387:54212.303738,0.050000,54212.303811,54212.303959,54212.353960
R1388:54212.347692,0.050000,54212.347735,54212.353999,54212.404038
R1389:54212.348970,0.050000,54212.349002,54212.404135,54212.454209
R1390:54212.464493,0.050000,54212.464535,54212.464567,54212.514568
R1391:54212.514106,0.050000,54212.514146,54212.514594,54212.564595
R1392:54212.601530,0.050000,54212.601578,54212.601679,54212.651680
R1393:54212.604191,0.050000,54212.642309,54212.651754,54212.701755
R1394:54212.741344,0.050000,54212.741393,54212.741549,54212.791550
R1395:54212.782376,0.050000,54212.782406,54212.791589,54212.841590
R1396:54212.852624,0.050000,54212.852667,54212.852801,54212.902802
R1397:54212.857534,0.050000,54212.893229,54212.902845,54212.952846
R1398:54212.860568,0.050000,54212.893237,54212.952886,54213.002886
R1399:54212.984821,0.050000,54212.984889,54213.002932,54213.052955
R1400:54213.115933,0.050000,54213.115979,54213.116055,54213.166055
R1401:54213.119134,0.050000,54213.156419,54213.166136,54213.216137
R1402:54213.183838,0.050000,54213.183888,54213.216222,54213.266242
R1403:54213.217449,0.050000,54213.217474,54213.266285,54213.316285
R1404:54213.265034,0.050000,54213.265082,54213.316327,54213.366352
R1405:54213.267146,0.050000,54213.267178,54213.366431,54213.416432
R1406:54213.311962,0.050000,54213.312012,54213.416504,54213.466505
R1407:54213.381391,0.050000,54213.381442,54213.466548,54213.516549
R1408:54213.629521,0.050000,54213.629566,54213.630030,54213.680031
R1409:54213.801663,0.050000,54213.801720,54213.802253,54213.852254
R1410:54213.826318,0.050000,54213.826388,54213.852323,54213.902325
R1411:54213.931813,0.050000,54213.931876,54213.932399,54213.982405
R1412:54213.974634,0.050000,54213.974675,54213.982458,54214.032459
R1413:54214.062309,0.050000,54214.062392,54214.062509,54214.112510
R1414:54214.164788,0.050000,54214.165533,54214.165602,54214.215603
R1415:54214.390454,0.050000,54214.390903,54214.390969,54214.440970
R1416:54214.398572,0.050000,54214.398624,54214.441046,54214.491047
R1417:54214.444768,0.050000,54214.444812,54214.491156,54214.541157
R1418:54214.504821,0.050000,54214.504874,54214.541241,54214.591243
R1419:54214.562339,0.050000,54214.562387,54214.591305,54214.641305
R1420:54214.610610,0.050000,54214.610666,54214.641349,54214.691395
R1421:54214.636171,0.050000,54214.641340,54214.691444,54214.741445
R1422:54214.883999,0.050000,54214.899272,54214.899286,54214.975991
R1423:54214.891673,0.050000,54214.899282,54214.978786,54215.031749
R1424:54214.920709,0.050000,54214.920774,54215.032742,54215.082743
R1425:54215.045384,0.050000,54215.045445,54215.082942,54215.132943
R1426:54215.099143,0.050000,54215.099208,54215.133006,54215.183007
R1427:54215.263498,0.050000,54215.263688,54215.263699,54215.313700
R1428:54215.399718,0.050000,54215.399814,54215.399824,54215.449825
R1429:54215.459107,0.050000,54215.459147,54215.459475,54215.509476
R1430:54215.543395,0.050000,54215.543431,54215.543688,54215.593689
R1431:54215.619262,0.050000,54215.619319,54215.619791,54215.669792
R1432:54215.685237,0.050000,54215.685328,54215.685436,54215.735437
R1433:54215.701648,0.050000,54215.701707,54215.735493,54215.785493
R1434:54215.919166,0.050000,54215.919265,54215.919355,54215.969356
R1435:54216.225124,0.050000,54216.225210,54216.225293,54216.275300
R1436:54216.243439,0.050000,54216.243492,54216.275393,54216.325394
R1437:54216.278472,0.050000,54216.278523,54216.325444,54216.375445
R1438:54216.343049,0.050000,54216.343242,54216.375501,54216.425502
R1439:54216.356778,0.050000,54216.356912,54216.425555,54216.475555
R1440:54216.377943,0.050000,54216.377994,54216.475605,54216.525606
R1441:54216.509669,0.050000,54216.509712,54216.525663,54216.575664
R1442:54216.674933,0.050000,54216.674992,54216.675173,54216.725174
R1443:54216.754436,0.050000,54216.754490,54216.755010,54216.805010
R1444:54216.803333,0.050000,54216.803373,54216.805036,54216.855047
R1445:54216.873603,0.050000,54216.873661,54216.873819,54216.923820
R1446:54216.939601,0.050000,54216.939659,54216.940201,54216.990225
R1447:54217.003133,0.050000,54217.003177,54217.003431,54217.053432
R1448:54217.423265,0.050000,54217.423325,54217.423654,54217.473655
R1449:54217.428528,0.050000,54217.428586,54217.473723,54217.523830
R1450:54217.432435,0.050000,54217.432518,54217.523862,54217.573946
R1451:54217.479811,0.050000,54217.479911,54217.574003,54217.624004
R1452:54217.512265,0.050000,54217.512329,54217.624078,54217.674079
R1453:54217.813848,0.050000,54217.813902,54217.814445,54217.864446
R1454:54217.874975,0.050000,54217.875051,54217.876109,54217.926109
R1455:54217.954312,0.050000,54217.954365,54217.954796,54218.004797
R1456:54218.061276,0.050000,54218.061354,54218.061410,54218.111429
R1457:54218.476317,0.050000,54218.476419,54218.476431,54218.526432
R1458:54218.530042,0.050000,54218.530103,54218.530257,54218.580258
R1459:54218.592564,0.050000,54218.592617,54218.592668,54218.642669
R1460:54218.650720,0.050000,54218.650805,54218.650908,54218.700910
R1461:54218.660525,0.050000,54218.660581,54218.700945,54218.750946
R1462:54218.671687,0.050000,54218.671757,54218.750997,54218.800998
R1463:54218.675815,0.050000,54218.675920,54218.801059,54218.851061
R1464:54218.703845,0.050000,54218.703887,54218.851103,54218.901104
R1465:54218.708233,0.050000,54218.744529,54218.901194,54218.951195
R1466:54218.710140,0.050000,54218.744534,54218.951288,54219.001288
R1467:54218.764671,0.050000,54218.764721,54219.001349,54219.051350
R1468:54218.806104,0.050000,54218.806204,54219.051398,54219.101399
R1469:54218.874512,0.050000,54218.874567,54219.101451,54219.151452
R1470:54218.956098,0.050000,54218.956141,54219.151522,54219.201523
R1471:54219.033485,0.050000,54219.033612,54219.201572,54219.251573
R1472:54219.069754,0.050000,54219.069825,54219.251642,54219.301643
R1473:54219.125279,0.050000,54219.125317,54219.301690,54219.351691
R1474:54219.145765,0.050000,54219.151510,54219.351742,54219.401743
R1475:54219.278437,0.050000,54219.278502,54219.401783,54219.451783
R1476:54219.284701,0.050000,54219.284779,54219.451901,54219.501902
R1477:54219.406011,0.050000,54219.406118,54219.501956,54219.551956
R1478:54219.439399,0.050000,54219.447179,54219.552016,54219.602017
R1479:54219.443728,0.050000,54219.447187,54219.602078,54219.652079
R1480:54219.587571,0.050000,54219.587643,54219.652132,54219.702133
R1481:54219.624398,0.050000,54219.624450,54219.702297,54219.752298
R1482:54219.679059,0.050000,54219.679125,54219.752351,54219.802351
R1483:54219.692044,0.050000,54219.702279,54219.802404,54219.852404
R1484:54219.725402,0.050000,54219.743116,54219.853060,54219.903060
R1485:54220.324139,0.050000,54220.324280,54220.324289,54220.374290
R1486:54220.441864,0.050000,54220.441939,54220.442682,54220.492683
R1487:54220.446428,0.050000,54220.446474,54220.492750,54220.542750
R1488:54220.852641,0.050000,54220.852816,54220.852913,54220.902954
R1489:54220.874582,0.050000,54220.874644,54220.903104,54220.953105
R1490:54220.946771,0.050000,54220.946813,54220.953158,54221.003164
R1491:54221.003637,0.050000,54221.003658,54221.003938,54221.053939
R1492:54221.038997,0.050000,54221.044240,54221.053997,54221.103998
R1493:54221.140617,0.050000,54221.140659,54221.141076,54221.191077
R1494:54221.205470,0.050000,54221.205522,54221.206124,54221.256125
R1495:54221.286907,0.050000,54221.286966,54221.287000,54221.337001
R1496:54221.403550,0.050000,54221.403624,54221.403762,54221.453762
R1497:54221.472336,0.050000,54221.472414,54221.472861,54221.522862
R1498:54221.481502,0.050000,54221.481553,54221.522914,54221.572915
R1499:54221.494503,0.050000,54221.494557,54221.572963,54221.622964
