R0:54533.899242,0.025075,54533.899294,54533.914341,54533.939417
R1:54534.014018,0.080083,54534.014384,54534.014813,54534.094898
R2:54534.109813,0.011004,54534.109897,54534.110829,54534.121835
R3:54534.261654,0.073100,54534.261746,54534.261818,54534.334919
R4:54534.287296,0.040368,54534.302319,54534.334962,54534.375332
R5:54534.307709,0.049560,54534.307904,54534.375389,54534.424950
R6:54534.348543,0.036016,54534.348634,54534.425000,54534.461017
R7:54534.377055,0.123963,54534.377125,54534.461039,54534.585003
R8:54534.567409,0.063168,54534.567559,54534.585064,54534.648233
R9:54534.630713,0.046693,54534.631279,54534.648452,54534.695146
R10:54534.640531,0.013912,54534.648359,54534.695191,54534.709104
R11:54534.641672,0.081527,54534.648363,54534.709132,54534.790661
R12:54534.650976,0.025620,54534.690336,54534.790717,54534.816337
R13:54534.661708,0.005760,54534.690343,54534.816491,54534.822294
R14:54534.670478,0.012311,54534.690358,54534.822354,54534.834666
R15:54535.097737,0.091352,54535.097826,54535.098320,54535.189674
R16:54535.142822,0.017551,54535.142940,54535.189703,54535.207255
R17:54535.202374,0.037147,54535.202538,54535.207309,54535.244457
R18:54535.266323,0.180181,54535.266441,54535.266929,54535.447111
R19:54535.309219,0.073780,54535.309269,54535.447197,54535.520978
R20:54535.331478,0.073465,54535.331579,54535.521039,54535.594504
R21:54535.378926,0.111064,54535.379032,54535.594532,54535.705597
R22:54535.412207,0.021729,54535.412357,54535.705642,54535.727372
R23:54535.434508,0.125682,54535.434560,54535.727391,54535.853074
R24:54535.538474,0.149118,54535.538593,54535.853202,54536.002321
R25:54535.543333,0.004499,54535.579198,54536.002370,54536.006870
R26:54535.590521,0.054417,54535.590553,54536.006920,54536.061338
R27:54535.604385,0.021454,54535.604500,54536.061383,54536.082838
R28:54535.743117,0.001011,54535.743153,54536.082896,54536.083908
R29:54535.747844,0.003259,54535.747875,54536.083937,54536.087196
R30:54535.787155,0.176396,54535.789899,54536.087252,54536.263650
R31:54535.804801,0.095164,54535.804896,54536.263700,54536.358879
R32:54535.951682,0.038800,54535.951782,54536.358938,54536.397739
R33:54535.972469,0.071408,54535.972528,54536.397790,54536.469199
R34:54536.003599,0.055089,54536.003662,54536.469254,54536.524344
R35:54536.050234,0.002004,54536.050273,54536.524418,54536.526422
R36:54536.097802,0.134291,54536.097848,54536.526445,54536.660788
R37:54536.133955,0.063819,54536.138403,54536.660842,54536.724661
R38:54536.301166,0.067073,54536.301603,54536.724724,54536.791798
R39:54536.323482,0.021852,54536.323549,54536.791857,54536.813709
R40:54536.387666,0.009075,54536.387723,54536.813765,54536.822841
R41:54536.461096,0.106045,54536.461126,54536.822885,54536.928930
R42:54536.497633,0.020049,54536.497677,54536.928993,54536.949043
R43:54536.608227,0.111921,54536.608275,54536.949123,54537.061044
R44:54536.624596,0.058025,54536.652131,54537.061075,54537.119100
R45:54536.651654,0.044414,54536.652148,54537.119169,54537.163584
R46:54536.847600,0.097835,54536.847632,54537.163635,54537.261471
R47:54536.914633,0.128831,54536.914675,54537.261509,54537.390341
R48:54536.951136,0.084307,54536.951266,54537.390400,54537.474708
R49:54536.983622,0.120940,54536.983669,54537.474773,54537.595714
R50:54537.056068,0.012156,54537.056103,54537.595774,54537.607931
R51:54537.097567,0.126367,54537.097620,54537.607988,54537.734355
R52:54537.286106,0.106458,54537.286149,54537.734411,54537.840870
R53:54537.297460,0.028278,54537.328127,54537.840928,54537.869207
R54:54537.362138,0.016499,54537.362185,54537.869301,54537.885801
R55:54537.422657,0.018369,54537.422715,54537.885855,54537.904225
R56:54537.519132,0.012816,54537.519166,54537.904273,54537.917090
R57:54537.556288,0.016164,54537.556342,54537.917138,54537.933303
R58:54537.569403,0.026936,54537.569452,54537.933354,54537.960310
R59:54537.620370,0.118652,54537.620404,54537.960371,54538.079025
R60:54537.632076,0.006738,54537.662220,54538.079077,54538.085816
R61:54537.638924,0.071455,54537.662228,54538.085863,54538.157318
R62:54537.681740,0.136671,54537.681797,54538.157378,54538.294051
R63:54537.943423,0.024160,54537.943476,54538.294114,54538.318274
R64:54538.015653,0.022996,54538.015693,54538.318710,54538.341707
R65:54538.102387,0.013215,54538.102440,54538.341733,54538.354949
R66:54538.124295,0.014013,54538.124342,54538.354974,54538.368987
R67:54538.179510,0.065866,54538.179549,54538.369011,54538.434878
R68:54538.190253,0.078866,54538.220219,54538.434967,54538.513834
R69:54538.199196,0.068339,54538.220223,54538.513873,54538.582212
R70:54538.210767,0.149891,54538.220224,54538.582265,54538.732156
R71:54538.215896,0.036862,54538.220224,54538.732205,54538.769067
R72:54538.219795,0.013726,54538.220226,54538.769164,54538.782890
R73:54538.232349,0.065961,54538.232435,54538.782941,54538.848903
R74:54538.332896,0.171180,54538.332947,54538.848957,54539.020138
R75:54538.400431,0.071301,54538.400475,54539.020195,54539.091497
R76:54538.465190,0.007246,54538.465275,54539.091529,54539.098776
R77:54538.472381,0.004073,54538.507303,54539.098822,54539.102896
R78:54538.519477,0.011449,54538.519520,54539.102942,54539.114392
R79:54538.525107,0.085650,54538.561302,54539.114448,54539.200099
R80:54538.564872,0.070444,54538.564930,54539.200242,54539.270687
R81:54538.619251,0.008587,54538.619303,54539.270755,54539.279343
R82:54538.622725,0.011428,54538.660256,54539.279406,54539.290835
R83:54539.369964,0.006703,54539.370169,54539.370268,54539.376973
R84:54539.508049,0.002779,54539.508205,54539.508216,54539.510996
R85:54539.890627,0.003754,54539.891302,54539.891398,54539.895153
R86:54540.018695,0.128242,54540.018789,54540.019929,54540.148172
R87:54540.019076,0.009945,54540.059184,54540.148272,54540.158218
R88:54540.075516,0.024854,54540.075577,54540.158254,54540.183112
R89:54540.086791,0.085655,54540.086834,54540.183172,54540.268828
R90:54540.240314,0.040202,54540.240449,54540.268986,54540.309189
R91:54540.269244,0.030127,54540.269460,54540.309252,54540.339380
R92:54540.324527,0.005248,54540.324574,54540.339479,54540.344728
R93:54540.397649,0.070795,54540.397725,54540.397785,54540.469062
R94:54540.445212,0.242864,54540.445267,54540.469101,54540.711966
R95:54540.468414,0.105029,54540.468546,54540.712018,54540.817083
R96:54540.523265,0.049566,54540.523311,54540.817165,54540.866732
R97:54540.610030,0.068877,54540.610076,54540.866795,54540.935673
R98:54540.612472,0.129765,54540.612498,54540.935735,54541.065501
R99:54540.724963,0.088904,54540.725013,54541.065677,54541.154582
R100:54540.855545,0.068092,54540.855624,54541.154641,54541.222733
R101:54541.099357,0.205511,54541.099409,54541.222777,54541.428288
R102:54541.245714,0.034384,54541.245766,54541.428345,54541.462729
R103:54541.314891,0.088601,54541.314936,54541.462754,54541.551357
R104:54541.327015,0.004006,54541.327099,54541.551422,54541.555428
R105:54541.464683,0.014254,54541.464715,54541.555465,54541.569720
R106:54541.530347,0.013012,54541.530394,54541.569761,54541.582774
R107:54541.592548,0.019053,54541.592587,54541.593127,54541.612181
R108:54541.668041,0.013161,54541.668114,54541.668239,54541.681401
R109:54541.693138,0.050130,54541.693181,54541.693318,54541.743448
R110:54541.698132,0.052653,54541.734219,54541.743481,54541.796137
R111:54541.714010,0.177832,54541.734223,54541.796221,54541.974054
R112:54541.758746,0.039495,54541.758801,54541.974110,54542.013606
R113:54541.779409,0.006011,54541.796206,54542.013636,54542.019647
R114:54541.858863,0.044891,54541.858901,54542.019667,54542.064558
R115:54541.898821,0.029975,54541.898876,54542.064619,54542.094595
R116:54542.079736,0.094090,54542.079818,54542.094653,54542.188744
R117:54542.106323,0.000162,54542.106447,54542.188776,54542.188938
R118:54542.142851,0.045625,54542.148094,54542.188941,54542.234567
R119:54542.169589,0.013322,54542.169705,54542.234610,54542.247933
R120:54542.281930,0.032981,54542.281962,54542.282219,54542.315200
R121:54542.352496,0.018189,54542.352543,54542.352977,54542.371167
R122:54542.393870,0.010079,54542.393936,54542.394643,54542.404722
R123:54542.471830,0.002086,54542.471886,54542.472359,54542.474445
R124:54542.532763,0.059534,54542.532825,54542.532873,54542.592408
R125:54542.566308,0.050756,54542.573388,54542.592483,54542.643242
R126:54542.636501,0.010205,54542.636588,54542.643991,54542.654197
R127:54542.663454,0.049330,54542.663497,54542.663872,54542.713203
R128:54542.723111,0.019903,54542.723182,54542.723826,54542.743730
R129:54542.805349,0.011296,54542.805390,54542.805614,54542.816911
R130:54542.889832,0.057721,54542.889889,54542.889940,54542.947661
R131:54543.048564,0.014871,54543.048719,54543.048729,54543.063601
R132:54543.114863,0.004586,54543.114917,54543.115816,54543.120403
R133:54543.162487,0.104935,54543.162518,54543.162894,54543.267829
R134:54543.181446,0.004921,54543.203286,54543.267878,54543.272830
R135:54543.254507,0.022440,54543.254561,54543.272849,54543.295290
R136:54543.262357,0.044973,54543.262389,54543.295349,54543.340323
R137:54543.316716,0.017039,54543.316921,54543.340369,54543.357408
R138:54543.386079,0.017011,54543.386113,54543.386532,54543.403543
R139:54543.479621,0.010521,54543.479676,54543.480473,54543.490995
R140:54543.504775,0.000179,54543.504827,54543.505733,54543.505912
R141:54543.764782,0.020134,54543.764843,54543.765368,54543.785503
R142:54543.874739,0.028679,54543.874798,54543.875389,54543.904069
R143:54543.887929,0.125622,54543.904142,54543.904149,54544.029772
R144:54544.087079,0.060045,54544.087123,54544.087755,54544.147801
R145:54544.177697,0.057884,54544.177764,54544.178765,54544.236650
R146:54544.185910,0.074422,54544.185966,54544.236739,54544.311162
R147:54544.216313,0.124010,54544.216356,54544.311261,54544.435285
R148:54544.396295,0.011379,54544.396334,54544.435379,54544.446760
R149:54544.520320,0.039708,54544.520408,54544.520523,54544.560232
R150:54544.619106,0.117658,54544.619139,54544.620332,54544.737997
R151:54544.641287,0.103565,54544.659154,54544.738149,54544.841715
R152:54544.792410,0.042925,54544.792438,54544.841741,54544.885136
R153:54544.835866,0.016004,54544.835919,54544.885185,54544.901190
R154:54544.847224,0.033903,54544.847265,54544.901242,54544.935146
R155:54544.972538,0.094505,54544.972575,54544.972926,54545.067480
R156:54545.011574,0.017199,54545.013221,54545.067513,54545.084713
R157:54545.054773,0.057629,54545.054822,54545.084747,54545.142376
R158:54545.067419,0.007486,54545.067457,54545.142434,54545.149921
R159:54545.148954,0.033905,54545.148998,54545.149951,54545.183862
R160:54545.206920,0.064413,54545.206965,54545.207061,54545.271475
R161:54545.320932,0.012549,54545.321065,54545.321887,54545.334437
R162:54545.333665,0.006463,54545.333718,54545.334474,54545.340938
R163:54545.376948,0.022349,54545.377009,54545.377572,54545.399922
R164:54545.386419,0.134335,54545.399983,54545.399995,54545.534331
R165:54545.411040,0.048656,54545.440220,54545.534389,54545.583046
R166:54545.560691,0.085223,54545.560738,54545.583096,54545.668319
R167:54545.674224,0.020396,54545.674257,54545.674387,54545.694784
R168:54545.717297,0.053769,54545.717347,54545.717601,54545.771397
R169:54545.748787,0.014981,54545.758306,54545.771427,54545.786409
R170:54545.807647,0.003766,54545.807699,54545.807975,54545.811741
R171:54545.818252,0.052094,54545.818305,54545.818565,54545.870682
R172:54545.825535,0.017003,54545.825576,54545.870736,54545.887740
R173:54545.854120,0.004779,54545.866126,54545.887801,54545.892580
R174:54545.879602,0.136281,54545.879643,54545.892590,54546.028872
R175:54545.914899,0.015426,54545.914979,54546.028927,54546.044394
R176:54545.970061,0.071728,54545.970109,54546.044447,54546.116176
R177:54546.037509,0.008556,54546.037566,54546.116244,54546.124800
R178:54546.079644,0.049130,54546.079697,54546.124834,54546.173965
R179:54546.213955,0.011650,54546.213988,54546.214638,54546.226288
R180:54546.259767,0.027774,54546.259914,54546.260513,54546.288287
R181:54546.310989,0.025076,54546.311043,54546.311595,54546.336672
R182:54546.421849,0.019727,54546.421895,54546.422347,54546.442075
R183:54546.439546,0.050896,54546.442130,54546.442142,54546.493277
R184:54546.521353,0.020643,54546.521410,54546.521849,54546.542492
R185:54546.783329,0.007313,54546.783983,54546.783992,54546.791318
R186:54546.925914,0.000271,54546.925992,54546.926424,54546.926695
R187:54546.959342,0.074447,54546.959476,54546.959987,54547.034435
R188:54547.055080,0.006090,54547.055144,54547.055607,54547.061697
R189:54547.076944,0.063828,54547.076999,54547.077438,54547.141267
R190:54547.202487,0.029811,54547.202541,54547.203403,54547.233215
R191:54547.205747,0.061535,54547.205778,54547.233297,54547.294832
R192:54547.474747,0.032113,54547.474789,54547.475302,54547.507416
R193:54547.489648,0.004931,54547.507476,54547.507489,54547.512422
R194:54547.614952,0.024136,54547.615009,54547.615573,54547.639709
R195:54547.621611,0.053519,54547.639778,54547.639791,54547.693573
R196:54547.644183,0.007061,54547.681285,54547.693676,54547.700738
R197:54547.747743,0.002745,54547.747811,54547.748339,54547.751084
R198:54547.751185,0.075904,54547.751214,54547.751792,54547.827697
R199:54547.789554,0.029220,54547.792475,54547.827746,54547.856972
R200:54547.863393,0.044536,54547.863448,54547.863866,54547.908415
R201:54547.871620,0.037740,54547.871670,54547.908471,54547.946212
R202:54547.926212,0.022464,54547.926250,54547.946286,54547.968751
R203:54547.983464,0.109787,54547.983517,54547.983950,54548.093743
R204:54548.006470,0.009306,54548.006520,54548.093782,54548.103089
R205:54548.047666,0.037301,54548.047692,54548.103103,54548.140404
R206:54548.107389,0.045341,54548.107436,54548.140438,54548.185780
R207:54548.168422,0.088541,54548.168470,54548.185937,54548.274480
R208:54548.186006,0.005203,54548.186028,54548.274544,54548.279748
R209:54548.191112,0.009295,54548.226318,54548.279766,54548.289075
R210:54548.352201,0.012776,54548.352261,54548.352880,54548.365657
R211:54548.393440,0.017183,54548.393502,54548.394053,54548.411237
R212:54548.503177,0.105301,54548.503262,54548.503771,54548.609072
R213:54548.530955,0.084345,54548.544294,54548.609136,54548.693482
R214:54548.557401,0.001850,54548.557456,54548.693542,54548.695393
R215:54548.625230,0.075312,54548.625282,54548.695421,54548.770734
R216:54548.645822,0.090426,54548.645869,54548.770937,54548.861363
R217:54548.707863,0.012488,54548.707998,54548.861405,54548.873896
R218:54548.732341,0.047394,54548.732381,54548.874216,54548.921611
R219:54548.747660,0.056136,54548.770797,54548.921692,54548.977828
R220:54548.756803,0.063552,54548.770820,54548.977885,54549.041438
R221:54548.853640,0.025640,54548.853702,54549.041490,54549.067131
R222:54548.868902,0.028459,54548.868940,54549.067229,54549.095689
R223:54548.893972,0.024368,54548.894017,54549.095768,54549.120136
R224:54548.911744,0.008405,54548.921678,54549.120195,54549.128600
R225:54548.960711,0.000734,54548.963121,54549.128628,54549.129368
R226:54549.012139,0.024077,54549.012192,54549.129427,54549.153505
R227:54549.042301,0.066858,54549.042326,54549.153533,54549.220392
R228:54549.065289,0.052442,54549.067218,54549.220448,54549.272891
R229:54549.084398,0.126031,54549.095753,54549.272940,54549.398989
R230:54549.134924,0.082980,54549.135000,54549.399066,54549.482047
R231:54549.207746,0.018695,54549.207793,54549.482137,54549.500833
R232:54549.282701,0.000301,54549.282758,54549.500889,54549.501327
R233:54549.347725,0.092866,54549.347779,54549.501346,54549.594212
R234:54549.395644,0.051458,54549.395721,54549.594272,54549.646505
R235:54549.456094,0.025600,54549.456290,54549.646569,54549.672170
R236:54549.502042,0.063446,54549.502063,54549.672225,54549.735732
R237:54549.530246,0.056631,54549.542145,54549.735762,54549.792394
R238:54549.631529,0.001672,54549.631593,54549.792442,54549.794229
R239:54549.642085,0.057874,54549.642140,54549.794320,54549.852194
R240:54549.646350,0.048242,54549.646415,54549.852258,54549.900501
R241:54549.659475,0.041947,54549.659509,54549.900560,54549.942508
R242:54549.734953,0.000286,54549.735016,54549.942568,54549.942854
R243:54549.735119,0.015161,54549.735767,54549.942861,54549.958023
R244:54549.758100,0.097440,54549.782029,54549.958056,54550.055497
R245:54549.825030,0.020878,54549.825123,54550.055569,54550.076448
R246:54549.837928,0.105602,54549.838017,54550.076476,54550.182079
R247:54549.907087,0.018788,54549.907167,54550.182132,54550.200921
R248:54549.974097,0.010306,54549.974151,54550.200949,54550.211256
R249:54550.109547,0.035005,54550.109592,54550.211299,54550.246305
R250:54550.120375,0.056297,54550.150282,54550.247284,54550.303582
R251:54550.230847,0.010605,54550.230986,54550.303639,54550.314330
R252:54550.377641,0.061220,54550.377694,54550.378237,54550.439458
R253:54550.409119,0.039637,54550.418342,54550.439512,54550.479150
R254:54550.536234,0.134770,54550.536286,54550.536439,54550.671210
R255:54550.620408,0.130575,54550.620587,54550.671270,54550.801846
R256:54550.637384,0.135468,54550.637453,54550.801885,54550.937354
R257:54550.687763,0.040212,54550.687920,54550.937406,54550.977618
R258:54550.730740,0.080383,54550.730769,54550.977668,54551.058053
R259:54550.905993,0.045131,54550.906165,54551.058267,54551.103399
R260:54551.011511,0.268009,54551.011657,54551.103457,54551.371468
R261:54551.078747,0.019618,54551.078898,54551.371531,54551.391150
R262:54551.250665,0.044477,54551.250728,54551.391388,54551.435866
R263:54551.380417,0.071215,54551.380481,54551.435909,54551.507126
R264:54551.444038,0.079215,54551.444126,54551.507176,54551.586392
R265:54551.537605,0.046365,54551.537661,54551.586451,54551.632816
R266:54551.557182,0.009133,54551.557228,54551.632857,54551.641991
R267:54551.597110,0.100156,54551.597233,54551.642027,54551.742184
R268:54551.696522,0.054594,54551.696568,54551.742256,54551.796851
R269:54551.825648,0.047335,54551.825718,54551.826299,54551.873634
R270:54551.859128,0.051867,54551.859363,54551.873685,54551.925552
R271:54551.916727,0.008029,54551.916855,54551.925611,54551.933640
R272:54551.965404,0.001676,54551.965448,54551.965954,54551.967630
R273:54552.019752,0.036506,54552.019785,54552.020405,54552.056912
R274:54552.095318,0.036185,54552.095371,54552.095920,54552.132106
R275:54552.207226,0.033649,54552.207299,54552.208019,54552.241668
R276:54552.214872,0.002486,54552.241782,54552.241788,54552.244274
R277:54552.259560,0.024279,54552.260119,54552.260128,54552.284407
R278:54552.368835,0.030085,54552.377594,54552.377609,54552.409124
R279:54552.432362,0.026643,54552.432780,54552.432788,54552.459432
R280:54552.442155,0.026108,54552.459498,54552.459511,54552.485632
R281:54552.459999,0.063221,54552.485696,54552.485710,54552.548932
R282:54552.461338,0.083818,54552.485699,54552.548978,54552.632798
R283:54552.515230,0.029597,54552.527097,54552.632824,54552.662421
R284:54552.570957,0.266592,54552.571109,54552.662450,54552.929043
R285:54552.612370,0.003858,54552.612517,54552.929090,54552.932949
R286:54552.616919,0.045476,54552.617066,54552.932962,54552.978439
R287:54552.682210,0.012409,54552.682300,54552.978654,54552.991095
R288:54552.699327,0.128532,54552.723320,54552.991244,54553.119776
R289:54552.762614,0.031074,54552.762699,54553.119810,54553.150885
R290:54552.847659,0.095052,54552.847758,54553.150936,54553.245988
R291:54552.884426,0.148709,54552.884522,54553.246017,54553.394727
R292:54553.075519,0.072839,54553.075624,54553.394783,54553.467623
R293:54553.219617,0.038474,54553.219789,54553.467671,54553.506154
R294:54553.245707,0.032461,54553.245845,54553.506306,54553.538768
R295:54553.261717,0.031384,54553.261741,54553.538829,54553.570213
R296:54553.449661,0.170984,54553.449831,54553.570265,54553.741271
R297:54553.585590,0.030628,54553.585637,54553.741330,54553.771959
R298:54553.598588,0.072717,54553.626313,54553.771983,54553.844701
R299:54553.693568,0.014892,54553.693619,54553.844746,54553.859639
R300:54553.840695,0.165529,54553.840756,54553.859687,54554.025216
R301:54553.930439,0.025740,54553.930491,54554.025267,54554.051008
R302:54553.955765,0.040422,54553.971418,54554.051048,54554.091471
R303:54554.007268,0.010600,54554.007335,54554.091528,54554.102129
R304:54554.068293,0.022323,54554.068338,54554.102144,54554.124467
R305:54554.109026,0.124159,54554.109113,54554.124502,54554.248662
R306:54554.175518,0.046639,54554.175567,54554.248701,54554.295341
R307:54554.190439,0.005814,54554.216247,54554.295384,54554.301198
R308:54554.316051,0.011095,54554.316121,54554.316263,54554.327358
R309:54554.345708,0.044909,54554.345759,54554.345863,54554.390773
R310:54554.410998,0.045359,54554.411054,54554.411162,54554.456522
R311:54554.481698,0.041148,54554.481756,54554.481884,54554.523033
R312:54554.485644,0.013895,54554.485693,54554.523675,54554.537571
R313:54554.537604,0.021068,54554.537833,54554.537839,54554.558908
R314:54554.538952,0.128649,54554.539008,54554.559002,54554.687652
R315:54554.539777,0.073633,54554.558975,54554.687703,54554.761337
R316:54554.597325,0.135357,54554.600127,54554.761395,54554.896752
R317:54554.733772,0.029709,54554.733870,54554.896802,54554.926545
R318:54554.745808,0.079294,54554.745856,54554.926569,54555.005864
R319:54554.787731,0.168604,54554.787779,54555.005928,54555.174939
R320:54554.851546,0.017328,54554.851595,54555.175015,54555.192344
R321:54554.862292,0.022788,54554.862362,54555.192396,54555.215184
R322:54554.996152,0.068844,54554.996273,54555.215238,54555.284084
R323:54555.139935,0.015941,54555.139992,54555.284145,54555.300087
R324:54555.180464,0.006524,54555.180541,54555.300143,54555.306668
R325:54555.363764,0.048801,54555.363828,54555.363888,54555.412691
R326:54555.489447,0.129207,54555.489524,54555.490389,54555.619597
R327:54555.568860,0.016584,54555.568904,54555.619659,54555.636244
R328:54555.581730,0.011344,54555.581886,54555.636305,54555.647650
R329:54555.593425,0.009694,54555.593475,54555.647752,54555.657469
R330:54555.655347,0.012910,54555.655404,54555.657544,54555.670455
R331:54555.663945,0.000698,54555.663970,54555.670505,54555.671204
R332:54555.847536,0.006391,54555.847747,54555.848295,54555.854687
R333:54555.858631,0.052284,54555.858669,54555.858732,54555.911017
R334:54555.897463,0.005316,54555.899192,54555.911100,54555.916417
R335:54556.051759,0.003658,54556.051807,54556.051857,54556.055516
R336:54556.111541,0.034302,54556.111799,54556.111811,54556.146114
R337:54556.143100,0.017349,54556.146727,54556.146905,54556.164460
R338:54556.179095,0.121743,54556.179758,54556.179768,54556.301512
R339:54556.196752,0.010580,54556.220297,54556.301542,54556.312467
R340:54556.249041,0.028268,54556.249841,54556.312554,54556.340823
R341:54556.251413,0.069996,54556.251826,54556.340848,54556.410845
R342:54556.356629,0.309983,54556.357109,54556.410898,54556.720883
R343:54556.384306,0.037069,54556.384842,54556.720942,54556.758013
R344:54556.386699,0.054205,54556.386724,54556.758072,54556.812277
R345:54556.400798,0.019846,54556.400914,54556.812308,54556.832180
R346:54556.476242,0.052024,54556.476419,54556.832241,54556.884265
R347:54556.614110,0.002574,54556.614418,54556.884418,54556.886992
R348:54556.640661,0.081311,54556.640762,54556.887037,54556.968349
R349:54556.731873,0.057273,54556.731914,54556.968436,54557.025710
R350:54556.806959,0.018767,54556.806987,54557.025771,54557.044538
R351:54556.953656,0.017686,54556.953704,54557.044609,54557.062296
R352:54557.041236,0.010478,54557.041308,54557.062323,54557.072802
R353:54557.144979,0.002746,54557.145102,54557.145185,54557.147932
R354:54557.201006,0.008556,54557.201568,54557.201646,54557.210248
R355:54557.207791,0.007319,54557.210278,54557.210481,54557.217800
R356:54557.225353,0.002990,54557.225598,54557.225606,54557.228597
R357:54557.281074,0.145479,54557.281618,54557.281696,54557.427176
R358:54557.419013,0.129660,54557.419135,54557.427223,54557.556884
R359:54557.422924,0.014851,54557.423082,54557.556939,54557.571791
R360:54557.462638,0.009246,54557.462716,54557.571818,54557.581077
R361:54557.518023,0.032347,54557.518113,54557.581104,54557.613452
R362:54557.573058,0.130230,54557.573164,54557.613478,54557.743709
R363:54557.678832,0.043644,54557.678935,54557.743758,54557.787403
R364:54557.725678,0.012760,54557.725772,54557.787469,54557.800229
R365:54557.807585,0.050199,54557.807756,54557.807766,54557.857966
R366:54557.827072,0.000840,54557.848213,54557.858005,54557.858845
R367:54557.875440,0.021351,54557.875653,54557.875666,54557.897018
R368:54558.043183,0.036973,54558.043262,54558.043272,54558.080246
R369:54558.057684,0.018348,54558.080296,54558.080308,54558.098672
R370:54558.089766,0.051801,54558.098705,54558.098716,54558.150517
R371:54558.161028,0.015669,54558.161279,54558.161289,54558.176959
R372:54558.197784,0.020240,54558.197914,54558.197924,54558.218165
R373:54558.273778,0.071191,54558.274255,54558.274375,54558.345567
R374:54558.288932,0.057533,54558.314190,54558.345613,54558.403147
R375:54558.307650,0.093256,54558.314194,54558.403661,54558.496918
R376:54558.308713,0.045910,54558.314209,54558.496966,54558.542876
R377:54558.428427,0.055125,54558.428473,54558.542907,54558.598032
R378:54558.452887,0.094194,54558.469298,54558.598077,54558.692271
R379:54558.499775,0.014801,54558.499798,54558.692333,54558.707135
R380:54558.518230,0.036117,54558.541271,54558.707189,54558.743307
R381:54558.523703,0.047262,54558.541279,54558.743369,54558.790632
R382:54558.662132,0.086111,54558.662280,54558.790668,54558.876779
R383:54558.709929,0.066732,54558.709957,54558.876816,54558.943548
R384:54558.909674,0.022310,54558.909973,54558.943624,54558.965935
R385:54558.936597,0.001208,54558.943717,54558.966056,54558.967264
R386:54558.939649,0.033399,54558.943720,54558.967282,54559.000681
R387:54558.940146,0.061595,54558.943722,54559.000710,54559.062306
R388:54558.962016,0.035404,54558.966156,54559.062361,54559.097765
R389:54559.069441,0.004074,54559.069465,54559.097819,54559.101894
R390:54559.108940,0.033048,54559.109077,54559.109153,54559.142202
R391:54559.122513,0.002218,54559.122553,54559.142258,54559.144477
R392:54559.283203,0.014042,54559.283384,54559.283953,54559.297997
R393:54559.289015,0.047240,54559.298093,54559.298098,54559.345342
R394:54559.366700,0.162940,54559.366805,54559.366812,54559.529752
R395:54559.372854,0.009082,54559.372935,54559.529801,54559.538883
R396:54559.499239,0.070793,54559.499324,54559.538905,54559.609716
R397:54559.539746,0.000350,54559.539816,54559.609757,54559.610108
R398:54559.633783,0.066678,54559.633865,54559.633876,54559.700567
R399:54559.687909,0.127920,54559.687994,54559.700597,54559.828519
R400:54559.773784,0.077474,54559.773833,54559.828588,54559.906063
R401:54559.781587,0.005350,54559.814281,54559.906121,54559.911472
R402:54559.964955,0.013677,54559.965063,54559.965440,54559.979118
R403:54559.985167,0.004993,54559.985569,54559.985576,54559.990570
R404:54560.088992,0.016232,54560.089560,54560.089570,54560.105803
R405:54560.174920,0.138801,54560.175634,54560.175644,54560.314448
R406:54560.186895,0.005084,54560.216372,54560.314494,54560.319578
R407:54560.276374,0.093305,54560.276490,54560.319599,54560.412905
R408:54560.524553,0.058958,54560.524649,54560.524673,54560.583632
R409:54560.550796,0.028493,54560.565292,54560.583687,54560.612181
R410:54560.589266,0.019577,54560.589365,54560.612258,54560.631836
R411:54560.655908,0.006962,54560.656048,54560.656059,54560.663022
R412:54560.713392,0.023741,54560.713481,54560.713492,54560.737233
R413:54560.718796,0.053922,54560.737275,54560.737290,54560.791212
R414:54560.728073,0.106299,54560.737277,54560.791233,54560.897532
R415:54560.735711,0.011841,54560.737278,54560.897584,54560.909425
R416:54560.790445,0.037633,54560.790514,54560.909461,54560.947094
R417:54560.859578,0.143430,54560.859655,54560.947115,54561.090560
R418:54560.883093,0.006510,54560.897571,54561.090582,54561.097093
R419:54560.974961,0.036174,54560.975050,54561.097116,54561.133291
R420:54560.978406,0.011885,54561.015132,54561.133326,54561.145212
R421:54561.010998,0.008727,54561.015137,54561.145246,54561.153973
R422:54561.049060,0.028437,54561.049140,54561.154005,54561.182443
R423:54561.072730,0.052461,54561.072851,54561.182491,54561.234952
R424:54561.073596,0.030990,54561.073671,54561.234995,54561.265986
R425:54561.082631,0.075763,54561.082725,54561.266006,54561.341770
R426:54561.088848,0.057708,54561.088892,54561.341796,54561.399505
R427:54561.185657,0.100945,54561.185739,54561.399542,54561.500487
R428:54561.336623,0.002417,54561.336708,54561.500592,54561.503009
R429:54561.340766,0.009748,54561.340830,54561.503026,54561.512775
R430:54561.387874,0.005800,54561.387942,54561.512804,54561.518605
R431:54561.552364,0.045341,54561.552711,54561.552761,54561.598103
R432:54561.583156,0.060255,54561.593361,54561.598132,54561.658388
R433:54561.646952,0.026096,54561.647356,54561.658419,54561.684515
R434:54561.695594,0.043099,54561.695985,54561.695994,54561.739094
R435:54561.803741,0.012534,54561.804560,54561.804570,54561.817105
R436:54561.962948,0.023436,54561.963604,54561.963656,54561.987093
R437:54562.060352,0.005129,54562.060871,54562.060880,54562.066009
R438:54562.090506,0.024496,54562.091020,54562.091075,54562.115572
R439:54562.193717,0.136042,54562.193938,54562.194102,54562.330145
R440:54562.279834,0.089030,54562.280426,54562.330205,54562.419236
R441:54562.398358,0.050421,54562.398870,54562.419314,54562.469736
R442:54562.476861,0.048996,54562.477088,54562.477095,54562.526092
R443:54562.522571,0.043234,54562.522647,54562.526168,54562.569403
R444:54562.566455,0.001496,54562.566538,54562.569455,54562.570951
R445:54562.636252,0.045778,54562.636708,54562.636715,54562.682494
R446:54562.724515,0.007771,54562.725046,54562.725107,54562.733072
R447:54562.733940,0.075121,54562.734365,54562.734374,54562.809496
R448:54562.747638,0.066460,54562.774220,54562.809548,54562.876009
R449:54562.864048,0.054937,54562.864181,54562.876087,54562.931025
R450:54562.877022,0.005579,54562.877119,54562.931054,54562.936633
R451:54562.900764,0.005392,54562.918166,54562.936648,54562.942040
R452:54563.037938,0.015757,54563.038134,54563.038144,54563.053902
R453:54563.078929,0.016965,54563.079110,54563.079120,54563.096086
R454:54563.092935,0.146874,54563.096309,54563.096322,54563.243237
R455:54563.159993,0.035354,54563.160093,54563.243269,54563.278623
R456:54563.175796,0.137717,54563.175869,54563.278664,54563.416382
R457:54563.270143,0.017450,54563.270261,54563.416422,54563.433872
R458:54563.279954,0.051714,54563.280024,54563.433890,54563.485605
R459:54563.331757,0.013254,54563.331843,54563.485654,54563.498908
R460:54563.461109,0.049626,54563.461172,54563.498935,54563.548561
R461:54563.531358,0.083831,54563.531416,54563.548605,54563.632437
R462:54563.643398,0.001443,54563.643535,54563.643545,54563.644988
R463:54563.736280,0.048062,54563.736444,54563.736456,54563.784519
R464:54563.792271,0.074457,54563.792396,54563.792406,54563.866864
R465:54563.882587,0.003993,54563.882637,54563.883128,54563.887122
R466:54563.903585,0.009481,54563.903612,54563.903990,54563.913471
R467:54564.036194,0.022298,54564.036302,54564.037086,54564.059384
R468:54564.048693,0.023798,54564.059421,54564.059698,54564.083497
R469:54564.085373,0.005306,54564.085411,54564.085785,54564.091091
R470:54564.150644,0.101796,54564.150692,54564.151128,54564.252925
R471:54564.175385,0.005500,54564.191279,54564.252974,54564.262311
R472:54564.233918,0.069259,54564.233972,54564.262349,54564.331609
R473:54564.336462,0.022848,54564.336499,54564.336822,54564.359671
R474:54564.368399,0.015886,54564.368452,54564.369061,54564.384948
R475:54564.399871,0.003534,54564.399905,54564.400445,54564.403979
R476:54564.457186,0.028299,54564.457223,54564.458103,54564.486403
R477:54564.602191,0.056173,54564.602225,54564.602606,54564.658780
R478:54564.735452,0.031899,54564.735524,54564.736322,54564.768222
R479:54564.774356,0.012707,54564.774391,54564.774724,54564.787431
R480:54564.796091,0.042986,54564.796136,54564.796774,54564.839761
R481:54564.813847,0.006738,54564.837147,54564.839789,54564.846528
R482:54564.836301,0.032711,54564.837154,54564.846544,54564.879256
R483:54564.922866,0.010690,54564.922922,54564.923917,54564.934608
R484:54564.964595,0.007158,54564.964636,54564.965171,54564.972329
R485:54565.087100,0.010202,54565.087144,54565.087599,54565.097802
R486:54565.108886,0.115517,54565.108926,54565.109624,54565.225142
R487:54565.109120,0.082674,54565.149121,54565.225204,54565.307879
R488:54565.130472,0.058162,54565.149130,54565.307939,54565.366102
R489:54565.196231,0.002288,54565.196270,54565.366163,54565.368451
R490:54565.208606,0.074596,54565.208633,54565.368469,54565.443065
R491:54565.409677,0.098759,54565.409708,54565.443182,54565.541942
R492:54565.417376,0.257460,54565.443167,54565.541980,54565.799441
R493:54565.432153,0.055117,54565.443171,54565.799483,54565.854601
R494:54565.480357,0.088172,54565.483200,54565.854642,54565.942815
R495:54565.519753,0.062223,54565.519798,54565.942846,54566.005070
R496:54565.659403,0.010752,54565.659439,54566.005128,54566.015881
R497:54565.692608,0.008404,54565.700147,54566.015896,54566.024300
R498:54565.806851,0.019567,54565.806890,54566.024318,54566.043886
R499:54565.877369,0.038019,54565.877416,54566.044376,54566.082396
R500:54565.904624,0.051134,54565.904698,54566.082431,54566.133566
R501:54565.944168,0.030816,54565.944201,54566.133621,54566.164437
R502:54566.024518,0.000293,54566.024576,54566.164459,54566.164753
R503:54566.074089,0.010637,54566.074193,54566.164757,54566.175394
R504:54566.094332,0.029358,54566.094455,54566.175415,54566.204774
R505:54566.169100,0.052934,54566.169142,54566.204807,54566.257742
R506:54566.186757,0.021487,54566.186790,54566.257783,54566.279271
R507:54566.203071,0.027792,54566.203110,54566.279297,54566.307090
R508:54566.248891,0.002589,54566.248963,54566.307133,54566.309722
R509:54566.275926,0.082867,54566.276012,54566.309730,54566.392598
R510:54566.282772,0.215788,54566.282794,54566.392627,54566.608417
R511:54566.415846,0.016723,54566.415894,54566.608470,54566.625194
R512:54566.462657,0.022256,54566.462686,54566.625285,54566.647541
R513:54566.476440,0.096134,54566.476543,54566.647559,54566.743693
R514:54566.513622,0.077133,54566.513663,54566.743748,54566.820881
R515:54566.585718,0.007561,54566.585762,54566.820933,54566.828494
R516:54566.616446,0.005457,54566.616475,54566.828516,54566.833973
R517:54566.651584,0.171625,54566.651697,54566.833982,54567.005608
R518:54566.709231,0.101662,54566.709261,54567.005663,54567.107326
R519:54566.716613,0.081127,54566.743737,54567.107384,54567.188512
R520:54566.728421,0.025183,54566.743740,54567.188545,54567.213728
R521:54566.753153,0.038001,54566.785261,54567.213780,54567.251781
R522:54566.792625,0.175398,54566.792671,54567.251857,54567.427256
R523:54566.879406,0.004635,54566.879519,54567.427306,54567.431941
R524:54567.079720,0.002727,54567.079769,54567.431955,54567.434682
R525:54567.082143,0.114890,54567.082167,54567.434700,54567.549591
R526:54567.225531,0.027163,54567.225668,54567.549646,54567.576809
R527:54567.228873,0.012414,54567.251843,54567.576832,54567.589246
R528:54567.241849,0.048748,54567.251846,54567.589258,54567.638006
R529:54567.336337,0.030947,54567.336445,54567.638039,54567.668987
R530:54567.341414,0.030803,54567.341441,54567.669025,54567.699829
R531:54567.374535,0.090252,54567.374585,54567.699849,54567.790101
R532:54567.432399,0.011297,54567.432425,54567.790178,54567.801476
R533:54567.484569,0.055823,54567.484706,54567.801546,54567.857369
R534:54567.587173,0.164239,54567.587230,54567.857409,54568.021648
R535:54567.593076,0.024267,54567.593128,54568.021705,54568.045973
R536:54567.634584,0.133577,54567.634621,54568.046059,54568.179636
R537:54567.662533,0.005449,54567.662561,54568.179699,54568.185149
R538:54567.818615,0.104214,54567.818652,54568.185186,54568.289401
R539:54567.964887,0.127172,54567.964979,54568.289459,54568.416632
R540:54567.980344,0.004697,54568.007205,54568.416682,54568.421380
R541:54568.146512,0.172722,54568.146582,54568.421408,54568.594130
R542:54568.254409,0.000237,54568.254455,54568.594196,54568.594433
R543:54568.299125,0.016927,54568.299171,54568.594440,54568.611368
R544:54568.312437,0.015183,54568.340484,54568.611385,54568.626569
R545:54568.374538,0.001859,54568.374600,54568.626591,54568.628450
R546:54568.461334,0.021578,54568.461393,54568.628456,54568.650034
R547:54568.542338,0.016784,54568.542386,54568.650066,54568.666851
R548:54568.671623,0.056236,54568.671748,54568.671987,54568.728223
R549:54568.722479,0.048916,54568.722574,54568.728287,54568.777220
R550:54568.920373,0.028359,54568.920415,54568.921001,54568.949360
R551:54568.984122,0.276595,54568.984181,54568.984872,54569.261490
R552:54568.984836,0.129794,54569.025118,54569.261517,54569.391312
R553:54569.013160,0.015369,54569.025120,54569.391357,54569.408968
R554:54569.019766,0.017199,54569.025125,54569.408992,54569.426191
R555:54569.121084,0.065411,54569.121131,54569.426274,54569.491686
R556:54569.134770,0.000349,54569.134903,54569.491752,54569.492101
R557:54569.165796,0.110142,54569.165890,54569.492137,54569.602280
R558:54569.242358,0.108729,54569.242706,54569.602338,54569.711068
R559:54569.246441,0.050971,54569.246575,54569.711173,54569.762145
R560:54569.260785,0.129766,54569.260989,54569.762295,54569.892062
R561:54569.271689,0.102031,54569.271775,54569.892533,54569.994566
R562:54569.343508,0.039673,54569.343565,54569.994611,54570.034284
R563:54569.364428,0.088194,54569.364478,54570.034351,54570.122545
R564:54569.375131,0.005991,54569.375184,54570.122594,54570.128585
R565:54569.391083,0.098587,54569.391121,54570.128607,54570.227194
R566:54569.429010,0.030925,54569.429095,54570.227252,54570.258178
R567:54569.478592,0.120127,54569.478682,54570.258253,54570.378380
R568:54569.600780,0.156304,54569.600823,54570.378550,54570.534855
R569:54569.631909,0.010394,54569.632016,54570.534915,54570.545309
R570:54569.644782,0.022327,54569.672211,54570.545337,54570.567694
R571:54569.662764,0.049427,54569.672223,54570.567712,54570.617140
R572:54569.819106,0.047789,54569.819214,54570.617178,54570.664968
R573:54569.848715,0.023805,54569.859392,54570.665007,54570.688813
R574:54569.894537,0.059223,54569.894569,54570.688834,54570.748058
R575:54569.938243,0.052500,54569.938278,54570.748099,54570.800634
R576:54569.939470,0.059158,54569.939488,54570.800962,54570.860121
R577:54569.999949,0.112858,54570.000067,54570.860157,54570.973016
R578:54570.046653,0.056246,54570.046692,54570.973066,54571.029313
R579:54570.065249,0.031218,54570.087255,54571.029367,54571.060585
R580:54570.146967,0.009719,54570.147018,54571.060610,54571.070330
R581:54570.244760,0.020324,54570.244791,54571.070347,54571.090672
R582:54570.269682,0.010045,54570.269778,54571.090691,54571.100736
R583:54570.333660,0.001244,54570.333781,54571.100750,54571.101994
R584:54570.352113,0.027035,54570.352146,54571.102000,54571.129036
R585:54570.362557,0.024330,54570.362623,54571.129073,54571.153403
R586:54570.378711,0.006944,54570.378735,54571.153446,54571.160391
R587:54570.473850,0.007830,54570.473902,54571.160480,54571.168310
R588:54570.475500,0.037810,54570.475537,54571.168334,54571.206145
R589:54570.562159,0.014184,54570.562201,54571.206184,54571.220369
R590:54570.609367,0.039016,54570.609416,54571.220391,54571.259408
R591:54570.626493,0.092931,54570.626526,54571.259440,54571.352372
R592:54570.769645,0.026993,54570.769766,54571.352423,54571.379417
R593:54570.787564,0.032394,54570.800952,54571.379464,54571.411859
R594:54570.872985,0.031129,54570.873110,54571.411887,54571.443017
R595:54570.880587,0.106316,54570.880643,54571.443061,54571.549378
R596:54571.058938,0.015491,54571.059004,54571.549438,54571.564929
R597:54571.123237,0.016287,54571.123432,54571.564975,54571.581262
R598:54571.139245,0.030649,54571.139329,54571.581282,54571.611932
R599:54571.178024,0.044159,54571.178200,54571.611954,54571.656114
R600:54571.201379,0.036165,54571.201423,54571.656143,54571.692309
R601:54571.332560,0.053031,54571.332604,54571.692336,54571.745368
R602:54571.556547,0.209917,54571.556650,54571.745413,54571.955331
R603:54571.621598,0.024687,54571.621625,54571.955372,54571.980083
R604:54571.722033,0.019464,54571.722128,54571.980126,54571.999590
R605:54571.767981,0.067387,54571.768106,54571.999613,54572.067001
R606:54571.832288,0.038148,54571.832354,54572.067038,54572.105187
R607:54571.957639,0.005247,54571.957665,54572.105283,54572.110531
R608:54572.012776,0.019560,54572.012805,54572.110551,54572.130112
R609:54572.201357,0.002217,54572.201394,54572.201929,54572.204146
R610:54572.255156,0.036462,54572.255207,54572.255980,54572.292443
R611:54572.351986,0.027869,54572.352038,54572.352573,54572.380443
R612:54572.513242,0.007474,54572.513274,54572.513618,54572.521092
R613:54572.609151,0.013235,54572.609185,54572.609540,54572.622776
R614:54572.685600,0.000396,54572.685638,54572.686257,54572.686653
R615:54572.742520,0.032032,54572.742571,54572.743097,54572.775130
R616:54572.849501,0.078252,54572.849541,54572.850081,54572.928334
R617:54572.895838,0.009151,54572.895867,54572.928380,54572.937531
R618:54572.904404,0.129855,54572.904452,54572.937563,54573.067419
R619:54572.998551,0.017225,54572.998599,54573.067449,54573.084675
R620:54573.049962,0.010757,54573.050073,54573.084737,54573.095494
R621:54573.068318,0.005948,54573.068378,54573.095532,54573.101480
R622:54573.070717,0.047842,54573.084725,54573.101491,54573.149334
R623:54573.152644,0.056685,54573.152757,54573.152776,54573.209463
R624:54573.168246,0.077621,54573.193266,54573.209499,54573.287121
R625:54573.344062,0.064886,54573.344099,54573.344180,54573.409070
R626:54573.424354,0.051873,54573.424398,54573.424660,54573.476533
R627:54573.447333,0.004723,54573.447361,54573.476587,54573.481320
R628:54573.457880,0.098107,54573.457924,54573.481332,54573.579453
R629:54573.554298,0.024031,54573.554369,54573.579511,54573.603543
R630:54573.579267,0.007646,54573.579498,54573.603596,54573.611242
R631:54573.705573,0.024719,54573.706143,54573.706234,54573.730954
R632:54573.826239,0.199373,54573.826885,54573.826893,54574.026267
R633:54573.995091,0.061656,54573.995183,54574.026327,54574.087984
R634:54574.046189,0.006063,54574.046262,54574.088019,54574.094083
R635:54574.194708,0.008417,54574.195652,54574.195672,54574.204089
R636:54574.194756,0.001608,54574.195667,54574.204111,54574.205720
R637:54574.217791,0.001783,54574.218129,54574.218167,54574.219951
R638:54574.237291,0.032588,54574.237772,54574.237781,54574.270370
R639:54574.302555,0.044239,54574.303152,54574.303161,54574.347402
R640:54574.380708,0.028523,54574.381364,54574.381373,54574.409897
R641:54574.400252,0.042563,54574.400744,54574.409924,54574.452488
R642:54574.423898,0.031573,54574.424242,54574.452540,54574.484114
R643:54574.429261,0.100077,54574.452528,54574.484145,54574.584223
R644:54574.497806,0.213244,54574.497947,54574.584260,54574.797505
R645:54574.523844,0.010842,54574.538140,54574.797555,54574.808398
R646:54574.542182,0.005330,54574.542241,54574.808414,54574.813745
R647:54574.551720,0.003118,54574.551820,54574.813750,54574.816869
R648:54574.607312,0.007674,54574.607454,54574.816881,54574.824556
R649:54574.613158,0.228016,54574.648343,54574.824578,54575.052595
R650:54574.705801,0.073293,54574.705934,54575.052632,54575.125934
R651:54574.725381,0.041535,54574.725515,54575.125985,54575.167520
R652:54574.735326,0.026513,54574.735455,54575.167607,54575.194121
R653:54574.836629,0.029740,54574.836744,54575.194181,54575.223922
R654:54574.893980,0.018734,54574.894183,54575.223963,54575.242698
R655:54575.032384,0.008572,54575.032509,54575.242725,54575.251297
R656:54575.034750,0.021506,54575.034855,54575.251308,54575.272814
R657:54575.120805,0.087901,54575.120888,54575.272860,54575.360762
R658:54575.202906,0.025038,54575.202974,54575.360803,54575.385842
R659:54575.309452,0.007855,54575.309522,54575.385869,54575.393724
R660:54575.383289,0.139814,54575.383451,54575.393738,54575.533553
R661:54575.413311,0.035425,54575.413392,54575.533591,54575.569017
R662:54575.439419,0.129726,54575.439496,54575.569044,54575.698771
R663:54575.442064,0.006543,54575.485120,54575.698821,54575.705365
R664:54575.494780,0.020560,54575.494912,54575.705404,54575.725965
R665:54575.499609,0.019585,54575.499716,54575.726101,54575.745688
R666:54575.507696,0.014831,54575.507808,54575.745710,54575.760541
R667:54575.517145,0.118783,54575.517317,54575.760563,54575.879347
R668:54575.655338,0.033436,54575.655406,54575.879403,54575.912840
R669:54575.724428,0.040895,54575.724559,54575.912870,54575.953767
R670:54575.752003,0.024788,54575.752186,54575.953817,54575.978605
R671:54575.852885,0.039633,54575.852969,54575.978629,54576.018263
R672:54575.931734,0.029609,54575.931808,54576.018294,54576.047903
R673:54576.016151,0.040845,54576.016279,54576.047931,54576.088777
R674:54576.045674,0.003492,54576.045755,54576.088803,54576.092295
R675:54576.160653,0.012467,54576.161291,54576.161459,54576.173927
R676:54576.236809,0.002244,54576.237014,54576.237025,54576.239270
R677:54576.237360,0.002381,54576.239302,54576.239314,54576.241695
R678:54576.318884,0.017575,54576.328347,54576.328360,54576.345936
R679:54576.536524,0.001876,54576.536613,54576.536625,54576.538501
R680:54576.548219,0.016521,54576.548372,54576.548380,54576.564902
R681:54576.611111,0.067314,54576.611261,54576.611271,54576.678586
R682:54576.639202,0.014335,54576.652105,54576.678631,54576.692966
R683:54576.687530,0.011551,54576.687558,54576.692995,54576.705446
R684:54576.752661,0.000111,54576.752725,54576.752860,54576.752979
R685:54576.836294,0.038505,54576.836414,54576.836461,54576.874966
R686:54576.926971,0.032805,54576.927145,54576.927511,54576.960316
R687:54576.958326,0.007167,54576.960490,54576.960516,54576.967684
R688:54576.963877,0.030751,54576.967817,54576.967826,54576.998577
R689:54577.128371,0.073225,54577.128417,54577.128844,54577.202483
R690:54577.202021,0.025152,54577.202053,54577.202558,54577.227712
R691:54577.248872,0.038098,54577.248906,54577.249203,54577.287302
R692:54577.533632,0.063253,54577.533665,54577.534087,54577.597891
R693:54577.569903,0.026248,54577.574125,54577.597929,54577.625000
R694:54577.624208,0.069104,54577.624256,54577.625046,54577.694150
R695:54577.625278,0.052160,54577.625302,54577.694209,54577.746369
R696:54577.662214,0.082033,54577.666314,54577.746407,54577.828441
R697:54577.664190,0.042010,54577.666319,54577.828512,54577.870523
R698:54577.694868,0.001745,54577.694894,54577.870558,54577.872303
R699:54577.698499,0.078586,54577.735287,54577.872315,54577.950902
R700:54577.791697,0.038781,54577.791730,54577.950955,54577.989737
R701:54577.794102,0.028072,54577.828498,54577.989789,54578.017861
R702:54577.819513,0.026699,54577.828500,54578.017900,54578.044600
R703:54577.821100,0.148511,54577.828501,54578.044631,54578.193144
R704:54577.872963,0.014712,54577.872998,54578.193223,54578.207936
R705:54578.002193,0.025535,54578.002349,54578.207957,54578.233492
R706:54578.082135,0.061378,54578.082182,54578.233526,54578.294905
R707:54578.148590,0.004684,54578.148632,54578.294973,54578.299658
R708:54578.318146,0.035969,54578.318181,54578.318620,54578.354589
R709:54578.352873,0.028895,54578.352924,54578.354626,54578.383521
R710:54578.396121,0.143307,54578.396151,54578.396477,54578.539785
R711:54578.415385,0.017280,54578.437188,54578.539847,54578.557143
R712:54578.421124,0.032129,54578.437197,54578.557161,54578.589290
R713:54578.507950,0.081646,54578.507987,54578.589338,54578.670985
R714:54578.631661,0.050427,54578.631940,54578.671064,54578.721491
R715:54578.677140,0.039360,54578.677297,54578.721544,54578.760905
R716:54578.734531,0.130383,54578.734586,54578.760973,54578.891357
R717:54578.747676,0.010879,54578.747726,54578.891404,54578.902284
R718:54578.977143,0.038573,54578.977174,54578.977203,54579.015777
R719:54579.003210,0.011984,54579.015813,54579.015824,54579.027809
R720:54579.013001,0.098938,54579.015815,54579.027853,54579.126792
R721:54579.111526,0.029241,54579.111556,54579.126835,54579.156076
R722:54579.171125,0.039507,54579.171215,54579.171226,54579.210733
R723:54579.223951,0.252011,54579.223985,54579.224047,54579.476059
R724:54579.271775,0.001526,54579.271812,54579.476112,54579.477639
R725:54579.275820,0.019360,54579.275868,54579.477665,54579.497026
R726:54579.311476,0.036599,54579.311529,54579.497047,54579.533647
R727:54579.537707,0.064074,54579.537739,54579.537904,54579.601979
R728:54579.597553,0.032108,54579.597596,54579.602004,54579.634113
R729:54579.908777,0.034806,54579.908821,54579.909290,54579.944096
R730:54579.955670,0.006618,54579.955710,54579.956105,54579.962723
R731:54579.962976,0.016698,54579.962992,54579.963222,54579.979920
R732:54579.965999,0.001054,54579.979983,54579.979997,54579.981052
R733:54579.969259,0.024739,54579.979986,54579.981099,54580.005839
R734:54580.010118,0.048869,54580.010199,54580.010879,54580.059748
R735:54580.061395,0.021623,54580.061422,54580.061748,54580.083372
R736:54580.119284,0.012196,54580.119543,54580.119574,54580.131771
R737:54580.160976,0.002787,54580.161062,54580.161195,54580.163982
R738:54580.259852,0.019733,54580.259950,54580.260190,54580.279924
R739:54580.349865,0.086254,54580.350036,54580.350333,54580.436588
R740:54580.353090,0.032715,54580.390307,54580.436640,54580.469356
R741:54580.380666,0.019972,54580.390312,54580.469401,54580.489374
R742:54580.390328,0.070559,54580.390344,54580.489431,54580.559990
R743:54580.839407,0.243663,54580.839457,54580.839883,54581.083546
R744:54580.842815,0.043221,54580.842832,54581.083613,54581.126834
R745:54580.859238,0.020705,54580.859268,54581.126874,54581.147580
R746:54580.901886,0.038848,54580.901939,54581.147605,54581.186454
R747:54580.977942,0.069905,54580.977989,54581.186952,54581.256858
R748:54581.039424,0.005404,54581.039502,54581.256915,54581.262319
R749:54581.091158,0.006368,54581.091199,54581.262332,54581.268700
R750:54581.101030,0.068646,54581.101057,54581.268718,54581.337365
R751:54581.182452,0.011888,54581.182498,54581.337414,54581.349303
R752:54581.224034,0.015364,54581.224142,54581.349355,54581.364719
R753:54581.431001,0.064690,54581.431066,54581.431175,54581.495865
R754:54581.450476,0.018812,54581.473999,54581.495919,54581.514731
R755:54581.506466,0.146696,54581.506506,54581.514793,54581.661489
R756:54581.556439,0.058640,54581.556467,54581.661523,54581.720164
R757:54581.655427,0.078751,54581.655481,54581.720196,54581.798948
R758:54581.675882,0.019860,54581.675916,54581.799004,54581.818865
R759:54581.713115,0.056448,54581.716289,54581.818908,54581.875356
R760:54581.809533,0.016368,54581.809574,54581.875392,54581.891761
R761:54581.957782,0.046975,54581.957865,54581.957988,54582.004965
R762:54581.958931,0.050901,54581.998106,54582.004997,54582.055898
R763:54582.065942,0.023937,54582.065981,54582.066320,54582.090257
R764:54582.094149,0.035194,54582.094174,54582.094539,54582.129734
R765:54582.178703,0.031487,54582.178756,54582.179305,54582.210793
R766:54582.222238,0.176496,54582.222290,54582.222887,54582.399383
R767:54582.240550,0.012108,54582.263195,54582.399432,54582.411540
R768:54582.311606,0.144746,54582.311656,54582.411557,54582.556304
R769:54582.328587,0.087405,54582.328646,54582.556361,54582.643767
R770:54582.505465,0.033515,54582.505519,54582.643848,54582.677365
R771:54582.524306,0.002671,54582.524370,54582.677425,54582.680096
R772:54582.617075,0.002503,54582.617126,54582.680106,54582.682610
R773:54582.629539,0.049121,54582.643836,54582.682635,54582.731757
R774:54582.746167,0.049760,54582.746321,54582.746332,54582.796092
R775:54582.775978,0.016644,54582.787342,54582.796167,54582.812836
R776:54582.798905,0.019131,54582.798941,54582.812868,54582.831999
R777:54582.949653,0.065264,54582.949735,54582.949751,54583.015016
R778:54583.089208,0.014680,54583.089292,54583.089888,54583.104569
R779:54583.285484,0.059824,54583.285540,54583.285580,54583.345405
R780:54583.292825,0.046998,54583.326360,54583.345482,54583.392480
R781:54583.382091,0.000591,54583.382147,54583.392545,54583.393165
R782:54583.393576,0.092861,54583.393614,54583.393940,54583.486802
R783:54583.448749,0.084449,54583.448811,54583.486916,54583.571366
R784:54583.465990,0.009175,54583.486899,54583.571411,54583.580587
R785:54583.564092,0.002399,54583.564126,54583.580607,54583.583006
R786:54583.628476,0.026713,54583.628965,54583.628973,54583.656870
R787:54583.695310,0.090106,54583.695842,54583.695850,54583.785957
R788:54583.701914,0.143998,54583.736296,54583.786014,54583.930012
R789:54583.740878,0.091427,54583.741861,54583.930128,54584.021555
R790:54583.779714,0.071958,54583.780323,54584.021609,54584.093568
R791:54583.833372,0.033057,54583.834428,54584.093673,54584.126732
R792:54583.843224,0.000746,54583.874178,54584.126792,54584.127539
R793:54583.850659,0.001906,54583.874183,54584.127569,54584.129476
R794:54583.867723,0.019429,54583.874203,54584.129524,54584.148953
R795:54583.888304,0.001472,54583.888464,54584.149003,54584.150475
R796:54583.972271,0.115211,54583.972378,54584.150490,54584.265701
R797:54584.140394,0.035809,54584.140537,54584.265791,54584.301601
R798:54584.143890,0.015569,54584.144014,54584.301670,54584.317242
R799:54584.229815,0.038033,54584.229913,54584.317287,54584.355346
R800:54584.254800,0.171895,54584.265776,54584.355386,54584.527282
R801:54584.290588,0.004788,54584.301655,54584.527355,54584.532143
R802:54584.344819,0.056715,54584.344906,54584.532163,54584.588884
R803:54584.375014,0.093050,54584.375145,54584.588940,54584.681991
R804:54584.538679,0.024470,54584.538772,54584.682045,54584.706517
R805:54584.600453,0.010934,54584.600535,54584.706570,54584.717505
R806:54584.672708,0.082078,54584.672808,54584.717529,54584.799608
R807:54584.683097,0.013112,54584.683169,54584.799646,54584.812760
R808:54584.754586,0.111660,54584.754678,54584.812786,54584.924447
R809:54584.862569,0.004736,54584.862663,54584.924979,54584.929716
R810:54584.882465,0.000162,54584.882543,54584.929733,54584.929895
R811:54584.897830,0.007899,54584.897926,54584.929897,54584.937797
R812:54584.906176,0.008726,54584.906294,54584.937813,54584.946539
R813:54585.052444,0.052128,54585.052536,54585.052548,54585.104677
R814:54585.119666,0.207392,54585.119797,54585.119809,54585.327203
R815:54585.155159,0.099359,54585.156357,54585.327296,54585.426655
R816:54585.168018,0.071271,54585.168163,54585.426713,54585.497984
R817:54585.358022,0.020311,54585.358678,54585.498033,54585.518345
R818:54585.550914,0.106262,54585.551078,54585.551118,54585.657382
R819:54585.587144,0.003102,54585.587258,54585.657521,54585.660623
R820:54585.599806,0.099078,54585.599904,54585.660692,54585.759771
R821:54585.619558,0.027020,54585.619736,54585.759833,54585.786855
R822:54585.638555,0.138036,54585.638716,54585.786905,54585.924942
R823:54585.707953,0.033628,54585.708078,54585.925065,54585.958698
R824:54585.776526,0.123996,54585.776732,54585.958741,54586.082738
R825:54585.888797,0.002269,54585.888973,54586.082805,54586.085075
R826:54585.943699,0.060089,54585.943785,54586.085137,54586.145281
R827:54586.101355,0.086545,54586.101421,54586.145316,54586.231862
R828:54586.114854,0.094201,54586.142156,54586.231909,54586.326139
R829:54586.238252,0.016926,54586.238319,54586.326195,54586.343126
R830:54586.278076,0.052551,54586.279273,54586.343152,54586.395745
R831:54586.390127,0.076692,54586.390334,54586.395809,54586.472501
R832:54586.401430,0.005509,54586.401503,54586.472576,54586.478108
R833:54586.435127,0.094178,54586.442183,54586.478125,54586.572304
R834:54586.443220,0.017580,54586.443281,54586.572354,54586.589935
R835:54586.705547,0.014553,54586.705629,54586.705725,54586.720279
R836:54586.854882,0.008998,54586.854994,54586.855804,54586.864802
R837:54586.865782,0.087739,54586.865846,54586.866198,54586.953938
R838:54586.935294,0.019150,54586.935393,54586.953988,54586.973139
R839:54586.942205,0.133693,54586.942282,54586.973192,54587.106886
R840:54586.966217,0.113466,54586.966303,54587.106940,54587.220408
R841:54586.983221,0.008357,54586.983320,54587.220470,54587.228828
R842:54587.215428,0.009069,54587.215572,54587.228876,54587.237945
R843:54587.272698,0.030389,54587.272786,54587.272906,54587.303296
R844:54587.508084,0.029631,54587.508223,54587.508608,54587.538240
R845:54587.509157,0.093582,54587.538346,54587.538361,54587.631944
R846:54587.594030,0.111616,54587.594101,54587.632001,54587.743618
R847:54587.600595,0.035419,54587.600669,54587.743675,54587.779094
R848:54587.663084,0.069026,54587.663110,54587.779195,54587.848221
R849:54588.027375,0.200813,54588.027490,54588.027509,54588.228323
R850:54588.054991,0.015300,54588.055062,54588.228386,54588.243687
R851:54588.058021,0.011381,54588.058058,54588.243721,54588.255103
R852:54588.074837,0.117452,54588.074902,54588.255152,54588.372604
R853:54588.109948,0.037725,54588.109999,54588.372666,54588.410392
R854:54588.111994,0.021331,54588.112021,54588.410452,54588.431784
R855:54588.127882,0.030548,54588.127928,54588.431844,54588.462392
R856:54588.166595,0.028648,54588.166649,54588.462462,54588.491111
R857:54588.187572,0.091588,54588.187603,54588.491156,54588.582744
R858:54588.246865,0.044323,54588.246898,54588.582827,54588.627171
R859:54588.304629,0.047847,54588.304683,54588.627220,54588.675068
R860:54588.326690,0.001934,54588.345307,54588.675191,54588.677126
R861:54588.329076,0.007110,54588.345312,54588.677186,54588.684303
R862:54588.367883,0.004852,54588.367928,54588.684391,54588.689244
R863:54588.535964,0.131351,54588.536092,54588.689382,54588.820733
R864:54588.601728,0.271541,54588.602629,54588.820828,54589.092370
R865:54588.718134,0.108591,54588.718185,54589.092475,54589.201067
R866:54588.869995,0.007786,54588.870134,54589.201140,54589.208926
R867:54588.889161,0.058165,54588.889296,54589.208972,54589.267138
R868:54588.895305,0.006405,54588.895375,54589.267210,54589.273616
R869:54588.898921,0.015836,54588.898941,54589.273646,54589.289483
R870:54588.914419,0.056671,54588.914494,54589.289511,54589.346199
R871:54588.954219,0.062142,54588.954282,54589.346672,54589.408818
R872:54589.035911,0.020755,54589.035948,54589.408882,54589.429638
R873:54589.043719,0.062983,54589.043740,54589.429705,54589.492689
R874:54589.094023,0.093739,54589.094120,54589.492755,54589.586495
R875:54589.258935,0.164354,54589.259115,54589.586536,54589.750890
R876:54589.284897,0.079054,54589.285007,54589.750951,54589.830005
R877:54589.420704,0.084423,54589.420760,54589.830056,54589.914497
R878:54589.427218,0.066459,54589.429690,54589.914607,54589.981067
R879:54589.563785,0.065057,54589.564118,54589.981119,54590.046177
R880:54589.649577,0.052862,54589.649734,54590.046234,54590.099097
R881:54589.733916,0.231088,54589.733985,54590.099175,54590.330264
R882:54589.793653,0.060771,54589.793693,54590.330313,54590.391085
R883:54589.894655,0.093387,54589.894761,54590.391139,54590.484565
R884:54589.967060,0.112694,54589.967110,54590.484625,54590.597320
R885:54590.077328,0.017208,54590.077368,54590.597379,54590.614888
R886:54590.086355,0.093421,54590.099160,54590.614959,54590.708389
R887:54590.140708,0.058125,54590.140757,54590.708507,54590.767582
R888:54590.141772,0.040363,54590.141811,54590.767687,54590.837005
R889:54590.155160,0.005995,54590.155291,54590.837025,54590.868594
R890:54590.187828,0.066538,54590.187893,54590.868840,54590.935379
R891:54590.220157,0.016779,54590.220248,54590.935438,54590.952218
R892:54590.225879,0.009366,54590.225944,54590.952270,54590.961636
R893:54590.273539,0.026953,54590.273611,54590.961684,54590.988638
R894:54590.280741,0.092633,54590.280809,54590.988694,54591.081327
R895:54590.428782,0.050675,54590.428831,54591.081367,54591.132043
R896:54590.438617,0.071001,54590.469298,54591.132099,54591.203100
R897:54590.481828,0.017305,54590.481895,54591.203142,54591.220448
R898:54590.544548,0.018187,54590.544789,54591.220494,54591.238705
R899:54590.584992,0.016799,54590.585229,54591.238750,54591.255549
R900:54590.595222,0.014724,54590.595375,54591.255708,54591.270433
R901:54590.610487,0.074144,54590.610931,54591.270454,54591.344599
R902:54590.665292,0.043277,54590.665359,54591.344646,54591.387924
R903:54590.680433,0.016849,54590.704215,54591.387974,54591.404824
R904:54590.719221,0.099700,54590.719279,54591.404871,54591.504571
R905:54590.728651,0.038139,54590.762290,54591.504624,54591.542802
R906:54590.763121,0.032188,54590.764099,54591.542866,54591.575054
R907:54590.866537,0.006937,54590.866616,54591.575152,54591.582097
R908:54590.974489,0.125661,54590.974650,54591.582168,54591.707829
R909:54591.040708,0.040107,54591.040739,54591.707882,54591.747990
R910:54591.090540,0.058677,54591.090593,54591.748042,54591.806720
R911:54591.181139,0.014916,54591.181180,54591.806766,54591.821683
R912:54591.194701,0.084615,54591.194829,54591.821711,54591.906327
R913:54591.232757,0.120802,54591.232879,54591.906376,54592.027179
R914:54591.284733,0.058330,54591.284784,54592.027210,54592.085541
R915:54591.293292,0.019340,54591.325206,54592.085599,54592.104939
R916:54591.307356,0.074062,54591.325214,54592.105005,54592.179068
R917:54591.487638,0.002269,54591.487722,54592.179599,54592.181869
R918:54591.494932,0.040383,54591.504640,54592.181926,54592.222337
R919:54591.523329,0.033172,54591.542875,54592.222368,54592.255541
R920:54591.549030,0.065374,54591.575123,54592.255568,54592.320943
R921:54591.582939,0.000884,54591.583117,54592.320981,54592.321865
R922:54591.584547,0.090784,54591.623385,54592.321882,54592.412666
R923:54591.598955,0.094753,54591.623389,54592.412727,54592.507481
R924:54591.609115,0.059096,54591.623406,54592.507569,54592.566701
R925:54591.697785,0.036536,54591.697853,54592.566753,54592.603289
R926:54591.730275,0.044581,54591.730430,54592.603369,54592.647951
R927:54591.760903,0.089507,54591.761187,54592.648002,54592.737510
R928:54591.854982,0.019791,54591.855163,54592.737562,54592.757367
R929:54591.887893,0.037407,54591.888073,54592.757405,54592.794813
R930:54591.973273,0.140569,54591.973312,54592.794888,54592.935458
R931:54591.974465,0.159827,54592.014127,54592.935496,54593.095433
R932:54592.092114,0.141775,54592.092144,54593.095552,54593.237331
R933:54592.171599,0.003325,54592.173195,54593.237905,54593.241231
R934:54592.173620,0.020315,54592.179283,54593.241258,54593.261574
R935:54592.216641,0.122297,54592.216790,54593.261596,54593.383894
R936:54592.266685,0.041945,54592.266712,54593.383942,54593.425888
R937:54592.270868,0.015570,54592.307233,54593.425957,54593.441528
R938:54592.438240,0.004057,54592.438426,54593.441554,54593.445612
R939:54592.471164,0.008798,54592.479205,54593.445623,54593.454422
R940:54592.479951,0.036552,54592.480775,54593.454436,54593.490989
R941:54592.573195,0.008438,54592.573339,54593.491068,54593.499507
R942:54592.644906,0.030455,54592.645112,54593.499581,54593.530037
R943:54592.652527,0.036131,54592.652559,54593.530127,54593.566260
R944:54592.931122,0.065864,54592.931156,54593.566318,54593.632574
R945:54593.027064,0.080092,54593.027104,54593.632638,54593.712731
R946:54593.029849,0.109821,54593.067189,54593.712766,54593.822588
R947:54593.099687,0.024269,54593.099734,54593.822645,54593.846915
R948:54593.188818,0.071571,54593.188870,54593.846974,54593.918545
R949:54593.300020,0.019691,54593.300099,54593.918596,54593.938287
R950:54593.337779,0.314409,54593.337823,54593.938341,54594.252751
R951:54593.344601,0.008618,54593.344937,54594.252780,54594.261398
R952:54593.362537,0.009301,54593.362593,54594.261449,54594.270751
R953:54593.415007,0.177105,54593.415063,54594.270803,54594.447908
R954:54593.449942,0.039172,54593.449984,54594.447986,54594.487209
R955:54593.467965,0.000956,54593.468041,54594.487231,54594.488187
R956:54593.477016,0.083616,54593.477042,54594.488333,54594.571949
R957:54593.481136,0.009339,54593.491056,54594.572009,54594.581484
R958:54593.493193,0.008871,54593.499568,54594.581508,54594.590380
R959:54593.512866,0.002637,54593.530112,54594.590394,54594.593054
R960:54593.585129,0.064762,54593.585197,54594.593069,54594.657832
R961:54593.726015,0.041819,54593.726077,54594.657893,54594.699713
R962:54593.844745,0.046752,54593.844841,54594.699773,54594.746526
R963:54593.904619,0.029446,54593.904665,54594.746582,54594.776029
R964:54594.093651,0.025554,54594.093691,54594.776059,54594.801613
R965:54594.122944,0.031123,54594.134273,54594.801662,54594.832786
R966:54594.215258,0.000476,54594.215298,54594.832830,54594.833313
R967:54594.247253,0.166558,54594.247579,54594.833321,54594.999880
R968:54594.308784,0.002438,54594.308901,54594.999966,54595.002405
R969:54594.321535,0.027835,54594.349241,54595.002566,54595.030410
R970:54594.492950,0.003505,54594.492994,54595.030461,54595.033988
R971:54594.549285,0.052851,54594.549365,54595.034073,54595.086925
R972:54594.586532,0.048387,54594.586991,54595.086986,54595.135373
R973:54594.719682,0.008022,54594.719817,54595.135422,54595.143451
R974:54594.828177,0.035441,54594.828250,54595.143490,54595.178933
R975:54594.923793,0.056558,54594.923927,54595.179075,54595.235634
R976:54594.938051,0.002537,54594.964100,54595.235684,54595.238221
R977:54594.955195,0.094495,54594.964106,54595.238238,54595.332734
R978:54594.973407,0.010867,54594.973475,54595.332787,54595.343655
R979:54595.040434,0.001284,54595.040478,54595.343699,54595.344984
R980:54595.062371,0.003338,54595.081196,54595.345088,54595.348459
R981:54595.119017,0.253950,54595.119062,54595.348509,54595.602460
R982:54595.161054,0.005851,54595.161105,54595.602527,54595.608379
R983:54595.165982,0.014603,54595.166058,54595.608402,54595.623006
R984:54595.364572,0.111895,54595.364688,54595.623067,54595.734963
R985:54595.376465,0.069069,54595.405259,54595.735031,54595.804101
R986:54595.448546,0.006735,54595.448575,54595.804161,54595.810900
R987:54595.651492,0.091911,54595.651717,54595.810917,54595.902829
R988:54595.684052,0.012691,54595.684107,54595.902873,54595.915571
R989:54595.770412,0.037614,54595.770455,54595.915609,54595.953223
R990:54596.053528,0.010459,54596.053567,54596.053694,54596.064153
R991:54596.135907,0.168897,54596.135952,54596.136066,54596.304964
R992:54596.150422,0.029902,54596.176175,54596.305032,54596.334935
R993:54596.167487,0.112749,54596.176179,54596.334981,54596.447731
R994:54596.273229,0.005758,54596.273271,54596.447783,54596.453576
R995:54596.338471,0.013784,54596.338493,54596.454121,54596.467906
R996:54596.497191,0.026315,54596.497247,54596.497393,54596.523709
R997:54596.509235,0.014213,54596.509283,54596.523770,54596.538266
R998:54596.526107,0.010705,54596.526144,54596.538313,54596.549019
R999:54596.572037,0.056607,54596.572126,54596.572258,54596.628866
R1000:54596.615608,0.009977,54596.615644,54596.628933,54596.638911
R1001:54596.621355,0.002410,54596.628921,54596.638958,54596.641369
R1002:54596.656206,0.087927,54596.656307,54596.656315,54596.744243
R1003:54596.679603,0.002722,54596.679752,54596.744288,54596.747011
R1004:54596.816649,0.104819,54596.816834,54596.816844,54596.921663
R1005:54596.820320,0.076579,54596.820392,54596.921718,54596.998298
R1006:54596.875160,0.077495,54596.875507,54596.998441,54597.075937
R1007:54596.879841,0.018126,54596.879936,54597.075985,54597.094112
R1008:54596.966687,0.041561,54596.966829,54597.094185,54597.135746
R1009:54596.984002,0.107407,54596.984136,54597.135797,54597.243204
R1010:54596.998562,0.006373,54596.998624,54597.243265,54597.249639
R1011:54597.068742,0.093749,54597.068908,54597.249699,54597.343461
R1012:54597.077334,0.022232,54597.077637,54597.343501,54597.365734
R1013:54597.125283,0.002487,54597.125441,54597.365771,54597.368259
R1014:54597.131786,0.045166,54597.135787,54597.368275,54597.413442
R1015:54597.183306,0.050769,54597.183338,54597.413472,54597.464241
R1016:54597.264502,0.008280,54597.264785,54597.464287,54597.472567
R1017:54597.358766,0.004309,54597.358809,54597.472586,54597.476895
R1018:54597.431213,0.042521,54597.431245,54597.476944,54597.519465
R1019:54597.676959,0.001636,54597.677155,54597.677719,54597.679356
R1020:54597.686219,0.063155,54597.686264,54597.686323,54597.749480
R1021:54597.723709,0.036254,54597.727186,54597.749524,54597.785779
R1022:54597.829602,0.041699,54597.829656,54597.829811,54597.871510
R1023:54597.873671,0.067895,54597.873698,54597.873753,54597.941649
R1024:54597.980857,0.000959,54597.980907,54597.981564,54597.982523
R1025:54597.989672,0.081338,54597.989706,54597.990101,54598.071440
R1026:54598.051262,0.069382,54598.051298,54598.071487,54598.140870
R1027:54598.060685,0.055065,54598.060707,54598.140927,54598.195992
R1028:54598.126490,0.068158,54598.126621,54598.196020,54598.264213
R1029:54598.133943,0.054083,54598.140915,54598.264239,54598.318323
R1030:54598.212761,0.029195,54598.212904,54598.318560,54598.347755
R1031:54598.238946,0.006085,54598.239117,54598.347821,54598.353907
R1032:54598.261596,0.205211,54598.261629,54598.353950,54598.559163
R1033:54598.318294,0.042807,54598.318546,54598.559214,54598.602022
R1034:54598.332498,0.020226,54598.347809,54598.602060,54598.622287
R1035:54598.383478,0.000307,54598.383517,54598.622349,54598.622656
R1036:54598.442108,0.027528,54598.442163,54598.622663,54598.650192
R1037:54598.445438,0.040472,54598.445497,54598.650249,54598.690722
R1038:54598.491687,0.020899,54598.491758,54598.690768,54598.711668
R1039:54598.774023,0.006348,54598.774117,54598.774170,54598.780518
R1040:54598.796343,0.128714,54598.796390,54598.796911,54598.925626
R1041:54598.824425,0.034585,54598.837095,54598.925673,54598.960258
R1042:54598.984477,0.042518,54598.984552,54598.985095,54599.027614
R1043:54599.054719,0.076488,54599.054775,54599.055349,54599.131838
R1044:54599.066250,0.107248,54599.066299,54599.132007,54599.239257
R1045:54599.090168,0.053328,54599.090214,54599.239329,54599.292659
R1046:54599.127508,0.067949,54599.127584,54599.292719,54599.360669
R1047:54599.152397,0.126345,54599.152442,54599.360762,54599.487108
R1048:54599.244615,0.171431,54599.244672,54599.487139,54599.658571
R1049:54599.325985,0.016622,54599.326069,54599.658618,54599.675241
R1050:54599.369004,0.005417,54599.369102,54599.675315,54599.680734
R1051:54599.392234,0.021555,54599.410336,54599.680786,54599.702342
R1052:54599.414264,0.083245,54599.414285,54599.702408,54599.785654
R1053:54599.461783,0.036193,54599.461906,54599.785693,54599.821887
R1054:54599.610053,0.011332,54599.610102,54599.821918,54599.833259
R1055:54599.621584,0.035977,54599.651318,54599.833359,54599.869337
R1056:54599.685371,0.040710,54599.685414,54599.869963,54599.910675
R1057:54599.694381,0.080649,54599.702395,54599.910732,54599.991383
R1058:54599.695411,0.009870,54599.702398,54599.991444,54600.001315
R1059:54599.704677,0.029586,54599.744183,54600.001384,54600.030970
R1060:54599.760402,0.001446,54599.760467,54600.031024,54600.032470
R1061:54599.765513,0.024492,54599.765667,54600.032480,54600.056972
R1062:54599.773257,0.103116,54599.773380,54600.056995,54600.160112
R1063:54599.866234,0.034473,54599.866279,54600.160170,54600.194644
R1064:54599.889841,0.081142,54599.889886,54600.194676,54600.275819
R1065:54600.005278,0.007581,54600.005334,54600.275879,54600.283460
R1066:54600.101276,0.003626,54600.101312,54600.283519,54600.287148
R1067:54600.249656,0.028230,54600.249715,54600.287335,54600.315565
R1068:54600.292112,0.025208,54600.292151,54600.315617,54600.340826
R1069:54600.425330,0.001686,54600.425424,54600.425590,54600.427277
R1070:54600.608617,0.043479,54600.608670,54600.609322,54600.652802
R1071:54600.665844,0.064614,54600.665905,54600.666402,54600.731016
R1072:54600.715352,0.040876,54600.715425,54600.731068,54600.772271
R1073:54600.724759,0.015572,54600.724809,54600.772361,54600.787934
R1074:54600.771817,0.005837,54600.771859,54600.787964,54600.793801
R1075:54600.855674,0.080391,54600.855761,54600.855908,54600.936302
R1076:54600.934141,0.084823,54600.934192,54600.936445,54601.021268
R1077:54600.943634,0.120543,54600.943717,54601.021323,54601.141867
R1078:54600.956715,0.034092,54600.984707,54601.141923,54601.176051
R1079:54601.029887,0.037742,54601.029939,54601.176093,54601.213836
R1080:54601.062830,0.010499,54601.070120,54601.213862,54601.224362
R1081:54601.084966,0.011303,54601.085046,54601.224456,54601.235760
R1082:54601.154800,0.008807,54601.154842,54601.235847,54601.244654
R1083:54601.174103,0.007546,54601.174149,54601.244714,54601.252260
R1084:54601.237403,0.043406,54601.237487,54601.252317,54601.295724
R1085:54601.289275,0.008495,54601.289318,54601.295901,54601.304397
R1086:54601.301642,0.063541,54601.301758,54601.304504,54601.368046
R1087:54601.314241,0.017763,54601.314399,54601.368159,54601.385922
R1088:54601.448792,0.026185,54601.448851,54601.448910,54601.475115
R1089:54601.469365,0.000780,54601.469414,54601.475173,54601.475954
R1090:54601.521730,0.016484,54601.521765,54601.521833,54601.538318
R1091:54601.567440,0.053434,54601.567472,54601.567676,54601.621111
R1092:54601.673088,0.000106,54601.673173,54601.673183,54601.673289
R1093:54601.679689,0.077330,54601.679775,54601.680380,54601.757710
R1094:54601.732190,0.184876,54601.732245,54601.757774,54601.942651
R1095:54601.775250,0.078851,54601.775294,54601.942707,54602.021559
R1096:54601.799209,0.219290,54601.818187,54602.021595,54602.240885
R1097:54601.810531,0.027579,54601.818192,54602.240954,54602.268534
R1098:54602.151709,0.049641,54602.151743,54602.268838,54602.318480
R1099:54602.161904,0.061298,54602.161948,54602.318524,54602.379823
R1100:54602.213910,0.066831,54602.213956,54602.379888,54602.446720
R1101:54602.228775,0.023170,54602.228809,54602.446770,54602.469941
R1102:54602.353027,0.068205,54602.353195,54602.470005,54602.538211
R1103:54602.392074,0.066315,54602.392131,54602.538266,54602.604582
R1104:54602.461546,0.013491,54602.461591,54602.604648,54602.618141
R1105:54602.472240,0.055421,54602.472333,54602.618196,54602.673617
R1106:54602.559354,0.041642,54602.559467,54602.673657,54602.715300
R1107:54602.605585,0.047707,54602.605671,54602.715368,54602.763076
R1108:54602.631022,0.111867,54602.631069,54602.763120,54602.874988
R1109:54602.683797,0.003293,54602.683851,54602.875110,54602.878403
R1110:54602.716335,0.063440,54602.716458,54602.878434,54602.941874
R1111:54602.843390,0.001683,54602.843522,54602.941940,54602.943623
R1112:54602.965974,0.095825,54602.966018,54602.966113,54603.061939
R1113:54603.043375,0.096696,54603.043421,54603.062018,54603.158715
R1114:54603.082592,0.001066,54603.082646,54603.158777,54603.159844
R1115:54603.126338,0.058896,54603.126389,54603.159862,54603.218759
R1116:54603.179360,0.027645,54603.179400,54603.218778,54603.246424
R1117:54603.268564,0.012106,54603.268625,54603.269156,54603.281262
R1118:54603.272751,0.065991,54603.281349,54603.281354,54603.347346
R1119:54603.284376,0.019369,54603.322232,54603.347397,54603.366767
R1120:54603.471259,0.060133,54603.471920,54603.471928,54603.532062
R1121:54603.689154,0.033340,54603.695510,54603.695535,54603.728876
R1122:54603.984297,0.019103,54603.984349,54603.984951,54604.004568
R1123:54604.003633,0.089218,54604.003674,54604.004611,54604.093830
R1124:54604.010406,0.034998,54604.010426,54604.093893,54604.128891
R1125:54604.025292,0.004130,54604.051143,54604.128917,54604.133048
R1126:54604.166748,0.069912,54604.166807,54604.167478,54604.237391
R1127:54604.182635,0.131975,54604.182691,54604.237450,54604.369426
R1128:54604.190297,0.042132,54604.190384,54604.369481,54604.411613
R1129:54604.248724,0.004617,54604.248778,54604.411652,54604.416273
R1130:54604.344915,0.021230,54604.344966,54604.416290,54604.437520
R1131:54604.401103,0.021453,54604.401150,54604.437546,54604.459000
R1132:54604.495950,0.092649,54604.495985,54604.496055,54604.588759
R1133:54604.588359,0.140497,54604.588428,54604.588786,54604.729284
R1134:54604.640791,0.036025,54604.640831,54604.729353,54604.765378
R1135:54604.694860,0.039412,54604.694925,54604.765450,54604.804863
R1136:54604.714048,0.014521,54604.714084,54604.804939,54604.819461
R1137:54604.729397,0.032494,54604.729422,54604.819610,54604.852111
R1138:54604.731644,0.007165,54604.765437,54604.852150,54604.859316
R1139:54604.784724,0.075799,54604.804926,54604.859341,54604.935294
R1140:54604.808124,0.011522,54604.819532,54604.935352,54604.946885
R1141:54604.872004,0.097996,54604.872116,54604.947025,54605.045022
R1142:54604.995852,0.178882,54604.995911,54605.045080,54605.223963
R1143:54605.196717,0.041578,54605.196777,54605.224013,54605.265591
R1144:54605.294977,0.042403,54605.295043,54605.295103,54605.337506
R1145:54605.344883,0.007078,54605.344948,54605.345051,54605.352130
R1146:54605.411844,0.028380,54605.411921,54605.412129,54605.440510
R1147:54605.568496,0.058302,54605.568727,54605.568785,54605.627275
R1148:54605.609945,0.002292,54605.610286,54605.627351,54605.629643
R1149:54605.630535,0.095660,54605.630636,54605.630779,54605.726440
R1150:54605.692982,0.109981,54605.693015,54605.726509,54605.836492
R1151:54605.744961,0.073785,54605.745112,54605.836569,54605.910355
R1152:54605.782239,0.028084,54605.785487,54605.910397,54605.938482
R1153:54605.791918,0.062033,54605.792168,54605.938507,54606.000541
R1154:54605.810718,0.040964,54605.810890,54606.000629,54606.041594
R1155:54605.862940,0.011168,54605.862976,54606.041642,54606.052810
R1156:54605.905680,0.021609,54605.905719,54606.052858,54606.074467
R1157:54605.996682,0.064338,54605.996835,54606.074608,54606.138948
R1158:54606.001663,0.093876,54606.001688,54606.139022,54606.232898
R1159:54606.028175,0.099918,54606.041655,54606.232946,54606.332864
R1160:54606.051127,0.141765,54606.052848,54606.332934,54606.474700
R1161:54606.086751,0.020511,54606.086790,54606.474758,54606.495271
R1162:54606.440905,0.032440,54606.441138,54606.495330,54606.527771
R1163:54606.471952,0.052599,54606.472091,54606.527816,54606.580416
R1164:54606.474773,0.052935,54606.474798,54606.580474,54606.633410
R1165:54606.522203,0.004191,54606.522252,54606.633471,54606.637662
R1166:54606.567108,0.115579,54606.567151,54606.637692,54606.753272
R1167:54606.617694,0.057514,54606.617792,54606.753303,54606.810817
R1168:54606.738627,0.005327,54606.738777,54606.810859,54606.816186
R1169:54606.765561,0.112173,54606.765651,54606.816242,54606.928429
R1170:54606.798663,0.108348,54606.806193,54606.928479,54607.036827
R1171:54606.866924,0.027701,54606.866970,54607.036885,54607.064587
R1172:54606.873322,0.008325,54606.907217,54607.064649,54607.072974
R1173:54606.890470,0.040973,54606.907220,54607.072991,54607.113966
R1174:54606.900813,0.028783,54606.907220,54607.114023,54607.142807
R1175:54606.900919,0.027167,54606.907222,54607.142869,54607.170036
R1176:54606.935657,0.027255,54606.935699,54607.170094,54607.197350
R1177:54606.965829,0.069995,54606.976114,54607.197403,54607.267399
R1178:54607.054374,0.075842,54607.054496,54607.267431,54607.343274
R1179:54607.197524,0.027207,54607.197547,54607.343983,54607.371191
R1180:54607.230196,0.118911,54607.238121,54607.371245,54607.490157
R1181:54607.266150,0.186348,54607.266184,54607.490220,54607.676568
R1182:54607.309804,0.021682,54607.309833,54607.676619,54607.698301
R1183:54607.413278,0.007473,54607.413310,54607.698334,54607.705808
R1184:54607.480861,0.002757,54607.480933,54607.705832,54607.708590
R1185:54607.519061,0.006007,54607.519129,54607.708599,54607.714607
R1186:54607.521524,0.006780,54607.559467,54607.714634,54607.721415
R1187:54607.696816,0.009649,54607.696871,54607.721435,54607.731085
R1188:54607.745641,0.058200,54607.745928,54607.746030,54607.804231
R1189:54607.767240,0.016466,54607.787193,54607.804280,54607.820747
R1190:54607.851217,0.008635,54607.851271,54607.851412,54607.860048
R1191:54607.859858,0.035099,54607.860147,54607.860165,54607.895265
R1192:54607.935646,0.030392,54607.935735,54607.936251,54607.966644
R1193:54607.990026,0.032348,54607.990103,54607.990345,54608.022694
R1194:54608.008997,0.054223,54608.022755,54608.022779,54608.077002
R1195:54608.026248,0.055397,54608.063147,54608.077064,54608.132461
R1196:54608.167997,0.025217,54608.168037,54608.168364,54608.193582
R1197:54608.221077,0.023691,54608.221141,54608.221566,54608.245258
R1198:54608.286281,0.018198,54608.286313,54608.286672,54608.304870
R1199:54608.372542,0.011210,54608.372589,54608.373261,54608.384472
R1200:54608.418175,0.039808,54608.418209,54608.418350,54608.458184
R1201:54608.446087,0.017680,54608.458236,54608.458247,54608.475928
R1202:54608.469717,0.095738,54608.475978,54608.475989,54608.571728
R1203:54608.540306,0.156108,54608.540461,54608.571773,54608.727882
R1204:54608.580713,0.011671,54608.580810,54608.727943,54608.739615
R1205:54608.630561,0.054804,54608.630671,54608.739642,54608.794447
R1206:54608.648233,0.137690,54608.648549,54608.794594,54608.932285
R1207:54608.677726,0.145577,54608.677846,54608.932339,54609.077916
R1208:54608.689988,0.027931,54608.690272,54609.078011,54609.105961
R1209:54608.722222,0.049425,54608.722395,54609.106008,54609.155449
R1210:54608.758500,0.019136,54608.758721,54609.155522,54609.174660
R1211:54608.766239,0.053810,54608.766371,54609.174712,54609.228523
R1212:54608.790242,0.143512,54608.794793,54609.228582,54609.372123
R1213:54608.869592,0.030998,54608.869664,54609.372162,54609.403161
R1214:54608.873637,0.040225,54608.873686,54609.403225,54609.443451
R1215:54608.893121,0.046713,54608.893167,54609.443550,54609.490263
R1216:54608.963219,0.188471,54608.963278,54609.490321,54609.678794
R1217:54608.971672,0.075114,54609.004370,54609.678835,54609.753951
R1218:54609.119787,0.023766,54609.119819,54609.754010,54609.777777
R1219:54609.230619,0.023097,54609.230665,54609.777845,54609.801784
R1220:54609.313956,0.175077,54609.314009,54609.801850,54609.976929
R1221:54609.369786,0.153173,54609.369846,54609.976986,54610.130159
R1222:54609.372353,0.011533,54609.372383,54610.130303,54610.141837
R1223:54609.521377,0.017688,54609.521425,54610.141866,54610.159555
R1224:54609.665510,0.019346,54609.665566,54610.159641,54610.178988
R1225:54609.728615,0.064350,54609.728648,54610.179094,54610.243445
R1226:54609.891760,0.012644,54609.891801,54610.243503,54610.256148
R1227:54609.955713,0.021766,54609.955765,54610.256263,54610.278049
R1228:54609.986169,0.027193,54609.986209,54610.278150,54610.305345
R1229:54609.997830,0.026820,54610.027238,54610.305411,54610.332256
R1230:54610.103558,0.032491,54610.103610,54610.332414,54610.364906
R1231:54610.327617,0.003835,54610.327667,54610.364958,54610.368793
R1232:54610.329136,0.131032,54610.332428,54610.368836,54610.499869
R1233:54610.367115,0.016728,54610.367154,54610.499926,54610.516655
R1234:54610.486296,0.043916,54610.486346,54610.516752,54610.560669
R1235:54610.509263,0.111305,54610.509372,54610.560755,54610.672061
R1236:54610.575975,0.058570,54610.576046,54610.672120,54610.730691
R1237:54610.626847,0.030859,54610.626891,54610.730767,54610.761627
R1238:54610.743712,0.068169,54610.743877,54610.761685,54610.829855
R1239:54610.885505,0.037756,54610.885559,54610.885671,54610.923427
R1240:54610.974480,0.057650,54610.974545,54610.975449,54611.033134
R1241:54610.978806,0.060856,54611.015323,54611.033221,54611.094078
R1242:54610.997183,0.050662,54611.015327,54611.094132,54611.144795
R1243:54611.146249,0.003871,54611.146290,54611.146563,54611.150521
R1244:54611.150568,0.102728,54611.150619,54611.150656,54611.253395
R1245:54611.154540,0.001454,54611.191143,54611.253445,54611.254900
R1246:54611.197410,0.035865,54611.197456,54611.254925,54611.290790
R1247:54611.224991,0.081612,54611.225262,54611.290862,54611.372520
R1248:54611.233194,0.153612,54611.233321,54611.372576,54611.526189
R1249:54611.270429,0.068272,54611.270544,54611.526252,54611.594525
R1250:54611.277037,0.067966,54611.277081,54611.594669,54611.662665
R1251:54611.326001,0.004857,54611.326081,54611.662712,54611.667570
R1252:54611.390245,0.032899,54611.390368,54611.667592,54611.700492
R1253:54611.426807,0.019971,54611.426851,54611.700511,54611.720482
R1254:54611.478309,0.018669,54611.478357,54611.720543,54611.739213
R1255:54611.496105,0.017222,54611.496139,54611.739255,54611.756477
R1256:54611.619410,0.006011,54611.619445,54611.756538,54611.762549
R1257:54611.963358,0.116995,54611.963569,54611.963974,54612.080969
R1258:54612.298539,0.002679,54612.298599,54612.299093,54612.301773
R1259:54612.385430,0.082174,54612.385487,54612.386414,54612.468589
R1260:54612.624633,0.031539,54612.624810,54612.625795,54612.657347
R1261:54612.786022,0.015992,54612.786078,54612.786606,54612.802607
R1262:54612.898884,0.138891,54612.898927,54612.899451,54613.038343
R1263:54613.142754,0.027144,54613.143650,54613.143732,54613.171184
R1264:54613.147997,0.009142,54613.148070,54613.171276,54613.180420
R1265:54613.286981,0.028081,54613.287072,54613.287527,54613.315608
R1266:54613.298342,0.080582,54613.315670,54613.315681,54613.396264
R1267:54613.449097,0.021041,54613.449152,54613.449761,54613.470803
R1268:54613.495430,0.003920,54613.495488,54613.496168,54613.500090
R1269:54613.516315,0.035551,54613.516374,54613.517538,54613.553090
R1270:54613.586332,0.037976,54613.586383,54613.586920,54613.624897
R1271:54613.617046,0.024137,54613.625026,54613.625804,54613.649942
R1272:54613.717742,0.079368,54613.717774,54613.718463,54613.797832
R1273:54613.782647,0.025177,54613.782712,54613.797887,54613.823065
R1274:54613.804096,0.015377,54613.804159,54613.823170,54613.838547
R1275:54613.921879,0.073860,54613.922053,54613.922062,54613.995945
R1276:54613.936137,0.001919,54613.962311,54613.996001,54613.997921
R1277:54614.018633,0.062295,54614.018864,54614.018874,54614.081170
R1278:54614.021759,0.006602,54614.059312,54614.081250,54614.087853
R1279:54614.253627,0.100868,54614.253708,54614.253821,54614.355318
R1280:54614.262607,0.017471,54614.294365,54614.355378,54614.372851
R1281:54614.284187,0.011224,54614.294386,54614.372912,54614.384136
R1282:54614.306277,0.085462,54614.306331,54614.384168,54614.469631
R1283:54614.312682,0.023732,54614.312730,54614.469696,54614.493428
R1284:54614.362461,0.012253,54614.362602,54614.493490,54614.505744
R1285:54614.503662,0.016523,54614.503703,54614.505791,54614.522314
R1286:54614.640067,0.058076,54614.640111,54614.640645,54614.698735
R1287:54614.726691,0.025113,54614.726757,54614.727357,54614.752471
R1288:54614.795544,0.150688,54614.795605,54614.797291,54614.947981
R1289:54614.836855,0.020041,54614.836885,54614.948130,54614.968172
R1290:54614.935532,0.246465,54614.935601,54614.968496,54615.214962
R1291:54614.952709,0.148024,54614.952846,54615.215036,54615.363060
R1292:54614.960790,0.007974,54614.968246,54615.363114,54615.371089
R1293:54614.962832,0.000296,54614.968249,54615.371139,54615.371436
R1294:54615.030496,0.078456,54615.030677,54615.371575,54615.450054
R1295:54615.050705,0.041266,54615.050751,54615.450169,54615.491436
R1296:54615.180622,0.009293,54615.180932,54615.491471,54615.500765
R1297:54615.188139,0.010045,54615.188209,54615.500833,54615.510879
R1298:54615.279127,0.018375,54615.279199,54615.510932,54615.529308
R1299:54615.558984,0.107281,54615.559039,54615.559181,54615.666558
R1300:54615.610559,0.029588,54615.610603,54615.666635,54615.696224
R1301:54615.657499,0.016033,54615.657540,54615.696725,54615.712778
R1302:54615.670306,0.088223,54615.670438,54615.712881,54615.801105
R1303:54615.681188,0.047877,54615.696303,54615.801162,54615.849040
R1304:54615.750983,0.030776,54615.751062,54615.849096,54615.879884
R1305:54615.845968,0.267508,54615.846008,54615.879966,54616.147475
R1306:54616.029464,0.002478,54616.029542,54616.147536,54616.150015
R1307:54616.068087,0.032969,54616.070126,54616.150140,54616.183110
R1308:54616.247912,0.046315,54616.247967,54616.248459,54616.294774
R1309:54616.261646,0.031448,54616.261694,54616.294841,54616.326290
R1310:54616.303733,0.022443,54616.303783,54616.326344,54616.348788
R1311:54616.335538,0.032930,54616.335610,54616.348859,54616.381790
R1312:54616.337516,0.078445,54616.348847,54616.381852,54616.460301
R1313:54616.385117,0.036684,54616.385313,54616.460352,54616.497037
R1314:54616.453837,0.012702,54616.454083,54616.497146,54616.509849
R1315:54616.460774,0.048926,54616.460796,54616.509908,54616.558857
R1316:54616.493242,0.041882,54616.497128,54616.558922,54616.600804
R1317:54616.562789,0.081642,54616.562817,54616.600859,54616.682502
R1318:54616.705859,0.041926,54616.706537,54616.706546,54616.748473
R1319:54616.737512,0.009655,54616.746115,54616.748500,54616.758170
R1320:54616.771711,0.022878,54616.772316,54616.772326,54616.795206
R1321:54616.773673,0.032666,54616.773695,54616.795297,54616.827965
R1322:54616.785598,0.006070,54616.795281,54616.828023,54616.834093
R1323:54616.819770,0.047245,54616.828032,54616.834220,54616.881465
R1324:54617.025232,0.030006,54617.025279,54617.025327,54617.055334
R1325:54617.104517,0.006055,54617.104552,54617.104926,54617.110982
R1326:54617.109722,0.005652,54617.111023,54617.111085,54617.116738
R1327:54617.214541,0.021092,54617.214580,54617.215146,54617.236565
R1328:54617.271371,0.015117,54617.271429,54617.271917,54617.287035
R1329:54617.414554,0.307689,54617.414647,54617.415033,54617.722724
R1330:54617.544153,0.015522,54617.544198,54617.722784,54617.738322
R1331:54617.585798,0.008495,54617.585858,54617.738377,54617.746873
R1332:54617.647184,0.036749,54617.647233,54617.746935,54617.783685
R1333:54617.760808,0.013077,54617.760885,54617.783745,54617.796823
R1334:54617.963637,0.024035,54617.964056,54617.964065,54617.988101
R1335:54617.969562,0.006132,54617.988158,54617.988169,54617.994302
R1336:54618.002162,0.042972,54618.002350,54618.002363,54618.045336
R1337:54618.088800,0.008978,54618.089051,54618.089113,54618.098092
R1338:54618.145646,0.040779,54618.145800,54618.145810,54618.186590
R1339:54618.219217,0.026315,54618.219279,54618.219435,54618.245751
R1340:54618.312893,0.096131,54618.312946,54618.313464,54618.409596
R1341:54618.313525,0.086236,54618.353356,54618.409646,54618.495883
R1342:54618.359888,0.006378,54618.359927,54618.495942,54618.502320
R1343:54618.562267,0.098051,54618.562314,54618.562606,54618.660658
R1344:54618.573794,0.001520,54618.573848,54618.660731,54618.662252
R1345:54618.603950,0.100468,54618.603984,54618.662472,54618.762941
R1346:54618.726242,0.032617,54618.726342,54618.762996,54618.795614
R1347:54618.749262,0.007019,54618.749409,54618.795728,54618.802748
R1348:54618.751379,0.203842,54618.751429,54618.802866,54619.006709
R1349:54619.249275,0.004594,54619.249316,54619.249367,54619.253961
R1350:54619.277411,0.072806,54619.277460,54619.277911,54619.350718
R1351:54619.305895,0.006025,54619.318143,54619.350760,54619.356786
R1352:54619.320260,0.080048,54619.320312,54619.356814,54619.436862
R1353:54619.346668,0.001749,54619.346706,54619.436928,54619.438678
R1354:54619.367164,0.002751,54619.367217,54619.438697,54619.441448
R1355:54619.394879,0.022690,54619.394937,54619.441460,54619.464151
R1356:54619.431670,0.170363,54619.435170,54619.464174,54619.634538
R1357:54619.580464,0.101239,54619.580505,54619.634589,54619.735829
R1358:54619.594177,0.021732,54619.621210,54619.735886,54619.757619
R1359:54619.601787,0.031489,54619.621213,54619.757712,54619.789202
R1360:54619.683856,0.043904,54619.684056,54619.789253,54619.833158
R1361:54619.715079,0.056860,54619.724220,54619.833200,54619.890067
R1362:54619.741498,0.021955,54619.741543,54619.890747,54619.912703
R1363:54619.747382,0.003267,54619.757697,54619.912789,54619.916058
R1364:54619.853132,0.009400,54619.853184,54619.916111,54619.925511
R1365:54619.880786,0.060721,54619.890123,54619.925543,54619.986265
R1366:54619.892629,0.021865,54619.912773,54619.986315,54620.008180
R1367:54620.067288,0.016544,54620.067942,54620.068101,54620.084646
R1368:54620.173444,0.004966,54620.174010,54620.174020,54620.178987
R1369:54620.183949,0.035508,54620.184459,54620.184467,54620.219975
R1370:54620.207814,0.071291,54620.220120,54620.220138,54620.291429
R1371:54620.217900,0.002849,54620.220124,54620.291492,54620.294342
R1372:54620.347082,0.003083,54620.347741,54620.347751,54620.350835
R1373:54620.428275,0.083880,54620.428436,54620.428450,54620.512330
R1374:54620.589019,0.052581,54620.589791,54620.589804,54620.642385
R1375:54620.622583,0.079179,54620.622633,54620.642434,54620.721614
R1376:54620.643258,0.047555,54620.643282,54620.721711,54620.769267
R1377:54620.660092,0.017737,54620.684150,54620.769320,54620.787112
R1378:54620.700490,0.016726,54620.700553,54620.787248,54620.803975
R1379:54620.917911,0.018372,54620.917957,54620.918007,54620.936379
R1380:54620.946268,0.035965,54620.946337,54620.947337,54620.983303
R1381:54620.984447,0.025040,54620.984484,54620.985628,54621.010669
R1382:54620.985182,0.087801,54621.010755,54621.010772,54621.098573
R1383:54621.111410,0.000992,54621.111470,54621.112351,54621.113389
R1384:54621.181943,0.239881,54621.182045,54621.182803,54621.422685
R1385:54621.341610,0.003623,54621.341762,54621.422737,54621.426361
R1386:54621.389261,0.025650,54621.389309,54621.426442,54621.452093
R1387:54621.477300,0.032504,54621.477368,54621.477919,54621.510424
R1388:54621.485944,0.002493,54621.510481,54621.510492,54621.512992
R1389:54621.524759,0.103341,54621.524815,54621.525201,54621.628543
R1390:54621.546628,0.042390,54621.565273,54621.628667,54621.671057
R1391:54621.621941,0.136142,54621.622141,54621.671172,54621.807315
R1392:54621.691388,0.007671,54621.692053,54621.807432,54621.815151
R1393:54621.705141,0.008385,54621.732200,54621.815178,54621.823570
R1394:54621.721885,0.045173,54621.732214,54621.823598,54621.868772
R1395:54621.757933,0.106956,54621.758191,54621.868838,54621.975798
R1396:54621.797704,0.031981,54621.797746,54621.975870,54622.007951
R1397:54621.805382,0.184175,54621.806477,54622.008032,54622.192208
R1398:54621.826896,0.151672,54621.826958,54622.193057,54622.344730
R1399:54621.849298,0.012525,54621.849351,54622.344788,54622.357339
R1400:54622.174761,0.036969,54622.174919,54622.357543,54622.394588
R1401:54622.354780,0.059379,54622.354841,54622.394649,54622.454028
R1402:54622.376588,0.026957,54622.376753,54622.454149,54622.481107
R1403:54622.538021,0.024307,54622.538168,54622.538679,54622.570942
R1404:54622.557260,0.031200,54622.571106,54622.571207,54622.602450
R1405:54622.597005,0.008995,54622.602506,54622.602518,54622.611604
R1406:54622.619343,0.130584,54622.619438,54622.619535,54622.750742
R1407:54622.623624,0.012498,54622.659231,54622.754413,54622.785966
R1408:54622.633269,0.020167,54622.659234,54622.785993,54622.806161
R1409:54622.642385,0.034195,54622.659238,54622.806332,54622.840634
R1410:54622.672535,0.090840,54622.673165,54622.840700,54622.947022
R1411:54622.855596,0.001755,54622.919216,54622.947117,54623.948872
R1412:54622.960927,0.053035,54622.960953,54623.948931,54624.001967
R1413:54623.984918,0.047047,54623.985015,54624.002028,54624.049076
R1414:54623.986415,0.000193,54623.986644,54624.049130,54624.049324
R1415:54624.045981,0.039841,54624.046265,54624.049338,54624.089180
R1416:54624.158314,0.006551,54624.158519,54624.158548,54624.165100
R1417:54624.206964,0.029923,54624.207073,54624.208824,54624.238748
R1418:54624.225175,0.027005,54624.238809,54624.238821,54624.265827
R1419:54624.274074,0.000248,54624.274164,54624.274680,54624.274935
R1420:54624.387101,0.004922,54624.387216,54624.387228,54624.392152
R1421:54624.520539,0.124668,54624.521023,54624.521084,54624.645753
R1422:54624.532273,0.015637,54624.561230,54624.645808,54624.661445
R1423:54624.533616,0.004669,54624.561233,54624.662262,54624.666932
R1424:54624.542999,0.036088,54624.561235,54624.666990,54624.703078
R1425:54624.600407,0.037457,54624.600468,54624.703178,54624.743191
R1426:54624.655781,0.163656,54624.655922,54624.743361,54624.907018
R1427:54624.683423,0.054164,54624.683491,54624.907077,54624.961242
R1428:54624.735597,0.042322,54624.735743,54624.961296,54625.003622
R1429:54624.796977,0.012522,54624.797235,54625.003746,54625.016269
R1430:54624.817973,0.005411,54624.839992,54625.016322,54625.021734
R1431:54624.872917,0.005345,54624.873108,54625.021760,54625.027106
R1432:54624.966658,0.000758,54624.966704,54625.027130,54625.027888
R1433:54624.983613,0.072392,54625.003732,54625.027891,54625.100284
R1434:54625.034077,0.024475,54625.034143,54625.100341,54625.124816
R1435:54625.070734,0.018835,54625.070794,54625.124834,54625.143670
R1436:54625.163040,0.140218,54625.163094,54625.163150,54625.303368
R1437:54625.204914,0.034775,54625.205015,54625.303426,54625.338202
R1438:54625.222496,0.023085,54625.222601,54625.338230,54625.361317
R1439:54625.238317,0.082640,54625.238364,54625.361378,54625.444019
R1440:54625.295178,0.009610,54625.295300,54625.444075,54625.453694
R1441:54625.430982,0.013424,54625.431118,54625.453774,54625.467254
R1442:54625.457223,0.113858,54625.457307,54625.467428,54625.581296
R1443:54625.466830,0.069890,54625.467411,54625.581365,54625.651331
R1444:54625.610208,0.009210,54625.610252,54625.651394,54625.660604
R1445:54625.650868,0.002219,54625.650917,54625.660631,54625.662851
R1446:54625.880921,0.068358,54625.880984,54625.881812,54625.950179
R1447:54625.900878,0.034277,54625.921349,54625.950249,54625.984526
R1448:54625.910748,0.059621,54625.921354,54625.984583,54626.044204
R1449:54626.000555,0.010696,54626.000599,54626.044257,54626.054954
R1450:54626.021752,0.001573,54626.041310,54626.054979,54626.056552
R1451:54626.027793,0.041552,54626.041314,54626.056572,54626.098125
R1452:54626.072157,0.066918,54626.072262,54626.098154,54626.165073
R1453:54626.292441,0.009827,54626.292497,54626.292614,54626.302522
R1454:54626.296812,0.053343,54626.302592,54626.302605,54626.355949
R1455:54626.303995,0.237876,54626.344281,54626.355992,54626.593869
R1456:54626.575230,0.019477,54626.575268,54626.593928,54626.613405
R1457:54626.686448,0.171675,54626.686488,54626.686652,54626.858327
R1458:54626.702634,0.006610,54626.727217,54626.858466,54626.865077
R1459:54626.718295,0.058325,54626.727223,54626.865134,54626.923459
R1460:54626.798086,0.059370,54626.798154,54626.923530,54626.982900
R1461:54626.819823,0.041376,54626.819884,54626.982933,54627.024309
R1462:54626.902283,0.104676,54626.902330,54627.024366,54627.129043
R1463:54626.938669,0.011181,54626.938719,54627.129081,54627.140305
R1464:54626.942666,0.019294,54626.979215,54627.140375,54627.159669
R1465:54626.995990,0.053478,54626.996115,54627.159699,54627.213178
R1466:54627.027395,0.114848,54627.027443,54627.213208,54627.328064
R1467:54627.054667,0.019395,54627.068219,54627.328111,54627.347507
R1468:54627.070447,0.016901,54627.070511,54627.347569,54627.364471
R1469:54627.133983,0.068262,54627.134094,54627.364506,54627.432768
R1470:54627.177975,0.033362,54627.178052,54627.432811,54627.466174
R1471:54627.357097,0.074251,54627.357348,54627.466217,54627.540472
R1472:54627.441429,0.164785,54627.441471,54627.540527,54627.705313
R1473:54627.546502,0.001500,54627.546895,54627.705362,54627.706862
R1474:54627.632212,0.030978,54627.632425,54627.706885,54627.737863
R1475:54627.638549,0.023810,54627.638679,54627.737916,54627.761727
R1476:54627.719098,0.029897,54627.720168,54627.761757,54627.791655
R1477:54627.730959,0.045436,54627.731237,54627.791704,54627.837141
R1478:54627.909070,0.000038,54627.909198,54627.909271,54627.909370
R1479:54627.934159,0.115162,54627.934246,54627.934257,54628.049420
R1480:54628.034152,0.010555,54628.034231,54628.049481,54628.060036
R1481:54628.058551,0.055740,54628.058703,54628.060099,54628.115862
R1482:54628.110239,0.075288,54628.110281,54628.115905,54628.191194
R1483:54628.116322,0.064896,54628.116343,54628.191302,54628.256199
R1484:54628.431607,0.034012,54628.431646,54628.431777,54628.465825
R1485:54628.435938,0.000387,54628.435981,54628.465881,54628.466269
R1486:54628.475920,0.011639,54628.475975,54628.476703,54628.488343
R1487:54628.721798,0.078004,54628.721853,54628.722431,54628.800435
R1488:54628.816903,0.036954,54628.816963,54628.817055,54628.854010
R1489:54628.828721,0.014881,54628.828770,54628.854066,54628.868948
R1490:54628.935819,0.038559,54628.935869,54628.936842,54628.975402
R1491:54629.195452,0.007603,54629.195528,54629.196317,54629.203921
R1492:54629.258839,0.043138,54629.258891,54629.259917,54629.303056
R1493:54629.533288,0.018873,54629.533335,54629.533585,54629.552458
R1494:54629.617154,0.038325,54629.617211,54629.617817,54629.656142
R1495:54629.671356,0.114973,54629.671512,54629.672326,54629.787301
R1496:54629.687869,0.073782,54629.712277,54629.787439,54629.861222
R1497:54629.770440,0.084479,54629.770495,54629.861321,54629.945800
R1498:54629.825384,0.041650,54629.825435,54629.945853,54629.987504
R1499:54629.876148,0.047660,54629.876214,54629.987549,54630.035210
