R0:54542.509626,0.050000,54542.509712,54542.509718,54542.559719
R1:54542.624344,0.050000,54542.624460,54542.624473,54542.674473
R2:54542.655814,0.050000,54542.655851,54542.674535,54542.725023
R3:54542.751431,0.050000,54542.751564,54542.751575,54542.801576
R4:54542.851779,0.050000,54542.851976,54542.851988,54542.901989
R5:54543.003618,0.050000,54543.006891,54543.007033,54543.057035
R6:54543.017514,0.050000,54543.017624,54543.057096,54543.107097
R7:54543.043219,0.050000,54543.043342,54543.107158,54543.157159
R8:54543.134737,0.050000,54543.134789,54543.157241,54543.207242
R9:54543.155158,0.050000,54543.157628,54543.207317,54543.257317
R10:54543.205718,0.050000,54543.205770,54543.257353,54543.307353
R11:54543.246572,0.050000,54543.246622,54543.307405,54543.357406
R12:54543.308757,0.050000,54543.308780,54543.357461,54543.407462
R13:54543.337897,0.050000,54543.350180,54543.407512,54543.457513
R14:54543.383687,0.050000,54543.383716,54543.457566,54543.507566
R15:54543.573937,0.050000,54543.574047,54543.574059,54543.624060
R16:54543.729016,0.050000,54543.729152,54543.729167,54543.779168
R17:54543.792256,0.050000,54543.792417,54543.792427,54543.842428
R18:54543.871362,0.050000,54543.871561,54543.871575,54543.921576
R19:54543.881232,0.050000,54543.881390,54543.921624,54543.971625
R20:54543.939788,0.050000,54543.939879,54543.971672,54544.021673
R21:54543.940948,0.050000,54543.941011,54544.021730,54544.071732
R22:54543.958600,0.050000,54543.958712,54544.071776,54544.121777
R23:54543.968436,0.050000,54543.968568,54544.121850,54544.171851
R24:54544.070946,0.050000,54544.071016,54544.171898,54544.221899
R25:54544.081967,0.050000,54544.082098,54544.221942,54544.271943
R26:54544.114429,0.050000,54544.121838,54544.272002,54544.322011
R27:54544.123285,0.050000,54544.162358,54544.322104,54544.372105
R28:54544.130669,0.050000,54544.162372,54544.372158,54544.422173
R29:54544.557954,0.050000,54544.558046,54544.558059,54544.608059
R30:54544.573467,0.050000,54544.600282,54544.608093,54544.658094
R31:54544.618506,0.050000,54544.618645,54544.658155,54544.708156
R32:54544.732841,0.050000,54544.732995,54544.733007,54544.783008
R33:54544.792304,0.050000,54544.792493,54544.792503,54544.842504
R34:54544.814990,0.050000,54544.815179,54544.842534,54544.892535
R35:54544.879808,0.050000,54544.879884,54544.892574,54544.942575
R36:54544.927004,0.050000,54544.927039,54544.942610,54544.992611
R37:54544.970380,0.050000,54544.970428,54544.992669,54545.042670
R38:54545.195812,0.050000,54545.195961,54545.196498,54545.246583
R39:54545.217587,0.050000,54545.236409,54545.246650,54545.296651
R40:54545.309897,0.050000,54545.310089,54545.310100,54545.360102
R41:54545.356842,0.050000,54545.356900,54545.360174,54545.410192
R42:54545.448820,0.050000,54545.448983,54545.448992,54545.498994
R43:54545.480915,0.050000,54545.489214,54545.499051,54545.549052
R44:54545.619865,0.050000,54545.619933,54545.620060,54545.670069
R45:54545.640855,0.050000,54545.661147,54545.670125,54545.720126
R46:54545.668092,0.050000,54545.668170,54545.720164,54545.770165
R47:54545.771333,0.050000,54545.771357,54545.771818,54545.821819
R48:54545.928545,0.050000,54545.928594,54545.929084,54545.979085
R49:54545.933197,0.050000,54545.933221,54545.979170,54546.029421
R50:54546.119793,0.050000,54546.119859,54546.120459,54546.170460
R51:54546.166620,0.050000,54546.166670,54546.170515,54546.220516
R52:54546.172364,0.050000,54546.172387,54546.220575,54546.270576
R53:54546.185812,0.050000,54546.213274,54546.270632,54546.320633
R54:54546.253926,0.050000,54546.253989,54546.320699,54546.370700
R55:54546.392398,0.050000,54546.392534,54546.392663,54546.442663
R56:54546.419481,0.050000,54546.434306,54546.442700,54546.492701
R57:54546.423724,0.050000,54546.434309,54546.492781,54546.542782
R58:54546.425067,0.050000,54546.434326,54546.542819,54546.592820
R59:54546.463427,0.050000,54546.463491,54546.592867,54546.642868
R60:54546.467722,0.050000,54546.492767,54546.642924,54546.692925
R61:54546.485212,0.050000,54546.492769,54546.692981,54546.742983
R62:54546.706129,0.050000,54546.706189,54546.743140,54546.793141
R63:54546.851609,0.050000,54546.851693,54546.851925,54546.901926
R64:54546.970746,0.050000,54546.970809,54546.971284,54547.021285
R65:54546.990294,0.050000,54546.990349,54547.021342,54547.071343
R66:54547.038901,0.050000,54547.038931,54547.071407,54547.121407
R67:54547.068438,0.050000,54547.071395,54547.121441,54547.171442
R68:54547.157789,0.050000,54547.157870,54547.171495,54547.221496
R69:54547.202809,0.050000,54547.202834,54547.221553,54547.271554
R70:54547.271709,0.050000,54547.271727,54547.271814,54547.321814
R71:54547.319264,0.050000,54547.319315,54547.321847,54547.371848
R72:54547.321864,0.050000,54547.321881,54547.371888,54547.421889
R73:54547.357921,0.050000,54547.363234,54547.422038,54547.472039
R74:54547.525890,0.050000,54547.526070,54547.526081,54547.576082
R75:54547.692986,0.050000,54547.693136,54547.693147,54547.743148
R76:54547.772875,0.050000,54547.773009,54547.773021,54547.823024
R77:54547.793952,0.050000,54547.794155,54547.823105,54547.873120
R78:54547.878380,0.050000,54547.878547,54547.878557,54547.928558
R79:54547.942677,0.050000,54547.942733,54547.942744,54547.992745
R80:54547.971378,0.050000,54547.971429,54547.992809,54548.042810
R81:54548.044981,0.050000,54548.045093,54548.045104,54548.095133
R82:54548.057143,0.050000,54548.087268,54548.095172,54548.145173
R83:54548.093834,0.050000,54548.093860,54548.145290,54548.195291
R84:54548.227071,0.050000,54548.227097,54548.227206,54548.277207
R85:54548.337714,0.050000,54548.337859,54548.337870,54548.387871
R86:54548.362915,0.050000,54548.362994,54548.387922,54548.437950
R87:54548.379330,0.050000,54548.379381,54548.438056,54548.488057
R88:54548.519726,0.050000,54548.519809,54548.519926,54548.569927
R89:54548.546936,0.050000,54548.564566,54548.569988,54548.619989
R90:54548.620368,0.050000,54548.620410,54548.620493,54548.670494
R91:54548.817241,0.050000,54548.817297,54548.817404,54548.867405
R92:54548.873143,0.050000,54548.873174,54548.873253,54548.923254
R93:54548.940493,0.050000,54548.940594,54548.940692,54548.990693
R94:54549.063157,0.050000,54549.063238,54549.063995,54549.113996
R95:54549.099665,0.050000,54549.099730,54549.114142,54549.164157
R96:54549.260891,0.050000,54549.260960,54549.268435,54549.318435
R97:54549.293370,0.050000,54549.302126,54549.318492,54549.368564
R98:54549.399213,0.050000,54549.399240,54549.399497,54549.449498
R99:54549.471349,0.050000,54549.471403,54549.471843,54549.521844
R100:54549.622724,0.050000,54549.622779,54549.623268,54549.673269
R101:54549.664274,0.050000,54549.664313,54549.673295,54549.723296
R102:54549.679588,0.050000,54549.679643,54549.723340,54549.779906
R103:54549.867310,0.050000,54549.867368,54549.867876,54549.917877
R104:54550.025486,0.050000,54550.025547,54550.026146,54550.076147
R105:54550.035606,0.050000,54550.035668,54550.076270,54550.126271
R106:54550.168935,0.050000,54550.168991,54550.169334,54550.219334
R107:54550.233124,0.050000,54550.233166,54550.233526,54550.283527
R108:54550.268726,0.050000,54550.268777,54550.283594,54550.333595
R109:54550.329789,0.050000,54550.329825,54550.333633,54550.383633
R110:54550.350693,0.050000,54550.350736,54550.383672,54550.433673
R111:54550.447382,0.050000,54550.447425,54550.447473,54550.497473
R112:54550.470680,0.050000,54550.488113,54550.497525,54550.547525
R113:54550.507968,0.050000,54550.508013,54550.547596,54550.597596
R114:54550.524387,0.050000,54550.547581,54550.597638,54550.647639
R115:54550.537698,0.050000,54550.547584,54550.647814,54550.697815
R116:54550.558115,0.050000,54550.588277,54550.697851,54550.747851
R117:54550.609144,0.050000,54550.609182,54550.747906,54550.797907
R118:54550.643598,0.050000,54550.647766,54550.797957,54550.847957
R119:54550.655490,0.050000,54550.689091,54550.847991,54550.897992
R120:54550.803993,0.050000,54550.804021,54550.898052,54550.948053
R121:54550.811139,0.050000,54550.844410,54550.948145,54550.998146
R122:54550.819795,0.050000,54550.844418,54550.998249,54551.048282
R123:54550.863025,0.050000,54550.863095,54551.048350,54551.098366
R124:54550.952976,0.050000,54550.952999,54551.098487,54551.148488
R125:54551.214805,0.050000,54551.214879,54551.215454,54551.265455
R126:54551.385806,0.050000,54551.385863,54551.386585,54551.436586
R127:54551.458041,0.050000,54551.458095,54551.458692,54551.508693
R128:54551.488393,0.050000,54551.488460,54551.508758,54551.558759
R129:54551.575337,0.050000,54551.575414,54551.575982,54551.625983
R130:54551.604297,0.050000,54551.617293,54551.626031,54551.676270
R131:54551.626097,0.050000,54551.626119,54551.676315,54551.726315
R132:54551.642752,0.050000,54551.667187,54551.726598,54551.776599
R133:54551.697712,0.050000,54551.697741,54551.776653,54551.826654
R134:54551.715330,0.050000,54551.726584,54551.826692,54551.876692
R135:54551.725755,0.050000,54551.726587,54551.876836,54551.926836
R136:54551.808179,0.050000,54551.808228,54551.926927,54551.976952
R137:54551.816764,0.050000,54551.816810,54551.977167,54552.027168
R138:54551.915751,0.050000,54551.915803,54552.027221,54552.077222
R139:54551.927641,0.050000,54551.927668,54552.077272,54552.127273
R140:54552.013340,0.050000,54552.013376,54552.127330,54552.177331
R141:54552.018381,0.050000,54552.018418,54552.177408,54552.227409
R142:54552.205893,0.050000,54552.205939,54552.227485,54552.277486
R143:54552.209505,0.050000,54552.227473,54552.277531,54552.327532
R144:54552.255640,0.050000,54552.269268,54552.327572,54552.377572
R145:54552.267828,0.050000,54552.269275,54552.377633,54552.427634
R146:54552.285022,0.050000,54552.285052,54552.427682,54552.477683
R147:54552.389699,0.050000,54552.389724,54552.477726,54552.527727
R148:54552.472988,0.050000,54552.473132,54552.527764,54552.577764
R149:54552.541755,0.050000,54552.541807,54552.577816,54552.627816
R150:54552.756366,0.050000,54552.756487,54552.756561,54552.806562
R151:54552.820386,0.050000,54552.820518,54552.820622,54552.870623
R152:54552.909753,0.050000,54552.909788,54552.910274,54552.960275
R153:54552.916051,0.050000,54552.916089,54552.960358,54553.010358
R154:54552.925273,0.050000,54552.925351,54553.010446,54553.060446
R155:54552.971427,0.050000,54552.971457,54553.060486,54553.110487
R156:54552.976886,0.050000,54553.010430,54553.110534,54553.160535
R157:54552.981769,0.050000,54553.010432,54553.160593,54553.210594
R158:54552.996420,0.050000,54553.010433,54553.210634,54553.260635
R159:54553.035423,0.050000,54553.052273,54553.260668,54553.310669
R160:54553.143234,0.050000,54553.143285,54553.310745,54553.360746
R161:54553.197603,0.050000,54553.197657,54553.360784,54553.410799
R162:54553.286050,0.050000,54553.286148,54553.410849,54553.460849
R163:54553.289866,0.050000,54553.310730,54553.460907,54553.510908
R164:54553.301391,0.050000,54553.310733,54553.510960,54553.560961
R165:54554.048786,0.050000,54554.048856,54554.048930,54554.098931
R166:54554.063300,0.050000,54554.063370,54554.098995,54554.148996
R167:54554.201369,0.050000,54554.201420,54554.201967,54554.251967
R168:54554.209889,0.050000,54554.245375,54554.251999,54554.302000
R169:54554.592393,0.050000,54554.592445,54554.592553,54554.642553
R170:54554.596024,0.050000,54554.633127,54554.642617,54554.692618
R171:54554.723928,0.050000,54554.723984,54554.724674,54554.774675
R172:54554.728836,0.050000,54554.764695,54554.774739,54554.824740
R173:54554.729233,0.050000,54554.764700,54554.824814,54554.874815
R174:54554.889654,0.050000,54554.889714,54554.890232,54554.940233
R175:54554.946151,0.050000,54554.946204,54554.947011,54554.997012
R176:54554.958862,0.050000,54554.958920,54554.997079,54555.047080
R177:54554.970331,0.050000,54554.970382,54555.047178,54555.097179
R178:54555.001855,0.050000,54555.001924,54555.097247,54555.147249
R179:54555.155150,0.050000,54555.155305,54555.155700,54555.205701
R180:54555.262549,0.050000,54555.262617,54555.263095,54555.313095
R181:54555.290634,0.050000,54555.290685,54555.313130,54555.363131
R182:54555.341058,0.050000,54555.341135,54555.363190,54555.413229
R183:54555.396079,0.050000,54555.396134,54555.413269,54555.463332
R184:54555.434269,0.050000,54555.434329,54555.463395,54555.513407
R185:54555.507357,0.050000,54555.507405,54555.513460,54555.563461
R186:54555.514171,0.050000,54555.514200,54555.563492,54555.613493
R187:54555.561749,0.050000,54555.561777,54555.613541,54555.663542
R188:54555.651637,0.050000,54555.651677,54555.664393,54555.714393
R189:54555.674633,0.050000,54555.674689,54555.714436,54555.764437
R190:54555.978386,0.050000,54555.978576,54555.978587,54556.028588
R191:54556.032267,0.050000,54556.032429,54556.032438,54556.082439
R192:54556.163677,0.050000,54556.163738,54556.163806,54556.213806
R193:54556.249926,0.050000,54556.250059,54556.250070,54556.300070
R194:54556.312017,0.050000,54556.312186,54556.312198,54556.362198
R195:54556.314390,0.050000,54556.314411,54556.362230,54556.412231
R196:54556.400874,0.050000,54556.400955,54556.412264,54556.462265
R197:54556.513166,0.050000,54556.513215,54556.513650,54556.563651
R198:54556.675506,0.050000,54556.675580,54556.676099,54556.726100
R199:54556.804815,0.050000,54556.804857,54556.805403,54556.855404
R200:54556.916119,0.050000,54556.916205,54556.916831,54556.966832
R201:54557.159105,0.050000,54557.159296,54557.159753,54557.209754
R202:54557.244545,0.050000,54557.244604,54557.245125,54557.295137
R203:54557.390783,0.050000,54557.390834,54557.391372,54557.441373
R204:54557.647820,0.050000,54557.647878,54557.648441,54557.698442
R205:54557.716665,0.050000,54557.716712,54557.717143,54557.767144
R206:54557.759757,0.050000,54557.759811,54557.767190,54557.817190
R207:54557.771076,0.050000,54557.771167,54557.817233,54557.867233
R208:54557.882091,0.050000,54557.882138,54557.882765,54557.932765
R209:54558.019706,0.050000,54558.019795,54558.019941,54558.069942
R210:54558.024891,0.050000,54558.024948,54558.069992,54558.119992
R211:54558.090565,0.050000,54558.090610,54558.120035,54558.170036
R212:54558.108477,0.050000,54558.108510,54558.170079,54558.220080
R213:54558.170828,0.050000,54558.170861,54558.220124,54558.270124
R214:54558.187513,0.050000,54558.212331,54558.270198,54558.320199
R215:54558.262993,0.050000,54558.263024,54558.320248,54558.370249
R216:54558.286899,0.050000,54558.286939,54558.370276,54558.420277
R217:54558.311906,0.050000,54558.320236,54558.420340,54558.470340
R218:54558.328457,0.050000,54558.359104,54558.470376,54558.520377
R219:54558.333421,0.050000,54558.359112,54558.520438,54558.570439
R220:54558.396997,0.050000,54558.397099,54558.570496,54558.620497
R221:54558.413690,0.050000,54558.420327,54558.620540,54558.670541
R222:54558.480083,0.050000,54558.480131,54558.670601,54558.720601
R223:54558.525348,0.050000,54558.525505,54558.720650,54558.770650
R224:54558.748615,0.050000,54558.748724,54558.770697,54558.825119
R225:54558.769603,0.050000,54558.769725,54558.825195,54558.875195
R226:54558.819630,0.050000,54558.819665,54558.875251,54558.925252
R227:54558.899450,0.050000,54558.899562,54558.925326,54558.975327
R228:54558.907188,0.050000,54558.925313,54558.975378,54559.025378
R229:54558.947476,0.050000,54558.967096,54559.025431,54559.075432
R230:54559.004278,0.050000,54559.004321,54559.075467,54559.125468
R231:54559.185090,0.050000,54559.185640,54559.185650,54559.235651
R232:54559.222692,0.050000,54559.226263,54559.235704,54559.285704
R233:54559.248377,0.050000,54559.248412,54559.285754,54559.335754
R234:54559.366232,0.050000,54559.366280,54559.366330,54559.416348
R235:54559.402375,0.050000,54559.407100,54559.416386,54559.466387
R236:54559.403711,0.050000,54559.407107,54559.466447,54559.516448
R237:54559.431875,0.050000,54559.431927,54559.516503,54559.566504
R238:54559.490337,0.050000,54559.490383,54559.566548,54559.616548
R239:54559.604212,0.050000,54559.604263,54559.616585,54559.666586
R240:54559.622129,0.050000,54559.622163,54559.666640,54559.716641
R241:54559.693244,0.050000,54559.693288,54559.716690,54559.766691
R242:54559.735244,0.050000,54559.735284,54559.766751,54559.816752
R243:54559.777123,0.050000,54559.777173,54559.816794,54559.866795
R244:54559.800514,0.050000,54559.816781,54559.866840,54559.916841
R245:54559.878725,0.050000,54559.878837,54559.916874,54559.966875
R246:54559.891903,0.050000,54559.891945,54559.966921,54560.016922
R247:54559.953001,0.050000,54559.953045,54560.016945,54560.066946
R248:54559.955819,0.050000,54559.966909,54560.066981,54560.116982
R249:54559.989469,0.050000,54560.007263,54560.117017,54560.167017
R250:54560.063981,0.050000,54560.064015,54560.167500,54560.217501
R251:54560.134119,0.050000,54560.134172,54560.217539,54560.267539
R252:54560.197673,0.050000,54560.197712,54560.267569,54560.317570
R253:54560.224415,0.050000,54560.224449,54560.317600,54560.367600
R254:54560.237464,0.050000,54560.265284,54560.367633,54560.417634
R255:54560.296791,0.050000,54560.296835,54560.417712,54560.467713
R256:54560.359864,0.050000,54560.359896,54560.467781,54560.517782
R257:54560.442507,0.050000,54560.442560,54560.517831,54560.567873
R258:54560.467507,0.050000,54560.467768,54560.568020,54560.618021
R259:54560.552338,0.050000,54560.552388,54560.618130,54560.668131
R260:54560.567837,0.050000,54560.567957,54560.668186,54560.718186
R261:54560.727096,0.050000,54560.727132,54560.727523,54560.777524
R262:54560.799388,0.050000,54560.799429,54560.799908,54560.849909
R263:54560.865716,0.050000,54560.865763,54560.866240,54560.916274
R264:54560.884407,0.050000,54560.884458,54560.916306,54560.966307
R265:54560.932204,0.050000,54560.932252,54560.966379,54561.016379
R266:54560.938260,0.050000,54560.966364,54561.016407,54561.066407
R267:54560.957335,0.050000,54560.966367,54561.066442,54561.116443
R268:54561.089243,0.050000,54561.089286,54561.116495,54561.166496
R269:54561.161910,0.050000,54561.161934,54561.166533,54561.216534
R270:54561.168190,0.050000,54561.168210,54561.216572,54561.266573
R271:54561.175695,0.050000,54561.209282,54561.266607,54561.316608
R272:54561.203948,0.050000,54561.209289,54561.316638,54561.366638
R273:54561.258092,0.050000,54561.258118,54561.366680,54561.416681
R274:54561.315128,0.050000,54561.315169,54561.416733,54561.466734
R275:54561.384465,0.050000,54561.384510,54561.466788,54561.516789
R276:54561.406059,0.050000,54561.416722,54561.516820,54561.566821
R277:54561.500131,0.050000,54561.500235,54561.566873,54561.616874
R278:54561.521948,0.050000,54561.521988,54561.616908,54561.666909
R279:54561.547958,0.050000,54561.562082,54561.666968,54561.716968
R280:54561.561670,0.050000,54561.562088,54561.717025,54561.767026
R281:54561.821651,0.050000,54561.821729,54561.821825,54561.871826
R282:54561.822000,0.050000,54561.862283,54561.871889,54561.921889
R283:54561.931845,0.050000,54561.931918,54561.932045,54561.982046
R284:54561.957220,0.050000,54561.972228,54561.982091,54562.032092
R285:54561.970352,0.050000,54561.972232,54562.032169,54562.082170
R286:54562.006292,0.050000,54562.006343,54562.082206,54562.132218
R287:54562.205488,0.050000,54562.205531,54562.206027,54562.256028
R288:54562.362653,0.050000,54562.362709,54562.363216,54562.413217
R289:54562.453285,0.050000,54562.453342,54562.453834,54562.503835
R290:54562.528486,0.050000,54562.528528,54562.528966,54562.578967
R291:54562.536685,0.050000,54562.536726,54562.579016,54562.629017
R292:54562.609270,0.050000,54562.609364,54562.629063,54562.679064
R293:54562.639740,0.050000,54562.639767,54562.679105,54562.729106
R294:54562.732851,0.050000,54562.732878,54562.732981,54562.782982
R295:54562.912063,0.050000,54562.912116,54562.912382,54562.962383
R296:54563.067234,0.050000,54563.067317,54563.067429,54563.117429
R297:54563.191156,0.050000,54563.191239,54563.191774,54563.241775
R298:54563.205582,0.050000,54563.205632,54563.241835,54563.291836
R299:54563.304435,0.050000,54563.304487,54563.305155,54563.355156
R300:54563.354426,0.050000,54563.354458,54563.355187,54563.405188
R301:54563.376839,0.050000,54563.376874,54563.405255,54563.455367
R302:54563.524208,0.050000,54563.524269,54563.524734,54563.574735
R303:54563.674629,0.050000,54563.674826,54563.674942,54563.724943
R304:54563.804202,0.050000,54563.804262,54563.804374,54563.854374
R305:54563.847470,0.050000,54563.847525,54563.854461,54563.904462
R306:54563.901236,0.050000,54563.901269,54563.904501,54563.954501
R307:54563.912414,0.050000,54563.912435,54563.954531,54564.004532
R308:54563.932502,0.050000,54563.954194,54564.004580,54564.054581
R309:54564.057511,0.050000,54564.057535,54564.057656,54564.107656
R310:54564.099968,0.050000,54564.099994,54564.107691,54564.157692
R311:54564.138992,0.050000,54564.139027,54564.157745,54564.207746
R312:54564.257210,0.050000,54564.257245,54564.257291,54564.307292
R313:54564.300163,0.050000,54564.300226,54564.307369,54564.357370
R314:54564.321893,0.050000,54564.321926,54564.357445,54564.407445
R315:54564.334475,0.050000,54564.357419,54564.407473,54564.457474
R316:54564.406717,0.050000,54564.406761,54564.457505,54564.507506
R317:54564.488096,0.050000,54564.488125,54564.507577,54564.557578
R318:54564.497542,0.050000,54564.507564,54564.557611,54564.607612
R319:54564.555364,0.050000,54564.555420,54564.607650,54564.657651
R320:54564.597870,0.050000,54564.597921,54564.657686,54564.707687
R321:54564.711787,0.050000,54564.711827,54564.712005,54564.762006
R322:54564.792458,0.050000,54564.792497,54564.792642,54564.842643
R323:54564.804854,0.050000,54564.804901,54564.842672,54564.892673
R324:54564.820674,0.050000,54564.820755,54564.892735,54564.942735
R325:54564.864156,0.050000,54564.864209,54564.942755,54564.992756
R326:54564.872680,0.050000,54564.892721,54564.992810,54565.042811
R327:54564.882247,0.050000,54564.892724,54565.042861,54565.092862
R328:54564.910393,0.050000,54564.933347,54565.092906,54565.142906
R329:54564.935162,0.050000,54564.935197,54565.142964,54565.192965
R330:54565.103287,0.050000,54565.103317,54565.193016,54565.243017
R331:54565.252971,0.050000,54565.253003,54565.253220,54565.303221
R332:54565.314003,0.050000,54565.314108,54565.314636,54565.364637
R333:54565.427578,0.050000,54565.427639,54565.428127,54565.478128
R334:54565.534242,0.050000,54565.534304,54565.534939,54565.584940
R335:54565.577208,0.050000,54565.577267,54565.584981,54565.634982
R336:54565.602867,0.050000,54565.602905,54565.635115,54565.685116
R337:54565.634530,0.050000,54565.635101,54565.685170,54565.735170
R338:54565.701954,0.050000,54565.701983,54565.735230,54565.785231
R339:54565.761126,0.050000,54565.761200,54565.785310,54565.835311
R340:54565.780648,0.050000,54565.785297,54565.835351,54565.885351
R341:54565.791510,0.050000,54565.827304,54565.885400,54565.935400
R342:54565.796916,0.050000,54565.827307,54565.935469,54565.985470
R343:54565.804650,0.050000,54565.827311,54565.985500,54566.035501
R344:54565.870402,0.050000,54565.870537,54566.035534,54566.085535
R345:54565.899442,0.050000,54565.899481,54566.085569,54566.135577
R346:54565.921476,0.050000,54565.935457,54566.135618,54566.185618
R347:54565.947190,0.050000,54565.977278,54566.185665,54566.235695
R348:54565.953724,0.050000,54565.977285,54566.235751,54566.285751
R349:54565.988983,0.050000,54565.989074,54566.285835,54566.335836
R350:54566.160380,0.050000,54566.160433,54566.335886,54566.385887
R351:54566.215901,0.050000,54566.215945,54566.385941,54566.435942
R352:54566.235759,0.050000,54566.235781,54566.436105,54566.486445
R353:54566.303224,0.050000,54566.303270,54566.486533,54566.536534
R354:54566.393507,0.050000,54566.393527,54566.536585,54566.586604
R355:54566.435985,0.050000,54566.436023,54566.586632,54566.636632
R356:54566.447432,0.050000,54566.447502,54566.636675,54566.686675
R357:54566.582035,0.050000,54566.582073,54566.686716,54566.736717
R358:54566.643993,0.050000,54566.644013,54566.736770,54566.786771
R359:54566.690268,0.050000,54566.690295,54566.786809,54566.836810
R360:54566.705229,0.050000,54566.705353,54566.836840,54566.886841
R361:54566.756683,0.050000,54566.756722,54566.886878,54566.936878
R362:54566.791545,0.050000,54566.791614,54566.936948,54566.986949
R363:54566.902860,0.050000,54566.902904,54566.987020,54567.037021
R364:54566.934972,0.050000,54566.935122,54567.037049,54567.087050
R365:54566.953472,0.050000,54566.953510,54567.087094,54567.137095
R366:54566.979577,0.050000,54566.987007,54567.137136,54567.187137
R367:54567.062132,0.050000,54567.062203,54567.187203,54567.237204
R368:54567.126450,0.050000,54567.126569,54567.237261,54567.287261
R369:54567.388769,0.050000,54567.388814,54567.389468,54567.439471
R370:54567.414686,0.050000,54567.429156,54567.439511,54567.489512
R371:54567.557151,0.050000,54567.557193,54567.557202,54567.607203
R372:54567.568144,0.050000,54567.598275,54567.607239,54567.657239
R373:54567.601981,0.050000,54567.602017,54567.657287,54567.707288
R374:54567.602697,0.050000,54567.602717,54567.707336,54567.757337
R375:54567.698626,0.050000,54567.698671,54567.758196,54567.808197
R376:54567.792220,0.050000,54567.792298,54567.808270,54567.858271
R377:54567.815247,0.050000,54567.815508,54567.858300,54567.908301
R378:54567.824211,0.050000,54567.856180,54567.908335,54567.958336
R379:54567.949956,0.050000,54567.950107,54567.958391,54568.008391
R380:54568.030371,0.050000,54568.030444,54568.030454,54568.080455
R381:54568.033665,0.050000,54568.072159,54568.080512,54568.130521
R382:54568.071020,0.050000,54568.072167,54568.130572,54568.180573
R383:54568.340013,0.050000,54568.340304,54568.340319,54568.390320
R384:54568.417076,0.050000,54568.417108,54568.417279,54568.467280
R385:54568.431974,0.050000,54568.432022,54568.467331,54568.517332
R386:54568.472210,0.050000,54568.472242,54568.517376,54568.567377
R387:54568.597552,0.050000,54568.597614,54568.597784,54568.647785
R388:54568.603867,0.050000,54568.603903,54568.647881,54568.697882
R389:54568.610519,0.050000,54568.610574,54568.697936,54568.747937
R390:54568.640845,0.050000,54568.640901,54568.747996,54568.797997
R391:54568.663529,0.050000,54568.663683,54568.798036,54568.848037
R392:54568.730998,0.050000,54568.731061,54568.848088,54568.898088
R393:54568.834887,0.050000,54568.834938,54568.898163,54568.948164
R394:54568.843936,0.050000,54568.848074,54568.948204,54568.998204
R395:54568.847424,0.050000,54568.848077,54568.998262,54569.048262
R396:54568.850978,0.050000,54568.889155,54569.048316,54569.098333
R397:54568.889469,0.050000,54568.889498,54569.098394,54569.148394
R398:54568.984770,0.050000,54568.985473,54569.148449,54569.198450
R399:54569.059446,0.050000,54569.059497,54569.198511,54569.248512
R400:54569.096387,0.050000,54569.098381,54569.248567,54569.298568
R401:54569.104546,0.050000,54569.139263,54569.298621,54569.348622
R402:54569.160909,0.050000,54569.161635,54569.348654,54569.398655
R403:54569.216485,0.050000,54569.216554,54569.398700,54569.448700
R404:54569.263994,0.050000,54569.264040,54569.448766,54569.498767
R405:54569.321367,0.050000,54569.321489,54569.498843,54569.548844
R406:54569.349737,0.050000,54569.349822,54569.548897,54569.598898
R407:54569.373870,0.050000,54569.392241,54569.598930,54569.648931
R408:54569.512799,0.050000,54569.512843,54569.648973,54569.698974
R409:54569.554513,0.050000,54569.554550,54569.699023,54569.749024
R410:54569.567656,0.050000,54569.595392,54569.749073,54569.799074
R411:54569.628376,0.050000,54569.628675,54569.799115,54569.849115
R412:54569.676702,0.050000,54569.676769,54569.849166,54569.899167
R413:54569.737955,0.050000,54569.737996,54569.899219,54569.949220
R414:54569.795639,0.050000,54569.795815,54569.949306,54569.999307
R415:54569.813241,0.050000,54569.813279,54569.999353,54570.049354
R416:54569.924808,0.050000,54569.924903,54570.049379,54570.099379
R417:54569.930056,0.050000,54569.949284,54570.099452,54570.149453
R418:54569.937317,0.050000,54569.949288,54570.149487,54570.199487
R419:54570.098582,0.050000,54570.098623,54570.199519,54570.249520
R420:54570.110523,0.050000,54570.110598,54570.249566,54570.299567
R421:54570.152291,0.050000,54570.152319,54570.299627,54570.349628
R422:54570.168996,0.050000,54570.193256,54570.349660,54570.399661
R423:54570.279433,0.050000,54570.279678,54570.399700,54570.449701
R424:54570.301464,0.050000,54570.301665,54570.449767,54570.499768
R425:54570.329652,0.050000,54570.342109,54570.499840,54570.549841
R426:54570.461574,0.050000,54570.461684,54570.549879,54570.599880
R427:54570.488514,0.050000,54570.499827,54570.599949,54570.649950
R428:54570.595383,0.050000,54570.595434,54570.650004,54570.700004
R429:54570.663322,0.050000,54570.663585,54570.700104,54570.750105
R430:54570.665990,0.050000,54570.700081,54570.750146,54570.800146
R431:54570.684778,0.050000,54570.700086,54570.800193,54570.850193
R432:54570.779304,0.050000,54570.779349,54570.850227,54570.900228
R433:54570.840988,0.050000,54570.841490,54570.900266,54570.950267
R434:54570.954680,0.050000,54570.954707,54570.954757,54571.004758
R435:54570.977894,0.050000,54570.996130,54571.004812,54571.054813
R436:54570.993586,0.050000,54570.996139,54571.054849,54571.104850
R437:54571.007472,0.050000,54571.007891,54571.105470,54571.155491
R438:54571.067436,0.050000,54571.067473,54571.155547,54571.205547
R439:54571.075149,0.050000,54571.075297,54571.205588,54571.255589
R440:54571.145626,0.050000,54571.145649,54571.255645,54571.305645
R441:54571.241391,0.050000,54571.241429,54571.305684,54571.355685
R442:54571.321075,0.050000,54571.321115,54571.355751,54571.405751
R443:54571.335419,0.050000,54571.355778,54571.405779,54571.455780
R444:54571.367622,0.050000,54571.404273,54571.455834,54571.505835
R445:54571.391674,0.050000,54571.404282,54571.505892,54571.555893
R446:54571.427447,0.050000,54571.427569,54571.555950,54571.605950
R447:54571.444635,0.050000,54571.455882,54571.605985,54571.655985
R448:54571.476002,0.050000,54571.496390,54571.656095,54571.706096
R449:54571.524648,0.050000,54571.524759,54571.706147,54571.756148
R450:54571.536339,0.050000,54571.555938,54571.756500,54571.806501
R451:54571.588085,0.050000,54571.597201,54571.806529,54571.856530
R452:54571.589762,0.050000,54571.597209,54571.856568,54571.906569
R453:54571.620344,0.050000,54571.620430,54571.906608,54571.956609
R454:54571.651177,0.050000,54571.656081,54571.956640,54572.006640
R455:54571.674670,0.050000,54571.696404,54572.006689,54572.056691
R456:54571.758853,0.050000,54571.758922,54572.056720,54572.106721
R457:54571.778479,0.050000,54571.800227,54572.106753,54572.156754
R458:54571.844735,0.050000,54571.844819,54572.156808,54572.206809
R459:54571.895796,0.050000,54571.895912,54572.206837,54572.256837
R460:54572.054569,0.050000,54572.054649,54572.256876,54572.306885
R461:54572.127603,0.050000,54572.127749,54572.306911,54572.356911
R462:54572.231661,0.050000,54572.231741,54572.356953,54572.406953
R463:54572.306582,0.050000,54572.306654,54572.407016,54572.457017
R464:54572.330048,0.050000,54572.330123,54572.457091,54572.507092
R465:54572.395042,0.050000,54572.395129,54572.507179,54572.557180
R466:54572.395505,0.050000,54572.407003,54572.557262,54572.607263
R467:54572.443144,0.050000,54572.448189,54572.607301,54572.657302
R468:54572.559273,0.050000,54572.559329,54572.657354,54572.707362
R469:54572.619595,0.050000,54572.619695,54572.707454,54572.757455
R470:54572.684039,0.050000,54572.684234,54572.757523,54572.807523
R471:54572.729874,0.050000,54572.729962,54572.807550,54572.857551
R472:54572.761995,0.050000,54572.762073,54572.857586,54572.907586
R473:54572.790245,0.050000,54572.803208,54572.907619,54572.957620
R474:54572.869618,0.050000,54572.869717,54572.957655,54573.007655
R475:54572.971310,0.050000,54572.971386,54573.007707,54573.057711
R476:54573.042516,0.050000,54573.042570,54573.057762,54573.107762
R477:54573.053327,0.050000,54573.057749,54573.107788,54573.157789
R478:54573.055881,0.050000,54573.057751,54573.157849,54573.207863
R479:54573.060434,0.050000,54573.099077,54573.207889,54573.257890
R480:54573.133244,0.050000,54573.133368,54573.257926,54573.307927
R481:54573.146774,0.050000,54573.157837,54573.307981,54573.357982
R482:54573.207283,0.050000,54573.207394,54573.358049,54573.408049
R483:54573.282875,0.050000,54573.282952,54573.408078,54573.458078
R484:54573.335503,0.050000,54573.335618,54573.458111,54573.508112
R485:54573.335661,0.050000,54573.358036,54573.508164,54573.558164
R486:54573.336083,0.050000,54573.358039,54573.558204,54573.608205
R487:54573.359490,0.050000,54573.399135,54573.608266,54573.658266
R488:54573.379562,0.050000,54573.399143,54573.658301,54573.708695
R489:54573.446835,0.050000,54573.446895,54573.708762,54573.758763
R490:54573.568990,0.050000,54573.569110,54573.758800,54573.808801
R491:54573.582172,0.050000,54573.608255,54573.808858,54573.858859
R492:54573.608849,0.050000,54573.650153,54573.858895,54573.908896
R493:54573.677916,0.050000,54573.677994,54573.908927,54573.958928
R494:54573.810137,0.050000,54573.810229,54573.958960,54574.008961
R495:54573.876663,0.050000,54573.876771,54574.009004,54574.059004
R496:54573.900441,0.050000,54573.900536,54574.059067,54574.109067
R497:54574.036409,0.050000,54574.036491,54574.109091,54574.159092
R498:54574.049828,0.050000,54574.059055,54574.159130,54574.209132
R499:54574.060610,0.050000,54574.100368,54574.209844,54574.259845
R500:54574.104817,0.050000,54574.104895,54574.259878,54574.309878
R501:54574.215382,0.050000,54574.215468,54574.309915,54574.359916
R502:54574.285872,0.050000,54574.285965,54574.359946,54574.409947
R503:54574.432572,0.050000,54574.432677,54574.432688,54574.482689
R504:54574.445966,0.050000,54574.474362,54574.482719,54574.532720
R505:54574.477710,0.050000,54574.477736,54574.532755,54574.582755
R506:54574.554858,0.050000,54574.555084,54574.582813,54574.632814
R507:54574.682494,0.050000,54574.682963,54574.683063,54574.733064
R508:54574.733216,0.050000,54574.733787,54574.733793,54574.783794
R509:54574.817425,0.050000,54574.817580,54574.817590,54574.867591
R510:54574.986008,0.050000,54574.986068,54574.986225,54575.036226
R511:54575.002715,0.050000,54575.002753,54575.036262,54575.086263
R512:54575.166036,0.050000,54575.166088,54575.166245,54575.216246
R513:54575.216280,0.050000,54575.216304,54575.216430,54575.266431
R514:54575.385695,0.050000,54575.385737,54575.386478,54575.436479
R515:54575.428456,0.050000,54575.428504,54575.436518,54575.486519
R516:54575.478878,0.050000,54575.478924,54575.486560,54575.536561
R517:54575.653921,0.050000,54575.653963,54575.653993,54575.703994
R518:54575.754497,0.050000,54575.754538,54575.755289,54575.805290
R519:54575.859777,0.050000,54575.859825,54575.860207,54575.910207
R520:54575.916322,0.050000,54575.916360,54575.916805,54575.966807
R521:54575.983374,0.050000,54575.983417,54575.983849,54576.033850
R522:54576.318527,0.050000,54576.318621,54576.318702,54576.368703
R523:54576.490409,0.050000,54576.490502,54576.490641,54576.540642
R524:54576.515131,0.050000,54576.515188,54576.540675,54576.590676
R525:54576.644925,0.050000,54576.644972,54576.645715,54576.695716
R526:54576.700616,0.050000,54576.700646,54576.700966,54576.750967
R527:54576.764166,0.050000,54576.764311,54576.764510,54576.814511
R528:54576.853459,0.050000,54576.853510,54576.853557,54576.903557
R529:54576.946947,0.050000,54576.946980,54576.947326,54576.997327
R530:54577.046120,0.050000,54577.046197,54577.046541,54577.096541
R531:54577.065374,0.050000,54577.065424,54577.096593,54577.146594
R532:54577.123440,0.050000,54577.123486,54577.146644,54577.196645
R533:54577.163291,0.050000,54577.163334,54577.196720,54577.246721
R534:54577.174811,0.050000,54577.196706,54577.246754,54577.296755
R535:54577.274066,0.050000,54577.274113,54577.296813,54577.346814
R536:54577.399371,0.050000,54577.399512,54577.399523,54577.449524
R537:54577.528531,0.050000,54577.528721,54577.528732,54577.578733
R538:54577.597029,0.050000,54577.597185,54577.597196,54577.647197
R539:54577.630445,0.050000,54577.630482,54577.647261,54577.697262
R540:54577.689727,0.050000,54577.689752,54577.697349,54577.747441
R541:54577.746886,0.050000,54577.746984,54577.747498,54577.797499
R542:54577.811975,0.050000,54577.812012,54577.812136,54577.862137
R543:54577.860700,0.050000,54577.860729,54577.862165,54577.912166
R544:54577.871383,0.050000,54577.871414,54577.912230,54577.962231
R545:54577.925844,0.050000,54577.925877,54577.962283,54578.012283
R546:54577.928131,0.050000,54577.962272,54578.012359,54578.062360
R547:54578.004319,0.050000,54578.004361,54578.062390,54578.112390
R548:54578.050937,0.050000,54578.050979,54578.112426,54578.162427
R549:54578.163558,0.050000,54578.163582,54578.163681,54578.213681
R550:54578.209394,0.050000,54578.209430,54578.213769,54578.263770
R551:54578.217386,0.050000,54578.217452,54578.263799,54578.313800
R552:54578.260047,0.050000,54578.260074,54578.313842,54578.363843
R553:54578.304939,0.050000,54578.304969,54578.363870,54578.413870
R554:54578.308209,0.050000,54578.313832,54578.413892,54578.463893
R555:54578.413648,0.050000,54578.413680,54578.463938,54578.513938
R556:54578.444300,0.050000,54578.444327,54578.514091,54578.564092
R557:54578.508004,0.050000,54578.508061,54578.564142,54578.614143
R558:54578.546081,0.050000,54578.546115,54578.614208,54578.664209
R559:54578.556247,0.050000,54578.564132,54578.664294,54578.714295
R560:54578.589986,0.050000,54578.605333,54578.714357,54578.764358
R561:54578.608117,0.050000,54578.608198,54578.764738,54578.814748
R562:54578.641388,0.050000,54578.641429,54578.814798,54578.864799
R563:54578.643312,0.050000,54578.664279,54578.864849,54578.914850
R564:54578.723405,0.050000,54578.723493,54578.914900,54578.964901
R565:54578.777597,0.050000,54578.777640,54578.964949,54579.014950
R566:54578.883327,0.050000,54578.883369,54579.015068,54579.065106
R567:54578.938674,0.050000,54578.938725,54579.065154,54579.115155
R568:54578.975935,0.050000,54578.975981,54579.115246,54579.165246
R569:54579.016701,0.050000,54579.016721,54579.165290,54579.215291
R570:54579.350051,0.050000,54579.350106,54579.350618,54579.400619
R571:54579.353933,0.050000,54579.353953,54579.400672,54579.450673
R572:54579.358822,0.050000,54579.358853,54579.450722,54579.500723
R573:54579.423581,0.050000,54579.423639,54579.500783,54579.550783
R574:54579.481082,0.050000,54579.481124,54579.550809,54579.600812
R575:54579.497653,0.050000,54579.500773,54579.600846,54579.650847
R576:54579.514621,0.050000,54579.541127,54579.650896,54579.700897
R577:54579.577515,0.050000,54579.577556,54579.700952,54579.750953
R578:54579.738459,0.050000,54579.738503,54579.751005,54579.801006
R579:54579.822319,0.050000,54579.822397,54579.822527,54579.872528
R580:54579.861335,0.050000,54579.863231,54579.872567,54579.922719
R581:54579.897486,0.050000,54579.897539,54579.922776,54579.972777
R582:54580.016414,0.050000,54580.016464,54580.016628,54580.066629
R583:54580.207207,0.050000,54580.207274,54580.207299,54580.257300
R584:54580.393217,0.050000,54580.393256,54580.393588,54580.443589
R585:54580.536670,0.050000,54580.536730,54580.537188,54580.587189
R586:54580.627847,0.050000,54580.628021,54580.628433,54580.678434
R587:54580.653366,0.050000,54580.653532,54580.678484,54580.728485
R588:54580.701585,0.050000,54580.701747,54580.728568,54580.778569
R589:54580.717166,0.050000,54580.729080,54580.778605,54580.828606
R590:54580.757812,0.050000,54580.769351,54580.828639,54580.878640
R591:54580.944889,0.050000,54580.944940,54580.945013,54580.995014
R592:54580.984283,0.050000,54580.985134,54580.995057,54581.045084
R593:54581.119153,0.050000,54581.119193,54581.119672,54581.169673
R594:54581.332987,0.050000,54581.333040,54581.333554,54581.383555
R595:54581.345803,0.050000,54581.345839,54581.383608,54581.433608
R596:54581.384245,0.050000,54581.384267,54581.433644,54581.483645
R597:54581.480221,0.050000,54581.480302,54581.483697,54581.533698
R598:54581.571375,0.050000,54581.571420,54581.571861,54581.621862
R599:54581.718488,0.050000,54581.718526,54581.719117,54581.769118
R600:54581.737300,0.050000,54581.737348,54581.769169,54581.819405
R601:54581.827115,0.050000,54581.827152,54581.827513,54581.877513
R602:54582.034159,0.050000,54582.034268,54582.034890,54582.084891
R603:54582.059540,0.050000,54582.059573,54582.084938,54582.134939
R604:54582.091792,0.050000,54582.091811,54582.134975,54582.184976
R605:54582.143278,0.050000,54582.143311,54582.185042,54582.235043
R606:54582.193919,0.050000,54582.194037,54582.235106,54582.285106
R607:54582.255132,0.050000,54582.255190,54582.285166,54582.335167
R608:54582.268557,0.050000,54582.268603,54582.335227,54582.385228
R609:54582.309415,0.050000,54582.309482,54582.385287,54582.435288
R610:54582.337479,0.050000,54582.337510,54582.435338,54582.485351
R611:54582.403890,0.050000,54582.403920,54582.485407,54582.535408
R612:54582.559198,0.050000,54582.559229,54582.559328,54582.609329
R613:54582.574138,0.050000,54582.600220,54582.609382,54582.659383
R614:54582.632516,0.050000,54582.632556,54582.659449,54582.709450
R615:54582.757993,0.050000,54582.758058,54582.758067,54582.808068
R616:54582.768103,0.050000,54582.799086,54582.808138,54582.858138
R617:54582.798281,0.050000,54582.799092,54582.858188,54582.908253
R618:54582.812218,0.050000,54582.812238,54582.908324,54582.958324
R619:54582.877343,0.050000,54582.877403,54582.958391,54583.008392
R620:54582.933602,0.050000,54582.933649,54583.008455,54583.058456
R621:54583.004284,0.050000,54583.004323,54583.058521,54583.108609
R622:54583.061237,0.050000,54583.061292,54583.108661,54583.158661
R623:54583.065114,0.050000,54583.103124,54583.159112,54583.209116
R624:54583.116621,0.050000,54583.116669,54583.209191,54583.259192
R625:54583.168561,0.050000,54583.168612,54583.259268,54583.309269
R626:54583.186050,0.050000,54583.186124,54583.309317,54583.359318
R627:54583.187399,0.050000,54583.187430,54583.359379,54583.409380
R628:54583.213845,0.050000,54583.213897,54583.409439,54583.459440
R629:54583.214544,0.050000,54583.254291,54583.459489,54583.509489
R630:54583.375487,0.050000,54583.375609,54583.509542,54583.559542
R631:54583.433512,0.050000,54583.433571,54583.559599,54583.609600
R632:54583.526092,0.050000,54583.526167,54583.609650,54583.659677
R633:54583.663223,0.050000,54583.663282,54583.663358,54583.713451
R634:54583.832659,0.050000,54583.832710,54583.832781,54583.882798
R635:54583.844850,0.050000,54583.844895,54583.882837,54583.932838
R636:54583.882597,0.050000,54583.882656,54583.932882,54583.982883
R637:54583.924924,0.050000,54583.925016,54583.982937,54584.032938
R638:54584.024245,0.050000,54584.024337,54584.032993,54584.082994
R639:54584.088327,0.050000,54584.088425,54584.089006,54584.139006
R640:54584.299264,0.050000,54584.299320,54584.299918,54584.349919
R641:54584.309959,0.050000,54584.310005,54584.349955,54584.399956
R642:54584.331765,0.050000,54584.331808,54584.400008,54584.450008
R643:54584.465596,0.050000,54584.465644,54584.466121,54584.516122
R644:54584.494269,0.050000,54584.507196,54584.516181,54584.566232
R645:54584.637903,0.050000,54584.637948,54584.638594,54584.688594
R646:54584.724126,0.050000,54584.724177,54584.724978,54584.774979
R647:54584.764647,0.050000,54584.764705,54584.775035,54584.825036
R648:54584.784764,0.050000,54584.784834,54584.825139,54584.875140
R649:54584.968089,0.050000,54584.968304,54584.968324,54585.018394
R650:54584.976491,0.050000,54585.009107,54585.018457,54585.068458
R651:54585.102051,0.050000,54585.102115,54585.103034,54585.153035
R652:54585.163195,0.050000,54585.163263,54585.164118,54585.214119
R653:54585.242601,0.050000,54585.242659,54585.243319,54585.293320
R654:54585.404279,0.050000,54585.404347,54585.405018,54585.455018
R655:54585.417138,0.050000,54585.417225,54585.455081,54585.505082
R656:54585.438032,0.050000,54585.438137,54585.505142,54585.555143
R657:54585.449631,0.050000,54585.449677,54585.555216,54585.605217
R658:54585.463933,0.050000,54585.463992,54585.605256,54585.655256
R659:54585.526049,0.050000,54585.526130,54585.655320,54585.705321
R660:54585.538747,0.050000,54585.538793,54585.705389,54585.755424
R661:54585.547390,0.050000,54585.547442,54585.755556,54585.805557
R662:54585.563734,0.050000,54585.563870,54585.805609,54585.855610
R663:54585.747552,0.050000,54585.747597,54585.855675,54585.905675
R664:54585.748587,0.050000,54585.748803,54585.905735,54585.955736
R665:54585.760788,0.050000,54585.760840,54585.955802,54586.005803
R666:54585.769052,0.050000,54585.802337,54586.005861,54586.055862
R667:54585.808022,0.050000,54585.808169,54586.055942,54586.105944
R668:54585.874113,0.050000,54585.874287,54586.106007,54586.156050
R669:54586.028856,0.050000,54586.028901,54586.156114,54586.206160
R670:54586.035719,0.050000,54586.055929,54586.206274,54586.256274
R671:54586.095470,0.050000,54586.097096,54586.256355,54586.306356
R672:54586.100270,0.050000,54586.100510,54586.306413,54586.356414
R673:54586.132103,0.050000,54586.132157,54586.356482,54586.406483
R674:54586.175248,0.050000,54586.175630,54586.406640,54586.456641
R675:54586.211624,0.050000,54586.212006,54586.456708,54586.506709
R676:54586.234044,0.050000,54586.252264,54586.506764,54586.556765
R677:54586.253669,0.050000,54586.253732,54586.556822,54586.606823
R678:54586.408146,0.050000,54586.408248,54586.606927,54586.656927
R679:54586.461679,0.050000,54586.461724,54586.656980,54586.706980
R680:54586.475579,0.050000,54586.475707,54586.707009,54586.757009
R681:54586.478538,0.050000,54586.478566,54586.757064,54586.807065
R682:54586.515340,0.050000,54586.515382,54586.807183,54586.857184
R683:54586.621573,0.050000,54586.621652,54586.857260,54586.907261
R684:54586.709383,0.050000,54586.709405,54586.907311,54586.957312
R685:54586.737281,0.050000,54586.751302,54586.957899,54587.007899
R686:54587.124896,0.050000,54587.124942,54587.125025,54587.175067
R687:54587.127267,0.050000,54587.165195,54587.175101,54587.225101
R688:54587.173666,0.050000,54587.173711,54587.225157,54587.275158
R689:54587.187983,0.050000,54587.188054,54587.275280,54587.325281
R690:54587.256110,0.050000,54587.256170,54587.325334,54587.375334
R691:54587.331631,0.050000,54587.331678,54587.375406,54587.425407
R692:54587.356607,0.050000,54587.373311,54587.425454,54587.475455
R693:54587.494328,0.050000,54587.494393,54587.494542,54587.544543
R694:54587.559530,0.050000,54587.559578,54587.559707,54587.609707
R695:54587.585766,0.050000,54587.585823,54587.609756,54587.659757
R696:54587.589168,0.050000,54587.589217,54587.659804,54587.709804
R697:54587.680534,0.050000,54587.680638,54587.709859,54587.759859
R698:54587.782677,0.050000,54587.782744,54587.783328,54587.833329
R699:54587.857858,0.050000,54587.857915,54587.858488,54587.908490
R700:54587.929579,0.050000,54587.929675,54587.929791,54587.979791
R701:54588.076361,0.050000,54588.076405,54588.076470,54588.126471
R702:54588.099997,0.050000,54588.100086,54588.126545,54588.176546
R703:54588.187412,0.050000,54588.187456,54588.188085,54588.238086
R704:54588.209783,0.050000,54588.229147,54588.238126,54588.288127
R705:54588.313475,0.050000,54588.313533,54588.314146,54588.364147
R706:54588.326737,0.050000,54588.354356,54588.364208,54588.414209
R707:54588.382870,0.050000,54588.382977,54588.414360,54588.464361
R708:54588.386863,0.050000,54588.414264,54588.464394,54588.514395
R709:54588.394135,0.050000,54588.414344,54588.514503,54588.564504
R710:54588.406241,0.050000,54588.414346,54588.564560,54588.614560
R711:54588.424761,0.050000,54588.456225,54588.614633,54588.664634
R712:54588.434076,0.050000,54588.456237,54588.664703,54588.714704
R713:54588.489947,0.050000,54588.489997,54588.714752,54588.764753
R714:54588.494390,0.050000,54588.514485,54588.764805,54588.814805
R715:54588.632894,0.050000,54588.632965,54588.814864,54588.864865
R716:54588.815411,0.050000,54588.815434,54588.864906,54588.914914
R717:54588.823312,0.050000,54588.856148,54588.914947,54588.964948
R718:54588.986087,0.050000,54588.986141,54588.986265,54589.036436
R719:54589.026223,0.050000,54589.027115,54589.036468,54589.086469
R720:54589.045308,0.050000,54589.045338,54589.086533,54589.136534
R721:54589.101049,0.050000,54589.101104,54589.136615,54589.186616
R722:54589.113280,0.050000,54589.136603,54589.186666,54589.236667
R723:54589.169461,0.050000,54589.178275,54589.236756,54589.286757
R724:54589.210863,0.050000,54589.210904,54589.286854,54589.336855
R725:54589.317334,0.050000,54589.317383,54589.336909,54589.386910
R726:54589.480647,0.050000,54589.480692,54589.485349,54589.535350
R727:54589.528421,0.050000,54589.528473,54589.535414,54589.585415
R728:54589.584523,0.050000,54589.584576,54589.585462,54589.635462
R729:54589.672529,0.050000,54589.672597,54589.672939,54589.722966
R730:54589.688948,0.050000,54589.713193,54589.723099,54589.773114
R731:54589.708681,0.050000,54589.713202,54589.773165,54589.823188
R732:54589.772068,0.050000,54589.772117,54589.823408,54589.873409
R733:54589.821025,0.050000,54589.821120,54589.873465,54589.924336
R734:54589.822396,0.050000,54589.823259,54589.924392,54589.974491
R735:54589.990438,0.050000,54589.990750,54589.991611,54590.041612
R736:54590.017861,0.050000,54590.017908,54590.041669,54590.091670
R737:54590.033011,0.050000,54590.033071,54590.091726,54590.141740
R738:54590.079734,0.050000,54590.079765,54590.141879,54590.191879
R739:54590.112239,0.050000,54590.112288,54590.191969,54590.241970
R740:54590.136443,0.050000,54590.141932,54590.242034,54590.292034
R741:54590.209401,0.050000,54590.209499,54590.292087,54590.342088
R742:54590.276216,0.050000,54590.276279,54590.342197,54590.392197
R743:54590.313948,0.050000,54590.314083,54590.392226,54590.442227
R744:54590.334848,0.050000,54590.342436,54590.442255,54590.492256
R745:54590.412940,0.050000,54590.413073,54590.492320,54590.542329
R746:54590.439364,0.050000,54590.439497,54590.542392,54590.592426
R747:54590.455685,0.050000,54590.455775,54590.593158,54590.643159
R748:54590.545314,0.050000,54590.545349,54590.643265,54590.693267
R749:54590.564510,0.050000,54590.586320,54590.693343,54590.746313
R750:54590.636626,0.050000,54590.636908,54590.746352,54590.836967
R751:54590.638112,0.050000,54590.643325,54590.837031,54590.887032
R752:54590.754965,0.050000,54590.755080,54590.887116,54590.937116
R753:54590.877640,0.050000,54590.877740,54590.937168,54590.987175
R754:54590.940304,0.050000,54590.940339,54590.987228,54591.037229
R755:54590.964815,0.050000,54590.982209,54591.037279,54591.087324
R756:54591.033990,0.050000,54591.034179,54591.087473,54591.137474
R757:54591.082091,0.050000,54591.082138,54591.137532,54591.187533
R758:54591.200438,0.050000,54591.200487,54591.200616,54591.250617
R759:54591.218565,0.050000,54591.241995,54591.250668,54591.300669
R760:54591.237211,0.050000,54591.242005,54591.300728,54591.350729
R761:54591.242144,0.050000,54591.242172,54591.350780,54591.400780
R762:54591.287542,0.050000,54591.287582,54591.400834,54591.450834
R763:54591.425611,0.050000,54591.425662,54591.450895,54591.500896
R764:54591.484993,0.050000,54591.485050,54591.500956,54591.550957
R765:54591.532835,0.050000,54591.532939,54591.551016,54591.601016
R766:54591.640746,0.050000,54591.640791,54591.641394,54591.691396
R767:54591.840462,0.050000,54591.840567,54591.840712,54591.890713
R768:54591.924127,0.050000,54591.924183,54591.924306,54591.974307
R769:54591.950591,0.050000,54591.950623,54591.974348,54592.024348
R770:54591.978563,0.050000,54591.978598,54592.024396,54592.074397
R771:54591.981475,0.050000,54592.019267,54592.074447,54592.124448
R772:54591.983120,0.050000,54592.019270,54592.124628,54592.175615
R773:54591.983473,0.050000,54592.019275,54592.175670,54592.225671
R774:54592.025294,0.050000,54592.025484,54592.225702,54592.275703
R775:54592.047413,0.050000,54592.066326,54592.275744,54592.325745
R776:54592.124646,0.050000,54592.124672,54592.325792,54592.376084
R777:54592.231966,0.050000,54592.232000,54592.376282,54592.426282
R778:54592.276337,0.050000,54592.276363,54592.426350,54592.476350
R779:54592.315976,0.050000,54592.316140,54592.476397,54592.526399
R780:54592.321359,0.050000,54592.321471,54592.526450,54592.576451
R781:54592.334892,0.050000,54592.334939,54592.576579,54592.626580
R782:54592.376430,0.050000,54592.376507,54592.626631,54592.676631
R783:54592.537206,0.050000,54592.537489,54592.676694,54592.726695
R784:54592.540417,0.050000,54592.540634,54592.726786,54592.776787
R785:54592.546402,0.050000,54592.546449,54592.776871,54592.826872
R786:54592.564792,0.050000,54592.565446,54592.826917,54592.876918
R787:54592.643342,0.050000,54592.643384,54592.876973,54592.926973
R788:54592.702785,0.050000,54592.703129,54592.927029,54592.977030
R789:54592.709346,0.050000,54592.726904,54592.977075,54593.027076
R790:54592.913183,0.050000,54592.913467,54593.027109,54593.077110
R791:54593.040116,0.050000,54593.040210,54593.077231,54593.127232
R792:54593.052153,0.050000,54593.077357,54593.127291,54593.177291
R793:54593.092842,0.050000,54593.119403,54593.177350,54593.227351
R794:54593.181649,0.050000,54593.182368,54593.227400,54593.277456
R795:54593.276520,0.050000,54593.276677,54593.277501,54593.327502
R796:54593.277500,0.050000,54593.277669,54593.327554,54593.377555
R797:54593.331955,0.050000,54593.332002,54593.377607,54593.427608
R798:54593.415883,0.050000,54593.415919,54593.427649,54593.477650
R799:54593.501094,0.050000,54593.501128,54593.501219,54593.551219
R800:54593.661140,0.050000,54593.661204,54593.661939,54593.711940
R801:54593.667638,0.050000,54593.667692,54593.712002,54593.762003
R802:54593.764606,0.050000,54593.764665,54593.765748,54593.815749
R803:54593.947664,0.050000,54593.947719,54593.948355,54593.998356
R804:54593.954488,0.050000,54593.954532,54593.998398,54594.048398
R805:54593.974700,0.050000,54593.974764,54594.048448,54594.098452
R806:54593.991919,0.050000,54593.991966,54594.098481,54594.148482
R807:54594.096177,0.050000,54594.096219,54594.148517,54594.198517
R808:54594.103132,0.050000,54594.103156,54594.198550,54594.248551
R809:54594.190005,0.050000,54594.190103,54594.249115,54594.299116
R810:54594.211250,0.050000,54594.211322,54594.299174,54594.349265
R811:54594.223749,0.050000,54594.248647,54594.349300,54594.400030
R812:54594.397547,0.050000,54594.397614,54594.400087,54594.450087
R813:54594.487109,0.050000,54594.487232,54594.487826,54594.537827
R814:54594.493682,0.050000,54594.527287,54594.537898,54594.587899
R815:54594.741812,0.050000,54594.741864,54594.742455,54594.792456
R816:54594.858588,0.050000,54594.858645,54594.859161,54594.909162
R817:54594.884848,0.050000,54594.884898,54594.909216,54594.959357
R818:54594.958678,0.050000,54594.958722,54594.959471,54595.009472
R819:54594.996903,0.050000,54594.996954,54595.009541,54595.059542
R820:54595.033023,0.050000,54595.033139,54595.059604,54595.109605
R821:54595.099918,0.050000,54595.099968,54595.109663,54595.159664
R822:54595.124996,0.050000,54595.125066,54595.159722,54595.209723
R823:54595.183267,0.050000,54595.183324,54595.209799,54595.259799
R824:54595.192804,0.050000,54595.209784,54595.259839,54595.309840
R825:54595.198624,0.050000,54595.209787,54595.309873,54595.359874
R826:54595.228791,0.050000,54595.250275,54595.359912,54595.409913
R827:54595.238358,0.050000,54595.250284,54595.409958,54595.459958
R828:54595.306291,0.050000,54595.306365,54595.459997,54595.509998
R829:54595.314319,0.050000,54595.314471,54595.510052,54595.560053
R830:54595.448029,0.050000,54595.448132,54595.560112,54595.610113
R831:54595.503081,0.050000,54595.503111,54595.610154,54595.660154
R832:54595.518144,0.050000,54595.518180,54595.660204,54595.710205
R833:54595.587895,0.050000,54595.587973,54595.710262,54595.760263
R834:54595.635655,0.050000,54595.635695,54595.760309,54595.810310
R835:54595.659632,0.050000,54595.660192,54595.810349,54595.860349
R836:54595.839657,0.050000,54595.839714,54595.860398,54595.910398
R837:54595.931585,0.050000,54595.931953,54595.931961,54595.981962
R838:54595.939864,0.050000,54595.973226,54595.982001,54596.032002
R839:54595.942389,0.050000,54595.973233,54596.032034,54596.082062
R840:54595.987882,0.050000,54595.987917,54596.082094,54596.132095
R841:54596.020269,0.050000,54596.029198,54596.132124,54596.182125
R842:54596.035996,0.050000,54596.036069,54596.182175,54596.232176
R843:54596.074916,0.050000,54596.076101,54596.232233,54596.282234
R844:54596.086888,0.050000,54596.086970,54596.282299,54596.332299
R845:54596.111077,0.050000,54596.127270,54596.332332,54596.382332
R846:54596.147698,0.050000,54596.147780,54596.382371,54596.432372
R847:54596.148952,0.050000,54596.182163,54596.432417,54596.482418
R848:54596.215779,0.050000,54596.220134,54596.482466,54596.532467
R849:54596.225507,0.050000,54596.225561,54596.532499,54596.582500
R850:54596.265720,0.050000,54596.265762,54596.582561,54596.632562
R851:54596.272253,0.050000,54596.282285,54596.632594,54596.682595
R852:54596.367894,0.050000,54596.367944,54596.682633,54596.732634
R853:54596.464929,0.050000,54596.464973,54596.732683,54596.782684
R854:54596.537863,0.050000,54596.537908,54596.782723,54596.832724
R855:54596.688725,0.050000,54596.689171,54596.832778,54596.882808
R856:54596.815604,0.050000,54596.815659,54596.882889,54596.932890
R857:54596.819853,0.050000,54596.819882,54596.932925,54596.982926
R858:54596.823079,0.050000,54596.823102,54596.982975,54597.032976
R859:54596.870147,0.050000,54596.870192,54597.033029,54597.083030
R860:54596.882627,0.050000,54596.882873,54597.083065,54597.133065
R861:54597.047228,0.050000,54597.047275,54597.133158,54597.183159
R862:54597.055108,0.050000,54597.055155,54597.183201,54597.233201
R863:54597.086853,0.050000,54597.086899,54597.233291,54597.283292
R864:54597.144246,0.050000,54597.144282,54597.283326,54597.333340
R865:54597.208322,0.050000,54597.208613,54597.333400,54597.383401
R866:54597.284371,0.050000,54597.284397,54597.383443,54597.433444
R867:54597.333330,0.050000,54597.333367,54597.433477,54597.483477
R868:54597.366138,0.050000,54597.366174,54597.483510,54597.533529
R869:54597.474988,0.050000,54597.475106,54597.533566,54597.583567
R870:54597.529358,0.050000,54597.529400,54597.583623,54597.633624
R871:54597.688560,0.050000,54597.688588,54597.688729,54597.738729
R872:54597.704308,0.050000,54597.729123,54597.738766,54597.788767
R873:54597.801676,0.050000,54597.801755,54597.801825,54597.851826
R874:54597.831110,0.050000,54597.842197,54597.851855,54597.901856
R875:54597.861239,0.050000,54597.861286,54597.901930,54597.951931
R876:54597.867795,0.050000,54597.901951,54597.951962,54598.001974
R877:54597.970990,0.050000,54597.971052,54598.002000,54598.052053
R878:54598.001740,0.050000,54598.001798,54598.052083,54598.102093
R879:54598.088146,0.050000,54598.088258,54598.102132,54598.152132
R880:54598.258564,0.050000,54598.258605,54598.259008,54598.309008
R881:54598.376943,0.050000,54598.377001,54598.377505,54598.427505
R882:54598.488435,0.050000,54598.488537,54598.489221,54598.539222
R883:54598.566944,0.050000,54598.567010,54598.567704,54598.617705
R884:54598.630151,0.050000,54598.630208,54598.630847,54598.680848
R885:54598.675719,0.050000,54598.675773,54598.680880,54598.730880
R886:54598.737127,0.050000,54598.737217,54598.737226,54598.787227
R887:54598.781510,0.050000,54598.781546,54598.787261,54598.837262
R888:54598.835747,0.050000,54598.835781,54598.837290,54598.887291
R889:54598.905497,0.050000,54598.905531,54598.905646,54598.955647
R890:54598.907486,0.050000,54598.946269,54598.955691,54599.005691
R891:54598.995906,0.050000,54598.995961,54599.005743,54599.055753
R892:54599.053310,0.050000,54599.053345,54599.055787,54599.105788
R893:54599.062767,0.050000,54599.062814,54599.105846,54599.155847
R894:54599.072599,0.050000,54599.103274,54599.155952,54599.205953
R895:54599.086326,0.050000,54599.103283,54599.206038,54599.256039
R896:54599.180437,0.050000,54599.180572,54599.256180,54599.306181
R897:54599.296945,0.050000,54599.297010,54599.306320,54599.356321
R898:54599.381529,0.050000,54599.381575,54599.381636,54599.431637
R899:54599.394489,0.050000,54599.422300,54599.431684,54599.481685
R900:54599.463220,0.050000,54599.463249,54599.481744,54599.532552
R901:54599.486763,0.050000,54599.486801,54599.532597,54599.582598
R902:54599.493952,0.050000,54599.528249,54599.582647,54599.632648
R903:54599.631150,0.050000,54599.631215,54599.632686,54599.682696
R904:54599.638599,0.050000,54599.638631,54599.682726,54599.732727
R905:54599.682287,0.050000,54599.682395,54599.732806,54599.782807
R906:54599.703175,0.050000,54599.703211,54599.782927,54599.832928
R907:54599.717468,0.050000,54599.732793,54599.832995,54599.883006
R908:54599.738799,0.050000,54599.774216,54599.883059,54599.933060
R909:54599.805880,0.050000,54599.805937,54599.933122,54599.983123
R910:54599.989641,0.050000,54599.989746,54599.989950,54600.039963
R911:54600.006171,0.050000,54600.031675,54600.040036,54600.090037
R912:54600.051118,0.050000,54600.051171,54600.090123,54600.140123
R913:54600.145996,0.050000,54600.146063,54600.146207,54600.196207
R914:54600.318535,0.050000,54600.318596,54600.319446,54600.369447
R915:54600.328256,0.050000,54600.328309,54600.369509,54600.419517
R916:54600.350715,0.050000,54600.350770,54600.419590,54600.469591
R917:54600.402675,0.050000,54600.402727,54600.469630,54600.519631
R918:54600.467621,0.050000,54600.467670,54600.519689,54600.569689
R919:54600.596945,0.050000,54600.597035,54600.597197,54600.647225
R920:54600.613716,0.050000,54600.638336,54600.647285,54600.697286
R921:54600.683830,0.050000,54600.683874,54600.697343,54600.747344
R922:54600.746250,0.050000,54600.746275,54600.747371,54600.797372
R923:54600.858080,0.050000,54600.858115,54600.858478,54600.908479
R924:54600.962987,0.050000,54600.963098,54600.963862,54601.013863
R925:54601.055939,0.050000,54601.055997,54601.056131,54601.106132
R926:54601.057898,0.050000,54601.057995,54601.106243,54601.156244
R927:54601.113934,0.050000,54601.113990,54601.156289,54601.206289
R928:54601.174300,0.050000,54601.174500,54601.206350,54601.256351
R929:54601.264811,0.050000,54601.264909,54601.265341,54601.315342
R930:54601.358156,0.050000,54601.358235,54601.358857,54601.408859
R931:54601.379329,0.050000,54601.379389,54601.408959,54601.458960
R932:54601.384456,0.050000,54601.384536,54601.459300,54601.509309
R933:54601.517187,0.050000,54601.517217,54601.517261,54601.567262
R934:54601.529306,0.050000,54601.558370,54601.567314,54601.617315
R935:54601.541693,0.050000,54601.558380,54601.617388,54601.667389
R936:54601.569628,0.050000,54601.569674,54601.667436,54601.717438
R937:54601.606375,0.050000,54601.610087,54601.717507,54601.767508
R938:54601.636238,0.050000,54601.636296,54601.767605,54601.817606
R939:54601.701535,0.050000,54601.701582,54601.817659,54601.867660
R940:54601.708285,0.050000,54601.717495,54601.867752,54601.917753
R941:54601.732978,0.050000,54601.759727,54601.917801,54601.967801
R942:54601.860352,0.050000,54601.860402,54601.967833,54602.017834
R943:54601.918963,0.050000,54601.918991,54602.017868,54602.067869
R944:54601.925960,0.050000,54601.959280,54602.067926,54602.117938
R945:54602.028439,0.050000,54602.028471,54602.117968,54602.167968
R946:54602.115109,0.050000,54602.115141,54602.168005,54602.218047
R947:54602.147003,0.050000,54602.147047,54602.218077,54602.268077
R948:54602.175735,0.050000,54602.175785,54602.268135,54602.318136
R949:54602.207246,0.050000,54602.216089,54602.318431,54602.368432
R950:54602.227181,0.050000,54602.227227,54602.368481,54602.418482
R951:54602.284610,0.050000,54602.284761,54602.418559,54602.468560
R952:54602.290001,0.050000,54602.318257,54602.468674,54602.518675
R953:54602.435015,0.050000,54602.435114,54602.518731,54602.568732
R954:54602.470965,0.050000,54602.471425,54602.568784,54602.618785
R955:54602.606002,0.050000,54602.606340,54602.618819,54602.668819
R956:54602.676740,0.050000,54602.676788,54602.676802,54602.726802
R957:54602.716142,0.050000,54602.718068,54602.726863,54602.776864
R958:54602.756688,0.050000,54602.756746,54602.776924,54602.826924
R959:54602.778956,0.050000,54602.778982,54602.826969,54602.876969
R960:54602.795197,0.050000,54602.819131,54602.877004,54602.927005
R961:54602.813134,0.050000,54602.819140,54602.927087,54602.977087
R962:54602.867004,0.050000,54602.867055,54602.977144,54603.027259
R963:54602.889517,0.050000,54602.889581,54603.027328,54603.077329
R964:54602.898064,0.050000,54602.927073,54603.077480,54603.127481
R965:54602.985432,0.050000,54602.985504,54603.127578,54603.177579
R966:54603.028650,0.050000,54603.028704,54603.177627,54603.227628
R967:54603.071670,0.050000,54603.071732,54603.227682,54603.277683
R968:54603.085490,0.050000,54603.085788,54603.277746,54603.327747
R969:54603.208740,0.050000,54603.208829,54603.327784,54603.377785
R970:54603.218393,0.050000,54603.218517,54603.377839,54603.427840
R971:54603.240832,0.050000,54603.240879,54603.427894,54603.477894
R972:54603.254167,0.050000,54603.277732,54603.477942,54603.527959
R973:54603.254465,0.050000,54603.277735,54603.528016,54603.578017
R974:54603.399119,0.050000,54603.399167,54603.578156,54603.628157
R975:54603.420710,0.050000,54603.420755,54603.628354,54603.686096
R976:54603.524456,0.050000,54603.524526,54603.686196,54603.736197
R977:54603.590461,0.050000,54603.590550,54603.736257,54603.786264
R978:54603.663359,0.050000,54603.663409,54603.786317,54603.836328
R979:54603.675654,0.050000,54603.686174,54603.836393,54603.886394
R980:54603.682174,0.050000,54603.686179,54603.886438,54603.936439
R981:54603.882998,0.050000,54603.883051,54603.936498,54603.986498
R982:54603.976402,0.050000,54603.976448,54603.986553,54604.036553
R983:54603.984003,0.050000,54603.986539,54604.036603,54604.086603
R984:54604.107736,0.050000,54604.107837,54604.107946,54604.157947
R985:54604.122513,0.050000,54604.122570,54604.158051,54604.208051
R986:54604.444484,0.050000,54604.444537,54604.444633,54604.494634
R987:54604.492870,0.050000,54604.492912,54604.494673,54604.544674
R988:54604.561964,0.050000,54604.562044,54604.562154,54604.612155
R989:54604.601539,0.050000,54604.602128,54604.612206,54604.662207
R990:54604.711828,0.050000,54604.711880,54604.712443,54604.762444
R991:54604.851239,0.050000,54604.851300,54604.851880,54604.901881
R992:54604.929184,0.050000,54604.929278,54604.930453,54604.980497
R993:54604.961870,0.050000,54604.961935,54604.980653,54605.030654
R994:54604.975497,0.050000,54604.975555,54605.030719,54605.080720
R995:54605.089631,0.050000,54605.089730,54605.089790,54605.139791
R996:54605.100585,0.050000,54605.130177,54605.139852,54605.197412
R997:54605.171235,0.050000,54605.171421,54605.197877,54605.247878
R998:54605.197380,0.050000,54605.197970,54605.247929,54605.297930
R999:54605.224980,0.050000,54605.239197,54605.297978,54605.347979
R1000:54605.273119,0.050000,54605.273184,54605.348084,54605.398085
R1001:54605.311518,0.050000,54605.311633,54605.398138,54605.448139
R1002:54605.375892,0.050000,54605.375973,54605.448186,54605.499192
R1003:54605.455202,0.050000,54605.455266,54605.499305,54605.549306
R1004:54605.493947,0.050000,54605.499326,54605.549399,54605.599400
R1005:54605.542729,0.050000,54605.542772,54605.599456,54605.649456
R1006:54605.543237,0.050000,54605.549973,54605.649503,54605.699503
R1007:54605.562944,0.050000,54605.590365,54605.699558,54605.749558
R1008:54605.576364,0.050000,54605.590373,54605.749629,54605.799631
R1009:54605.650468,0.050000,54605.650499,54605.799713,54605.849714
R1010:54605.687347,0.050000,54605.692229,54605.849784,54605.899786
R1011:54605.704262,0.050000,54605.704370,54605.899948,54605.949950
R1012:54605.771272,0.050000,54605.771451,54605.951575,54606.001575
R1013:54605.787110,0.050000,54605.787312,54606.001624,54606.051625
R1014:54605.814311,0.050000,54605.814455,54606.051667,54606.101668
R1015:54605.859676,0.050000,54605.859743,54606.101716,54606.151716
R1016:54605.895262,0.050000,54605.899917,54606.151766,54606.201767
R1017:54605.921646,0.050000,54605.941313,54606.201827,54606.251828
R1018:54605.925102,0.050000,54605.941317,54606.251887,54606.301887
R1019:54605.931413,0.050000,54605.941321,54606.301952,54606.351953
R1020:54606.035076,0.050000,54606.035182,54606.352003,54606.402004
R1021:54606.167281,0.050000,54606.167324,54606.402062,54606.452063
R1022:54606.437298,0.050000,54606.437393,54606.452134,54606.502135
R1023:54606.483588,0.050000,54606.483621,54606.502186,54606.552467
R1024:54606.504652,0.050000,54606.504769,54606.552526,54606.602527
R1025:54606.517251,0.050000,54606.545133,54606.602586,54606.652587
R1026:54606.545199,0.050000,54606.545218,54606.652704,54606.702705
R1027:54606.581404,0.050000,54606.581570,54606.702790,54606.752791
R1028:54606.701817,0.050000,54606.701935,54606.752843,54606.802845
R1029:54606.773824,0.050000,54606.773872,54606.802892,54606.852893
R1030:54606.870408,0.050000,54606.870537,54606.871143,54606.921144
R1031:54606.901322,0.050000,54606.912220,54606.921196,54606.971197
R1032:54606.910828,0.050000,54606.912224,54606.971282,54607.021283
R1033:54606.945647,0.050000,54606.945803,54607.021374,54607.071382
R1034:54606.952773,0.050000,54606.971388,54607.071433,54607.121433
R1035:54607.010210,0.050000,54607.012327,54607.121483,54607.171484
R1036:54607.224819,0.050000,54607.224954,54607.225412,54607.275413
R1037:54607.232248,0.050000,54607.265341,54607.275460,54607.325461
R1038:54607.359387,0.050000,54607.359499,54607.360202,54607.410228
R1039:54607.370418,0.050000,54607.400165,54607.410283,54607.460284
R1040:54607.471910,0.050000,54607.472135,54607.472890,54607.522891
R1041:54607.495691,0.050000,54607.512156,54607.522934,54607.572934
R1042:54607.527297,0.050000,54607.527387,54607.572999,54607.623000
R1043:54607.566761,0.050000,54607.569232,54607.623049,54607.673049
R1044:54607.614351,0.050000,54607.614383,54607.673097,54607.723098
R1045:54607.699884,0.050000,54607.699918,54607.723141,54607.773141
R1046:54607.919335,0.050000,54607.919461,54607.919666,54607.969667
R1047:54608.118731,0.050000,54608.119274,54608.119284,54608.169285
R1048:54608.124790,0.050000,54608.124938,54608.169318,54608.219319
R1049:54608.126333,0.050000,54608.126364,54608.219377,54608.269378
R1050:54608.129857,0.050000,54608.129883,54608.269537,54608.319538
R1051:54608.272533,0.050000,54608.272634,54608.319588,54608.369589
R1052:54608.416350,0.050000,54608.416405,54608.416494,54608.466675
R1053:54608.419119,0.050000,54608.419142,54608.466721,54608.516722
R1054:54608.453214,0.050000,54608.453280,54608.516764,54608.566765
R1055:54608.466051,0.050000,54608.466152,54608.566818,54608.616819
R1056:54608.481739,0.050000,54608.481787,54608.617732,54608.667732
R1057:54608.576017,0.050000,54608.576081,54608.667823,54608.717824
R1058:54608.637130,0.050000,54608.637183,54608.717860,54608.767860
R1059:54608.642055,0.050000,54608.667807,54608.767955,54608.817956
R1060:54608.680822,0.050000,54608.709276,54608.818006,54608.868007
R1061:54608.713764,0.050000,54608.713814,54608.868063,54608.918064
R1062:54608.752385,0.050000,54608.752437,54608.918140,54608.968141
R1063:54608.810052,0.050000,54608.810076,54608.968285,54609.018286
R1064:54608.922961,0.050000,54608.923015,54609.018346,54609.068347
R1065:54608.974879,0.050000,54608.974952,54609.068406,54609.118407
R1066:54608.989143,0.050000,54608.989268,54609.118467,54609.168468
R1067:54609.090963,0.050000,54609.091021,54609.168527,54609.218528
R1068:54609.160859,0.050000,54609.160885,54609.218583,54609.268585
R1069:54609.165613,0.050000,54609.168516,54609.268685,54609.318724
R1070:54609.370994,0.050000,54609.371884,54609.371894,54609.421895
R1071:54609.411450,0.050000,54609.411519,54609.421953,54609.471953
R1072:54609.441947,0.050000,54609.442003,54609.472061,54609.522157
R1073:54609.469842,0.050000,54609.472043,54609.522217,54609.572237
R1074:54609.636877,0.050000,54609.637060,54609.637071,54609.687088
R1075:54609.792471,0.050000,54609.793774,54609.793784,54609.843785
R1076:54609.801847,0.050000,54609.801880,54609.843842,54609.893842
R1077:54609.946426,0.050000,54609.946502,54609.946970,54609.996971
R1078:54610.076953,0.050000,54610.077157,54610.077652,54610.127653
R1079:54610.090589,0.050000,54610.090676,54610.127718,54610.177719
R1080:54610.249740,0.050000,54610.249804,54610.250769,54610.300771
R1081:54610.414914,0.050000,54610.414971,54610.415703,54610.465704
R1082:54610.420943,0.050000,54610.420984,54610.465765,54610.515766
R1083:54610.528621,0.050000,54610.528736,54610.529244,54610.579245
R1084:54610.744808,0.050000,54610.744861,54610.744954,54610.794955
R1085:54610.789423,0.050000,54610.789470,54610.795016,54610.845017
R1086:54610.789830,0.050000,54610.789844,54610.845056,54610.895088
R1087:54610.802940,0.050000,54610.802971,54610.895145,54610.945146
R1088:54610.824226,0.050000,54610.844285,54610.945206,54610.995207
R1089:54610.886141,0.050000,54610.886167,54610.995261,54611.045261
R1090:54610.905421,0.050000,54610.905462,54611.045309,54611.095309
R1091:54610.991880,0.050000,54610.991915,54611.095461,54611.145482
R1092:54610.994281,0.050000,54610.995248,54611.145509,54611.195511
R1093:54611.074636,0.050000,54611.074707,54611.195590,54611.245590
R1094:54611.102702,0.050000,54611.102816,54611.245650,54611.295650
R1095:54611.232182,0.050000,54611.232241,54611.295686,54611.345686
R1096:54611.253523,0.050000,54611.253550,54611.345745,54611.395746
R1097:54611.304173,0.050000,54611.304219,54611.395788,54611.445789
R1098:54611.374770,0.050000,54611.374807,54611.445846,54611.495846
R1099:54611.572612,0.050000,54611.572679,54611.573165,54611.623166
R1100:54611.633936,0.050000,54611.633989,54611.634560,54611.684561
R1101:54611.697560,0.050000,54611.697618,54611.698109,54611.748109
R1102:54611.733210,0.050000,54611.733292,54611.748166,54611.798167
R1103:54611.734011,0.050000,54611.734093,54611.798283,54611.848284
R1104:54612.079968,0.050000,54612.080131,54612.080142,54612.130143
R1105:54612.108352,0.050000,54612.120309,54612.130314,54612.180315
R1106:54612.270662,0.050000,54612.270859,54612.270870,54612.320871
R1107:54612.277356,0.050000,54612.312314,54612.320923,54612.370924
R1108:54612.296663,0.050000,54612.312320,54612.370986,54612.420987
R1109:54612.397639,0.050000,54612.397690,54612.421054,54612.471058
R1110:54612.419257,0.050000,54612.421041,54612.471095,54612.521096
R1111:54612.432191,0.050000,54612.461408,54612.521148,54612.571148
R1112:54612.514048,0.050000,54612.514087,54612.571219,54612.621236
R1113:54612.544097,0.050000,54612.544142,54612.621270,54612.671271
R1114:54612.544649,0.050000,54612.571207,54612.671321,54612.721322
R1115:54612.619614,0.050000,54612.619667,54612.721371,54612.771371
R1116:54612.757414,0.050000,54612.757465,54612.771458,54612.821458
R1117:54612.758230,0.050000,54612.771444,54612.822407,54612.872408
R1118:54612.894209,0.050000,54612.894426,54612.894437,54612.944438
R1119:54612.906526,0.050000,54612.906600,54612.944492,54612.994504
R1120:54612.970437,0.050000,54612.970496,54612.994701,54613.044702
R1121:54612.980620,0.050000,54612.994592,54613.044745,54613.094746
R1122:54613.142854,0.050000,54613.142893,54613.143013,54613.193014
R1123:54613.213370,0.050000,54613.213510,54613.213521,54613.263522
R1124:54613.341051,0.050000,54613.341153,54613.341227,54613.391228
R1125:54613.361511,0.050000,54613.361581,54613.391281,54613.441282
R1126:54613.411323,0.050000,54613.411370,54613.441340,54613.491341
R1127:54613.421989,0.050000,54613.441327,54613.491389,54613.541389
R1128:54613.532300,0.050000,54613.532354,54613.541499,54613.591500
R1129:54613.548322,0.050000,54613.548363,54613.591537,54613.641538
R1130:54613.555939,0.050000,54613.590215,54613.641634,54613.691641
R1131:54613.593677,0.050000,54613.593725,54613.691683,54613.741684
R1132:54613.717028,0.050000,54613.717113,54613.741760,54613.791761
R1133:54613.766534,0.050000,54613.766594,54613.791832,54613.841833
R1134:54613.805824,0.050000,54613.812745,54613.841967,54613.891968
R1135:54613.934407,0.050000,54613.934466,54613.934623,54613.984623
R1136:54614.084719,0.050000,54614.084787,54614.085423,54614.135424
R1137:54614.115460,0.050000,54614.115538,54614.135499,54614.185500
R1138:54614.310974,0.050000,54614.311005,54614.311051,54614.361076
R1139:54614.323057,0.050000,54614.351249,54614.361119,54614.411120
R1140:54614.336204,0.050000,54614.351257,54614.411180,54614.461181
R1141:54614.354050,0.050000,54614.354068,54614.461236,54614.511238
R1142:54614.382460,0.050000,54614.382508,54614.511274,54614.561274
R1143:54614.539006,0.050000,54614.539130,54614.561335,54614.611335
R1144:54614.601575,0.050000,54614.601617,54614.611388,54614.661389
R1145:54614.630687,0.050000,54614.630794,54614.661450,54614.711451
R1146:54614.690821,0.050000,54614.690861,54614.711547,54614.761548
R1147:54614.736514,0.050000,54614.736589,54614.761624,54614.811625
R1148:54614.767731,0.050000,54614.767786,54614.811700,54614.861713
R1149:54614.811922,0.050000,54614.812002,54614.861876,54614.911876
R1150:54614.886392,0.050000,54614.886477,54614.912001,54614.962002
R1151:54614.887995,0.050000,54614.888076,54614.962062,54615.012062
R1152:54614.954184,0.050000,54614.954214,54615.012106,54615.062107
R1153:54615.015340,0.050000,54615.015495,54615.062150,54615.112151
R1154:54615.091482,0.050000,54615.091548,54615.112252,54615.162253
R1155:54615.137970,0.050000,54615.138137,54615.162309,54615.212310
R1156:54615.279553,0.050000,54615.279587,54615.280439,54615.330440
R1157:54615.296929,0.050000,54615.320221,54615.330492,54615.380494
R1158:54615.367610,0.050000,54615.367661,54615.380556,54615.430556
R1159:54615.448490,0.050000,54615.448534,54615.448906,54615.498907
R1160:54615.487889,0.050000,54615.490092,54615.498961,54615.548988
R1161:54615.585192,0.050000,54615.585316,54615.586008,54615.636010
R1162:54615.597626,0.050000,54615.626141,54615.636072,54615.686073
R1163:54615.622565,0.050000,54615.626148,54615.686202,54615.736205
R1164:54615.648295,0.050000,54615.648346,54615.736396,54615.786397
R1165:54615.712423,0.050000,54615.712505,54615.786466,54615.836467
R1166:54615.725691,0.050000,54615.736381,54615.836528,54615.886529
R1167:54615.743677,0.050000,54615.777132,54615.886616,54615.936617
R1168:54615.745908,0.050000,54615.777135,54615.936670,54615.986671
R1169:54615.755968,0.050000,54615.777140,54615.986738,54616.036739
R1170:54615.790389,0.050000,54615.790444,54616.036798,54616.086799
R1171:54615.806323,0.050000,54615.832330,54616.086853,54616.136854
R1172:54615.837273,0.050000,54615.837314,54616.137081,54616.187110
R1173:54615.932753,0.050000,54615.932812,54616.187163,54616.237164
R1174:54615.942853,0.050000,54615.942934,54616.237295,54616.287311
R1175:54615.945844,0.050000,54615.983547,54616.287421,54616.337422
R1176:54615.957511,0.050000,54615.983554,54616.337485,54616.387509
R1177:54616.043913,0.050000,54616.043960,54616.387580,54616.437581
R1178:54616.091409,0.050000,54616.091455,54616.437641,54616.487642
R1179:54616.138588,0.050000,54616.138658,54616.488324,54616.538327
R1180:54616.157256,0.050000,54616.157302,54616.538489,54616.588490
R1181:54616.173734,0.050000,54616.173778,54616.588545,54616.638546
R1182:54616.222944,0.050000,54616.222985,54616.638625,54616.688625
R1183:54616.365640,0.050000,54616.365694,54616.688687,54616.738688
R1184:54616.482399,0.050000,54616.482473,54616.738729,54616.788730
R1185:54616.500047,0.050000,54616.500135,54616.788780,54616.838781
R1186:54616.534969,0.050000,54616.538473,54616.838872,54616.888873
R1187:54616.620149,0.050000,54616.620197,54616.888939,54616.938940
R1188:54616.661154,0.050000,54616.661194,54616.938991,54616.988992
R1189:54616.667655,0.050000,54616.688675,54616.989042,54617.039043
R1190:54616.706793,0.050000,54616.729229,54617.039094,54617.089095
R1191:54616.884881,0.050000,54616.884999,54617.089139,54617.139140
R1192:54617.018377,0.050000,54617.018427,54617.139212,54617.189212
R1193:54617.082428,0.050000,54617.082458,54617.189251,54617.239268
R1194:54617.101986,0.050000,54617.102044,54617.239296,54617.289296
R1195:54617.117241,0.050000,54617.139197,54617.289331,54617.339332
R1196:54617.137664,0.050000,54617.139200,54617.339390,54617.389391
R1197:54617.174922,0.050000,54617.181197,54617.389440,54617.439441
R1198:54617.213309,0.050000,54617.213365,54617.439500,54617.489500
R1199:54617.235962,0.050000,54617.239308,54617.489552,54617.539553
R1200:54617.291276,0.050000,54617.291328,54617.539608,54617.589609
R1201:54617.421848,0.050000,54617.421908,54617.589657,54617.639684
R1202:54617.467298,0.050000,54617.467420,54617.639735,54617.689736
R1203:54617.691122,0.050000,54617.691153,54617.691236,54617.741236
R1204:54617.758711,0.050000,54617.758759,54617.758854,54617.808855
R1205:54617.824136,0.050000,54617.824172,54617.824281,54617.874282
R1206:54618.086716,0.050000,54618.086794,54618.086838,54618.136839
R1207:54618.187011,0.050000,54618.187122,54618.187322,54618.237323
R1208:54618.218071,0.050000,54618.218128,54618.237375,54618.287376
R1209:54618.263549,0.050000,54618.263591,54618.287422,54618.337422
R1210:54618.288128,0.050000,54618.288158,54618.337471,54618.387472
R1211:54618.351488,0.050000,54618.351532,54618.387530,54618.437531
R1212:54618.435876,0.050000,54618.435927,54618.437591,54618.487592
R1213:54618.560802,0.050000,54618.560893,54618.560995,54618.610996
R1214:54618.608716,0.050000,54618.608760,54618.611034,54618.661034
R1215:54618.663737,0.050000,54618.663792,54618.664251,54618.714251
R1216:54618.670868,0.050000,54618.704146,54618.714365,54618.764366
R1217:54618.859512,0.050000,54618.859645,54618.863366,54618.913366
R1218:54618.884264,0.050000,54618.900157,54618.913456,54618.963534
R1219:54618.938030,0.050000,54618.938103,54618.963638,54619.013638
R1220:54618.940952,0.050000,54618.963625,54619.013685,54619.063686
R1221:54619.038085,0.050000,54619.038355,54619.063743,54619.113845
R1222:54619.084666,0.050000,54619.084722,54619.113911,54619.163911
R1223:54619.245968,0.050000,54619.246109,54619.246183,54619.296184
R1224:54619.280966,0.050000,54619.288310,54619.296249,54619.346250
R1225:54619.376851,0.050000,54619.376907,54619.376966,54619.426967
R1226:54619.386332,0.050000,54619.418257,54619.427061,54619.477078
R1227:54619.462827,0.050000,54619.462875,54619.477169,54619.527169
R1228:54619.479470,0.050000,54619.479500,54619.527322,54619.577323
R1229:54619.536999,0.050000,54619.537095,54619.577368,54619.627369
R1230:54619.538779,0.050000,54619.538816,54619.627432,54619.677433
R1231:54619.647475,0.050000,54619.647559,54619.677488,54619.727488
R1232:54619.689462,0.050000,54619.689509,54619.727541,54619.777542
R1233:54619.736445,0.050000,54619.736474,54619.777580,54619.827581
R1234:54619.836508,0.050000,54619.836589,54619.836622,54619.886624
R1235:54619.845441,0.050000,54619.845513,54619.886754,54619.936755
R1236:54619.857488,0.050000,54619.857563,54619.936807,54619.986862
R1237:54619.951732,0.050000,54619.951781,54619.986894,54620.036908
R1238:54620.114666,0.050000,54620.114719,54620.114850,54620.164851
R1239:54620.165843,0.050000,54620.165883,54620.165960,54620.215998
R1240:54620.187575,0.050000,54620.187623,54620.216743,54620.266743
R1241:54620.205575,0.050000,54620.205634,54620.266807,54620.316807
R1242:54620.219234,0.050000,54620.219278,54620.316866,54620.366866
R1243:54620.221393,0.050000,54620.261161,54620.366921,54620.416921
R1244:54620.228960,0.050000,54620.261169,54620.417109,54620.467110
R1245:54620.310282,0.050000,54620.310310,54620.467191,54620.517191
R1246:54620.370186,0.050000,54620.370297,54620.517246,54620.567247
R1247:54620.385296,0.050000,54620.412283,54620.567307,54620.617411
R1248:54620.456282,0.050000,54620.456330,54620.617474,54620.667475
R1249:54620.631888,0.050000,54620.631929,54620.667548,54620.717549
R1250:54620.729191,0.050000,54620.729234,54620.729352,54620.779353
R1251:54620.809295,0.050000,54620.809355,54620.809477,54620.859478
R1252:54620.890733,0.050000,54620.890781,54620.890947,54620.940948
R1253:54620.913920,0.050000,54620.913984,54620.940992,54620.990993
R1254:54620.979028,0.050000,54620.979231,54620.991054,54621.041055
R1255:54620.989796,0.050000,54620.991041,54621.041136,54621.091137
R1256:54620.995977,0.050000,54621.031197,54621.091195,54621.141196
R1257:54621.091961,0.050000,54621.091985,54621.141287,54621.191288
R1258:54621.214769,0.050000,54621.214953,54621.214964,54621.264965
R1259:54621.239397,0.050000,54621.239444,54621.265090,54621.315091
R1260:54621.269568,0.050000,54621.269607,54621.315153,54621.365154
R1261:54621.395970,0.050000,54621.396097,54621.396193,54621.446236
R1262:54621.405875,0.050000,54621.405932,54621.446307,54621.496308
R1263:54621.526547,0.050000,54621.526588,54621.526690,54621.576691
R1264:54621.557757,0.050000,54621.557817,54621.576749,54621.626749
R1265:54621.726718,0.050000,54621.726785,54621.726885,54621.776886
R1266:54621.976125,0.050000,54621.976233,54621.976317,54622.026318
R1267:54622.027724,0.050000,54622.027758,54622.028542,54622.078543
R1268:54622.104941,0.050000,54622.105009,54622.106382,54622.156383
R1269:54622.253506,0.050000,54622.253568,54622.254806,54622.304929
R1270:54622.261224,0.050000,54622.261284,54622.304986,54622.354987
R1271:54622.261300,0.050000,54622.261310,54622.355055,54622.405100
R1272:54622.271920,0.050000,54622.271995,54622.405158,54622.455201
R1273:54622.295071,0.050000,54622.295132,54622.455247,54622.505248
R1274:54622.297218,0.050000,54622.297275,54622.505292,54622.555293
R1275:54622.316764,0.050000,54622.316807,54622.555410,54622.605411
R1276:54622.319112,0.050000,54622.355038,54622.605502,54622.655705
R1277:54622.384484,0.050000,54622.398282,54622.655779,54622.706350
R1278:54622.425462,0.050000,54622.425640,54622.706388,54622.758578
R1279:54622.504379,0.050000,54622.504465,54622.788490,54622.838491
R1280:54622.560672,0.050000,54622.561648,54622.838561,54622.920018
R1281:54622.582129,0.050000,54622.605484,54622.920106,54623.970107
R1282:54622.618748,0.050000,54622.642280,54623.970218,54624.020301
R1283:54622.642777,0.050000,54622.642953,54624.020402,54624.070403
R1284:54622.713493,0.050000,54622.714254,54624.070448,54624.120449
R1285:54622.737091,0.050000,54622.754545,54624.120509,54624.170509
R1286:54622.791278,0.050000,54622.792537,54624.170568,54624.220568
R1287:54622.872837,0.050000,54622.874850,54624.220640,54624.270641
R1288:54623.018087,0.050000,54623.018131,54624.270782,54624.320782
R1289:54623.043919,0.050000,54623.043998,54624.320841,54624.370842
R1290:54623.310635,0.050000,54623.310711,54624.370908,54624.420909
R1291:54623.328951,0.050000,54623.329095,54624.420993,54624.470993
R1292:54623.342994,0.050000,54623.343047,54624.471041,54624.521081
R1293:54623.351837,0.050000,54623.351892,54624.521118,54624.571119
R1294:54623.358898,0.050000,54623.358970,54624.571188,54624.621189
R1295:54623.414511,0.050000,54623.414623,54624.621316,54624.671317
R1296:54623.418883,0.050000,54623.419025,54624.671373,54624.721374
R1297:54623.425058,0.050000,54623.425151,54624.721444,54624.771445
R1298:54623.435126,0.050000,54623.435175,54624.771508,54624.821509
R1299:54623.527498,0.050000,54623.527596,54624.821563,54624.871564
R1300:54623.813235,0.050000,54623.813393,54624.871627,54624.921628
R1301:54623.832850,0.050000,54623.832892,54624.922728,54624.972728
R1302:54623.925536,0.050000,54623.925668,54624.972784,54625.022785
R1303:54623.936609,0.050000,54623.936666,54625.022833,54625.072834
R1304:54623.989210,0.050000,54623.989263,54625.072887,54625.122887
R1305:54624.090140,0.050000,54624.090301,54625.122936,54625.172937
R1306:54624.123540,0.050000,54624.123646,54625.172966,54625.222967
R1307:54624.180891,0.050000,54624.180945,54625.223066,54625.273066
R1308:54624.218271,0.050000,54624.218329,54625.273121,54625.323122
R1309:54624.356812,0.050000,54624.356873,54625.323179,54625.373192
R1310:54624.380660,0.050000,54624.380701,54625.373241,54625.423242
R1311:54624.383122,0.050000,54624.421116,54625.423321,54625.473322
R1312:54624.394301,0.050000,54624.421120,54625.473348,54625.523349
R1313:54624.480460,0.050000,54624.480506,54625.523442,54625.573443
R1314:54624.507983,0.050000,54624.508037,54625.573498,54625.623499
R1315:54624.590320,0.050000,54624.590370,54625.623545,54625.673546
R1316:54624.700576,0.050000,54624.700657,54625.673607,54625.723608
R1317:54624.807278,0.050000,54624.807326,54625.723664,54625.773665
R1318:54624.840484,0.050000,54624.840542,54625.773722,54625.823723
R1319:54624.914488,0.050000,54624.914517,54625.823830,54625.873831
R1320:54624.924891,0.050000,54624.924938,54625.873877,54625.924042
R1321:54624.955301,0.050000,54624.965133,54625.924090,54625.974091
R1322:54625.130515,0.050000,54625.130648,54625.974144,54626.024145
R1323:54625.156863,0.050000,54625.171326,54626.024193,54626.074194
R1324:54625.202152,0.050000,54625.202201,54626.074227,54626.124228
R1325:54625.205628,0.050000,54625.223173,54626.124289,54626.174290
R1326:54625.368221,0.050000,54625.368406,54626.174349,54626.224350
R1327:54625.422107,0.050000,54625.422148,54626.224402,54626.274402
R1328:54625.432098,0.050000,54625.432149,54626.274470,54626.324471
R1329:54625.437422,0.050000,54625.473114,54626.324528,54626.374529
R1330:54625.463279,0.050000,54625.473117,54626.374596,54626.424597
R1331:54625.470952,0.050000,54625.473121,54626.424728,54626.474729
R1332:54625.496528,0.050000,54625.496582,54626.474786,54626.524787
R1333:54625.503994,0.050000,54625.523491,54626.524844,54626.574845
R1334:54625.523503,0.050000,54625.565703,54626.574903,54626.624904
R1335:54625.661686,0.050000,54625.661840,54626.625004,54626.675005
R1336:54625.811847,0.050000,54625.811889,54626.675044,54626.725045
R1337:54625.881263,0.050000,54625.881295,54626.725110,54626.775110
R1338:54625.923469,0.050000,54625.923539,54626.775163,54626.825163
R1339:54625.952063,0.050000,54625.952180,54626.825218,54626.875391
R1340:54626.004121,0.050000,54626.004205,54626.875448,54626.925676
R1341:54626.106439,0.050000,54626.106483,54626.925746,54626.975747
R1342:54626.137847,0.050000,54626.137950,54626.975828,54627.025829
R1343:54626.217013,0.050000,54626.217158,54627.025928,54627.075929
R1344:54626.266991,0.050000,54626.267093,54627.075990,54627.125991
R1345:54626.351675,0.050000,54626.351708,54627.126085,54627.176086
R1346:54626.389071,0.050000,54626.389117,54627.176134,54627.226135
R1347:54626.418865,0.050000,54626.424786,54627.226211,54627.276212
R1348:54626.470950,0.050000,54626.471009,54627.276332,54627.326333
R1349:54626.587208,0.050000,54626.587372,54627.326406,54627.376410
R1350:54626.592529,0.050000,54626.625075,54627.376486,54627.426487
R1351:54626.668889,0.050000,54626.668944,54627.426548,54627.476548
R1352:54626.684748,0.050000,54626.684794,54627.476608,54627.526609
R1353:54626.685326,0.050000,54626.725122,54627.526656,54627.576657
R1354:54626.688332,0.050000,54626.725173,54627.576719,54627.626719
R1355:54626.770415,0.050000,54626.770553,54627.626786,54627.676787
R1356:54626.773781,0.050000,54626.773830,54627.676848,54627.726849
R1357:54626.991753,0.050000,54626.991822,54627.726905,54627.776906
R1358:54627.014311,0.050000,54627.025912,54627.776955,54627.826956
R1359:54627.026117,0.050000,54627.067207,54627.827021,54627.877022
R1360:54627.028880,0.050000,54627.067211,54627.877108,54627.927109
R1361:54627.092075,0.050000,54627.092121,54627.927274,54627.977312
R1362:54627.113619,0.050000,54627.126065,54627.978165,54628.028165
R1363:54627.142381,0.050000,54627.167937,54628.028224,54628.078224
R1364:54627.227667,0.050000,54627.227709,54628.078297,54628.128303
R1365:54627.277277,0.050000,54627.277341,54628.128364,54628.178370
R1366:54627.296763,0.050000,54627.296821,54628.178433,54628.228434
R1367:54627.363042,0.050000,54627.363164,54628.228491,54628.278492
R1368:54627.378653,0.050000,54627.378697,54628.278551,54628.328551
R1369:54627.463352,0.050000,54627.463402,54628.328601,54628.378601
R1370:54627.464631,0.050000,54627.464769,54628.378660,54628.428661
R1371:54627.556780,0.050000,54627.556925,54628.428720,54628.478724
R1372:54627.606650,0.050000,54627.606761,54628.478896,54628.528898
R1373:54627.639637,0.050000,54627.639687,54628.528957,54628.578958
R1374:54627.681156,0.050000,54627.681253,54628.579006,54628.629007
R1375:54627.687725,0.050000,54627.723137,54628.629060,54628.679061
R1376:54627.698026,0.050000,54627.723154,54628.679123,54628.729124
R1377:54627.863213,0.050000,54627.863292,54628.729172,54628.779177
R1378:54627.901796,0.050000,54627.901846,54628.779239,54628.829240
R1379:54627.975461,0.050000,54627.975492,54628.829276,54628.879276
R1380:54628.067122,0.050000,54628.067305,54628.879523,54628.929523
R1381:54628.114268,0.050000,54628.114406,54628.929595,54628.979595
R1382:54628.146076,0.050000,54628.146142,54628.979665,54629.029666
R1383:54628.430903,0.050000,54628.430931,54629.029726,54629.079727
R1384:54628.479503,0.050000,54628.479543,54629.079851,54629.129852
R1385:54628.516167,0.050000,54628.516249,54629.129924,54629.179929
R1386:54628.595647,0.050000,54628.595692,54629.180003,54629.230004
R1387:54628.650100,0.050000,54628.650144,54629.230053,54629.280054
R1388:54628.683010,0.050000,54628.683101,54629.280148,54629.330149
R1389:54628.684093,0.050000,54628.724162,54629.330195,54629.380196
R1390:54628.770723,0.050000,54628.770882,54629.380231,54629.430274
R1391:54628.807856,0.050000,54628.808043,54629.430326,54629.480327
R1392:54628.873398,0.050000,54628.873428,54629.480387,54629.530388
R1393:54628.875445,0.050000,54628.879520,54629.530424,54629.580424
R1394:54628.978049,0.050000,54628.978089,54629.580482,54629.630483
R1395:54629.008789,0.050000,54629.008840,54629.630539,54629.680540
R1396:54629.061414,0.050000,54629.061459,54629.680600,54629.730617
R1397:54629.065103,0.050000,54629.079880,54629.730681,54629.780682
R1398:54629.067338,0.050000,54629.079884,54629.780739,54629.830740
R1399:54629.160542,0.050000,54629.160602,54629.830792,54629.880793
R1400:54629.258858,0.050000,54629.258889,54629.880839,54629.930840
R1401:54629.261264,0.050000,54629.280247,54629.930888,54629.980888
R1402:54629.309809,0.050000,54629.320233,54629.980999,54630.031002
R1403:54629.334835,0.050000,54629.334873,54630.031072,54630.081117
R1404:54629.370029,0.050000,54629.376096,54630.081164,54630.131165
R1405:54629.371388,0.050000,54629.376104,54630.131235,54630.181236
R1406:54629.404812,0.050000,54629.404853,54630.181285,54630.231286
R1407:54629.456681,0.050000,54629.456733,54630.231352,54630.281353
R1408:54629.642435,0.050000,54629.642481,54630.281383,54630.331383
R1409:54629.771575,0.050000,54629.771620,54630.331444,54630.381445
R1410:54629.790100,0.050000,54629.790135,54630.381525,54630.431526
R1411:54629.869614,0.050000,54629.869683,54630.431581,54630.481581
R1412:54629.902213,0.050000,54629.902262,54630.481633,54630.531634
R1413:54629.968849,0.050000,54629.968899,54630.531666,54630.581666
R1414:54630.045930,0.050000,54630.047142,54630.581711,54630.631711
R1415:54630.215341,0.050000,54630.215482,54630.631755,54630.681755
R1416:54630.221300,0.050000,54630.231528,54630.681810,54630.731811
R1417:54630.255934,0.050000,54630.273146,54630.731868,54630.781868
R1418:54630.300986,0.050000,54630.301162,54630.781927,54630.831928
R1419:54630.344259,0.050000,54630.344827,54630.831982,54630.881983
R1420:54630.380553,0.050000,54630.381916,54630.882027,54630.932028
R1421:54630.399668,0.050000,54630.422303,54630.932078,54630.982079
R1422:54630.578883,0.050000,54630.579590,54630.982121,54631.032122
R1423:54630.584620,0.050000,54630.584741,54631.032631,54631.082632
R1424:54630.606360,0.050000,54630.627318,54631.082688,54631.132688
R1425:54630.692886,0.050000,54630.693030,54631.132735,54631.182794
R1426:54630.733133,0.050000,54630.733583,54631.182858,54631.232859
R1427:54630.856357,0.050000,54630.856504,54631.232918,54631.282919
R1428:54630.958513,0.050000,54630.958639,54631.282958,54631.332959
R1429:54631.002992,0.050000,54631.003098,54631.332993,54631.382994
R1430:54631.066129,0.050000,54631.066708,54631.383037,54631.433037
R1431:54631.123056,0.050000,54631.123604,54631.433080,54631.483081
R1432:54631.172392,0.050000,54631.173225,54631.483374,54631.533375
R1433:54631.184590,0.050000,54631.185324,54631.533431,54631.583432
R1434:54631.347735,0.050000,54631.347848,54631.583465,54631.633466
R1435:54631.577123,0.050000,54631.577253,54631.633499,54631.683500
R1436:54631.590817,0.050000,54631.590913,54631.683559,54631.733560
R1437:54631.616916,0.050000,54631.632226,54631.733613,54631.783613
R1438:54631.665220,0.050000,54631.665351,54631.783669,54631.833670
R1439:54631.676406,0.050000,54631.683699,54631.833706,54631.883707
R1440:54631.691451,0.050000,54631.726069,54631.883760,54631.933761
R1441:54631.789829,0.050000,54631.789972,54631.933825,54631.983826
R1442:54631.913621,0.050000,54631.913806,54631.983945,54632.033946
R1443:54631.973134,0.050000,54631.973334,54632.034004,54632.084005
R1444:54632.009793,0.050000,54632.009915,54632.084073,54632.134074
R1445:54632.062460,0.050000,54632.062557,54632.134107,54632.184108
R1446:54632.111936,0.050000,54632.112068,54632.184158,54632.234159
R1447:54632.159523,0.050000,54632.160081,54632.234274,54632.284275
R1448:54632.474661,0.050000,54632.474759,54632.475185,54632.525215
R1449:54632.478592,0.050000,54632.515279,54632.525290,54632.575291
R1450:54632.480551,0.050000,54632.515283,54632.575364,54632.625365
R1451:54632.516012,0.050000,54632.516030,54632.625432,54632.675569
R1452:54632.540305,0.050000,54632.540366,54632.675706,54632.725707
R1453:54632.766675,0.050000,54632.766729,54632.766803,54632.816804
R1454:54632.812626,0.050000,54632.812673,54632.816849,54632.866849
R1455:54632.872291,0.050000,54632.872335,54632.872770,54632.922770
R1456:54632.952525,0.050000,54632.952575,54632.953089,54633.003090
R1457:54633.263780,0.050000,54633.263838,54633.264425,54633.314426
R1458:54633.304057,0.050000,54633.304095,54633.314486,54633.364488
R1459:54633.350955,0.050000,54633.351005,54633.364536,54633.414583
R1460:54633.394691,0.050000,54633.394735,54633.414693,54633.464694
R1461:54633.402303,0.050000,54633.414672,54633.464742,54633.514743
R1462:54633.410928,0.050000,54633.414675,54633.514842,54633.564877
R1463:54633.414136,0.050000,54633.414677,54633.564927,54633.614928
R1464:54633.435411,0.050000,54633.456096,54633.614986,54633.665013
R1465:54633.439656,0.050000,54633.456100,54633.665305,54633.715306
R1466:54633.442519,0.050000,54633.456102,54633.715366,54633.765366
R1467:54633.486156,0.050000,54633.486306,54633.765412,54633.815412
R1468:54633.518119,0.050000,54633.518185,54633.815473,54633.865474
R1469:54633.569579,0.050000,54633.569625,54633.865539,54633.915540
R1470:54633.630891,0.050000,54633.630929,54633.915623,54633.965623
R1471:54633.689520,0.050000,54633.689564,54633.965680,54634.015681
R1472:54633.717586,0.050000,54633.717758,54634.015734,54634.065748
R1473:54633.760666,0.050000,54633.760723,54634.065974,54634.115974
R1474:54633.776772,0.050000,54633.776820,54634.116035,54634.166061
R1475:54633.876215,0.050000,54633.876277,54634.166113,54634.216131
R1476:54633.881300,0.050000,54633.915609,54634.216192,54634.266193
R1477:54633.972121,0.050000,54633.972192,54634.266243,54634.316244
R1478:54633.997230,0.050000,54633.997285,54634.316290,54634.366291
R1479:54634.000497,0.050000,54634.000525,54634.366342,54634.416343
R1480:54634.108779,0.050000,54634.108826,54634.416400,54634.466401
R1481:54634.136741,0.050000,54634.136779,54634.466459,54634.516521
R1482:54634.177793,0.050000,54634.177833,54634.516571,54634.566572
R1483:54634.187503,0.050000,54634.216181,54634.566611,54634.616611
R1484:54634.212522,0.050000,54634.216184,54634.617370,54634.667372
R1485:54634.661986,0.050000,54634.662168,54634.667432,54634.717433
R1486:54634.751071,0.050000,54634.751250,54634.751263,54634.801264
R1487:54634.754904,0.050000,54634.792239,54634.801312,54634.851313
R1488:54635.059595,0.050000,54635.059740,54635.059751,54635.109751
R1489:54635.076062,0.050000,54635.100301,54635.109808,54635.159809
R1490:54635.130376,0.050000,54635.130438,54635.159864,54635.209865
R1491:54635.173178,0.050000,54635.173234,54635.209947,54635.259948
R1492:54635.199212,0.050000,54635.209934,54635.259996,54635.309997
R1493:54635.275118,0.050000,54635.275169,54635.310055,54635.360055
R1494:54635.323799,0.050000,54635.323840,54635.360115,54635.410131
R1495:54635.384953,0.050000,54635.384995,54635.410201,54635.460202
R1496:54635.472622,0.050000,54635.472665,54635.472744,54635.522744
R1497:54635.524310,0.050000,54635.524339,54635.524451,54635.574452
R1498:54635.531343,0.050000,54635.531393,54635.574510,54635.624512
R1499:54635.541289,0.050000,54635.541335,54635.624564,54635.674572
