R0:54635.691897,0.050000,54635.692285,54635.692293,54635.742294
R1:54635.799839,0.050000,54635.800095,54635.800106,54635.850106
R2:54635.829544,0.050000,54635.829606,54635.850192,54635.900228
R3:54635.919579,0.050000,54635.919636,54635.920506,54635.970507
R4:54636.013908,0.050000,54636.013942,54636.014526,54636.064526
R5:54636.156741,0.050000,54636.156806,54636.157217,54636.207220
R6:54636.169905,0.050000,54636.169962,54636.207298,54636.257299
R7:54636.194055,0.050000,54636.194147,54636.257363,54636.307363
R8:54636.280270,0.050000,54636.280307,54636.307623,54636.357624
R9:54636.299936,0.050000,54636.307781,54636.357708,54636.407708
R10:54636.347965,0.050000,54636.348159,54636.407766,54636.457767
R11:54636.386794,0.050000,54636.386878,54636.457828,54636.507829
R12:54636.445473,0.050000,54636.445519,54636.507888,54636.557889
R13:54636.473019,0.050000,54636.473422,54636.557924,54636.607925
R14:54636.516153,0.050000,54636.516273,54636.607975,54636.657975
R15:54636.695364,0.050000,54636.695527,54636.695538,54636.745538
R16:54636.841353,0.050000,54636.841934,54636.841943,54636.891948
R17:54636.900913,0.050000,54636.900977,54636.901549,54636.951550
R18:54636.975419,0.050000,54636.975511,54636.976035,54637.026036
R19:54636.984598,0.050000,54636.984663,54637.026109,54637.076109
R20:54637.040211,0.050000,54637.040269,54637.076157,54637.126248
R21:54637.041623,0.050000,54637.041652,54637.126300,54637.176301
R22:54637.058395,0.050000,54637.058450,54637.176411,54637.226412
R23:54637.067621,0.050000,54637.067863,54637.226453,54637.276453
R24:54637.164694,0.050000,54637.164891,54637.276499,54637.326512
R25:54637.175523,0.050000,54637.176398,54637.326607,54637.376608
R26:54637.206347,0.050000,54637.218229,54637.376666,54637.426666
R27:54637.215201,0.050000,54637.218240,54637.426715,54637.476716
R28:54637.222512,0.050000,54637.222646,54637.476775,54637.526775
R29:54637.624977,0.050000,54637.625271,54637.625280,54637.675280
R30:54637.639587,0.050000,54637.665160,54637.675353,54637.725354
R31:54637.681969,0.050000,54637.682011,54637.725427,54637.775428
R32:54637.789686,0.050000,54637.789737,54637.789775,54637.839775
R33:54637.845969,0.050000,54637.846060,54637.846373,54637.896884
R34:54637.866999,0.050000,54637.867097,54637.897070,54637.947084
R35:54637.927566,0.050000,54637.927624,54637.947147,54637.997148
R36:54637.971817,0.050000,54637.971857,54637.997200,54638.047218
R37:54638.012171,0.050000,54638.012300,54638.047318,54638.097319
R38:54638.224712,0.050000,54638.224768,54638.224947,54638.274948
R39:54638.245246,0.050000,54638.265371,54638.275010,54638.325011
R40:54638.332108,0.050000,54638.332148,54638.332494,54638.382495
R41:54638.376668,0.050000,54638.376717,54638.382605,54638.432606
R42:54638.463299,0.050000,54638.463356,54638.463575,54638.513576
R43:54638.493649,0.050000,54638.504151,54638.513611,54638.563612
R44:54638.624390,0.050000,54638.624559,54638.624630,54638.674635
R45:54638.644266,0.050000,54638.665325,54638.674686,54638.724687
R46:54638.669892,0.050000,54638.669933,54638.724748,54638.774749
R47:54638.766992,0.050000,54638.767045,54638.774808,54638.824809
R48:54638.914975,0.050000,54638.915033,54638.915183,54638.965184
R49:54638.919402,0.050000,54638.955107,54638.965255,54639.015256
R50:54639.094869,0.050000,54639.094903,54639.095370,54639.145371
R51:54639.138909,0.050000,54639.138976,54639.145450,54639.195451
R52:54639.144362,0.050000,54639.144412,54639.195525,54639.245526
R53:54639.157114,0.050000,54639.157166,54639.245586,54639.295586
R54:54639.221277,0.050000,54639.221330,54639.295639,54639.345639
R55:54639.351352,0.050000,54639.351396,54639.351438,54639.401439
R56:54639.376768,0.050000,54639.392200,54639.401497,54639.451497
R57:54639.380762,0.050000,54639.392203,54639.451567,54639.501568
R58:54639.382036,0.050000,54639.392208,54639.501626,54639.551627
R59:54639.418094,0.050000,54639.418197,54639.551694,54639.601695
R60:54639.422090,0.050000,54639.451553,54639.601750,54639.651751
R61:54639.438163,0.050000,54639.451555,54639.651803,54639.701916
R62:54639.645791,0.050000,54639.645867,54639.701975,54639.751976
R63:54639.782701,0.050000,54639.782816,54639.783254,54639.833255
R64:54639.894911,0.050000,54639.894973,54639.895022,54639.945023
R65:54639.913312,0.050000,54639.913376,54639.945084,54639.995085
R66:54639.959267,0.050000,54639.959308,54639.995173,54640.045174
R67:54639.987560,0.050000,54639.995157,54640.045228,54640.095229
R68:54640.071872,0.050000,54640.071908,54640.095285,54640.145289
R69:54640.114522,0.050000,54640.114578,54640.145349,54640.195350
R70:54640.179504,0.050000,54640.179551,54640.195426,54640.245427
R71:54640.224220,0.050000,54640.224251,54640.245485,54640.295486
R72:54640.226657,0.050000,54640.245473,54640.295538,54640.345538
R73:54640.260581,0.050000,54640.287268,54640.345592,54640.395593
R74:54640.418818,0.050000,54640.419140,54640.419151,54640.469152
R75:54640.576097,0.050000,54640.576160,54640.576200,54640.626201
R76:54640.651316,0.050000,54640.651368,54640.651840,54640.701840
R77:54640.671135,0.050000,54640.671182,54640.701892,54640.751893
R78:54640.750815,0.050000,54640.753458,54640.753478,54640.803479
R79:54640.813981,0.050000,54640.814319,54640.814328,54640.864329
R80:54640.840138,0.050000,54640.854229,54640.864383,54640.914415
R81:54640.908806,0.050000,54640.908834,54640.914481,54640.964482
R82:54640.919615,0.050000,54640.919653,54640.964641,54641.014642
R83:54640.953973,0.050000,54640.960118,54641.014683,54641.064684
R84:54641.078933,0.050000,54641.078978,54641.079253,54641.129267
R85:54641.183317,0.050000,54641.183434,54641.183945,54641.233954
R86:54641.207282,0.050000,54641.207339,54641.234040,54641.284071
R87:54641.222700,0.050000,54641.222748,54641.284120,54641.334121
R88:54641.354646,0.050000,54641.354693,54641.354840,54641.404841
R89:54641.380477,0.050000,54641.395156,54641.404886,54641.454886
R90:54641.449430,0.050000,54641.449484,54641.454983,54641.504984
R91:54641.634379,0.050000,54641.634463,54641.635024,54641.685060
R92:54641.686768,0.050000,54641.686814,54641.687623,54641.737624
R93:54641.750001,0.050000,54641.750065,54641.750761,54641.800781
R94:54641.865304,0.050000,54641.865474,54641.865487,54641.915488
R95:54641.899516,0.050000,54641.899576,54641.915546,54641.965547
R96:54642.051258,0.050000,54642.051339,54642.051484,54642.101484
R97:54642.081383,0.050000,54642.092194,54642.101523,54642.151524
R98:54642.180684,0.050000,54642.180833,54642.180845,54642.230863
R99:54642.248673,0.050000,54642.248821,54642.248832,54642.298833
R100:54642.391138,0.050000,54642.391308,54642.391320,54642.441321
R101:54642.430068,0.050000,54642.430155,54642.441367,54642.491385
R102:54642.444535,0.050000,54642.444566,54642.491423,54642.541424
R103:54642.621149,0.050000,54642.621359,54642.621371,54642.671372
R104:54642.769975,0.050000,54642.770207,54642.770220,54642.820221
R105:54642.779495,0.050000,54642.779635,54642.820275,54642.870277
R106:54642.904978,0.050000,54642.905109,54642.905124,54642.955134
R107:54642.965380,0.050000,54642.965442,54642.965561,54643.015562
R108:54642.998809,0.050000,54642.998865,54643.015621,54643.065622
R109:54643.055792,0.050000,54643.055851,54643.065651,54643.115652
R110:54643.075330,0.050000,54643.075384,54643.115694,54643.165695
R111:54643.166108,0.050000,54643.166131,54643.166246,54643.216247
R112:54643.187847,0.050000,54643.207223,54643.216304,54643.266304
R113:54643.222767,0.050000,54643.222808,54643.266364,54643.316365
R114:54643.238030,0.050000,54643.263361,54643.316412,54643.366413
R115:54643.250448,0.050000,54643.263369,54643.366480,54643.416481
R116:54643.269614,0.050000,54643.269711,54643.416533,54643.466534
R117:54643.317622,0.050000,54643.317736,54643.466577,54643.516577
R118:54643.357738,0.050000,54643.357792,54643.516614,54643.566615
R119:54643.368937,0.050000,54643.369026,54643.568255,54643.618257
R120:54643.511668,0.050000,54643.511703,54643.618317,54643.668318
R121:54643.518301,0.050000,54643.518326,54643.668383,54643.718383
R122:54643.526498,0.050000,54643.559415,54643.718441,54643.768442
R123:54643.568662,0.050000,54643.568918,54643.768490,54643.818491
R124:54643.654323,0.050000,54643.654375,54643.818552,54643.868552
R125:54643.900675,0.050000,54643.900737,54643.900878,54643.950879
R126:54644.061745,0.050000,54644.061798,54644.061851,54644.111852
R127:54644.129722,0.050000,54644.129771,54644.130421,54644.180422
R128:54644.158255,0.050000,54644.158301,54644.180482,54644.230483
R129:54644.239856,0.050000,54644.239902,54644.240395,54644.290396
R130:54644.267073,0.050000,54644.280369,54644.290496,54644.340497
R131:54644.287627,0.050000,54644.287665,54644.340560,54644.390561
R132:54644.303507,0.050000,54644.303533,54644.390614,54644.440615
R133:54644.355502,0.050000,54644.355542,54644.440662,54644.490662
R134:54644.372241,0.050000,54644.390601,54644.490705,54644.540706
R135:54644.382079,0.050000,54644.390603,54644.540734,54644.590734
R136:54644.459859,0.050000,54644.459919,54644.590796,54644.640796
R137:54644.468404,0.050000,54644.468458,54644.640844,54644.690845
R138:54644.561940,0.050000,54644.562401,54644.690898,54644.740899
R139:54644.573743,0.050000,54644.590783,54644.740947,54644.790948
R140:54644.654782,0.050000,54644.654852,54644.791013,54644.841076
R141:54644.659910,0.050000,54644.659952,54644.841133,54644.891134
R142:54644.836971,0.050000,54644.837008,54644.891164,54644.941165
R143:54644.840589,0.050000,54644.841118,54644.941212,54644.991236
R144:54644.884580,0.050000,54644.884637,54644.991281,54645.041282
R145:54644.897490,0.050000,54644.897540,54645.041338,54645.091339
R146:54644.914959,0.050000,54644.938226,54645.091375,54645.141376
R147:54645.009570,0.050000,54645.009627,54645.141412,54645.209472
R148:54645.088039,0.050000,54645.088072,54645.209531,54645.259531
R149:54645.151915,0.050000,54645.152223,54645.259597,54645.309598
R150:54645.353816,0.050000,54645.353876,54645.354336,54645.404337
R151:54645.413962,0.050000,54645.414049,54645.414106,54645.464106
R152:54645.498088,0.050000,54645.498186,54645.498884,54645.548909
R153:54645.504152,0.050000,54645.504247,54645.548978,54645.598979
R154:54645.512848,0.050000,54645.512886,54645.599027,54645.649028
R155:54645.556156,0.050000,54645.556239,54645.649083,54645.699084
R156:54645.561170,0.050000,54645.596186,54645.699120,54645.749121
R157:54645.565504,0.050000,54645.596190,54645.749251,54645.799252
R158:54645.579053,0.050000,54645.596202,54645.799301,54645.849302
R159:54645.616144,0.050000,54645.616215,54645.849351,54645.899351
R160:54645.718559,0.050000,54645.718601,54645.899385,54645.949386
R161:54645.769870,0.050000,54645.769921,54645.949447,54645.999448
R162:54645.854148,0.050000,54645.854205,54645.999505,54646.049506
R163:54645.858307,0.050000,54645.899274,54646.049562,54646.099562
R164:54645.868500,0.050000,54645.899294,54646.099612,54646.149613
R165:54646.571781,0.050000,54646.571829,54646.571885,54646.621886
R166:54646.585502,0.050000,54646.612272,54646.621948,54646.671949
R167:54646.715398,0.050000,54646.715445,54646.719390,54646.769391
R168:54646.723402,0.050000,54646.752375,54646.769459,54646.819459
R169:54647.083401,0.050000,54647.083453,54647.083530,54647.133531
R170:54647.086791,0.050000,54647.124315,54647.133584,54647.183585
R171:54647.207267,0.050000,54647.207321,54647.207706,54647.257707
R172:54647.211924,0.050000,54647.248143,54647.257747,54647.307748
R173:54647.212297,0.050000,54647.248147,54647.307803,54647.357804
R174:54647.363252,0.050000,54647.363342,54647.363417,54647.413418
R175:54647.416476,0.050000,54647.416517,54647.416696,54647.466697
R176:54647.429110,0.050000,54647.429199,54647.466743,54647.516744
R177:54647.441466,0.050000,54647.441523,54647.516787,54647.566787
R178:54647.471351,0.050000,54647.471397,54647.566847,54647.616847
R179:54647.615298,0.050000,54647.615352,54647.616887,54647.666888
R180:54647.716226,0.050000,54647.716360,54647.716371,54647.766372
R181:54647.742548,0.050000,54647.758144,54647.766409,54647.816412
R182:54647.790054,0.050000,54647.790103,54647.816468,54647.866470
R183:54647.841196,0.050000,54647.841238,54647.866528,54647.916528
R184:54647.876855,0.050000,54647.876900,54647.916584,54647.966585
R185:54647.945406,0.050000,54647.945494,54647.966653,54648.016654
R186:54647.951721,0.050000,54647.966640,54648.016697,54648.066698
R187:54647.996555,0.050000,54648.007317,54648.066741,54648.116742
R188:54648.080399,0.050000,54648.080454,54648.117682,54648.167683
R189:54648.101911,0.050000,54648.116804,54648.167754,54648.217755
R190:54648.387716,0.050000,54648.387887,54648.387899,54648.437900
R191:54648.438470,0.050000,54648.438494,54648.438910,54648.488911
R192:54648.562153,0.050000,54648.562236,54648.562862,54648.612862
R193:54648.643408,0.050000,54648.643461,54648.644117,54648.694118
R194:54648.701914,0.050000,54648.701976,54648.702922,54648.752923
R195:54648.704148,0.050000,54648.704177,54648.752984,54648.802985
R196:54648.785297,0.050000,54648.785367,54648.803042,54648.853043
R197:54648.890874,0.050000,54648.890922,54648.890940,54648.940941
R198:54649.043673,0.050000,54649.043755,54649.043805,54649.093807
R199:54649.165368,0.050000,54649.165445,54649.166012,54649.216013
R200:54649.270141,0.050000,54649.270239,54649.270814,54649.320815
R201:54649.498811,0.050000,54649.498870,54649.499611,54649.549611
R202:54649.579133,0.050000,54649.579255,54649.580321,54649.630459
R203:54649.716796,0.050000,54649.716854,54649.717412,54649.767412
R204:54649.958724,0.050000,54649.958781,54649.958863,54650.008863
R205:54650.023536,0.050000,54650.023593,54650.024027,54650.074028
R206:54650.064114,0.050000,54650.064155,54650.074106,54650.124107
R207:54650.074740,0.050000,54650.074770,54650.124154,54650.174155
R208:54650.179065,0.050000,54650.179116,54650.179564,54650.229567
R209:54650.308501,0.050000,54650.308554,54650.309255,54650.359256
R210:54650.313463,0.050000,54650.313519,54650.359305,54650.409305
R211:54650.375306,0.050000,54650.375345,54650.409379,54650.459380
R212:54650.392219,0.050000,54650.392269,54650.459434,54650.509435
R213:54650.450871,0.050000,54650.450911,54650.509473,54650.559474
R214:54650.466440,0.050000,54650.466515,54650.559507,54650.609507
R215:54650.537899,0.050000,54650.538076,54650.609540,54650.659540
R216:54650.560756,0.050000,54650.560796,54650.659579,54650.709580
R217:54650.584552,0.050000,54650.601137,54650.709613,54650.759613
R218:54650.600307,0.050000,54650.601228,54650.759698,54650.809698
R219:54650.605259,0.050000,54650.605403,54650.809736,54650.859736
R220:54650.664718,0.050000,54650.664745,54650.859787,54650.909788
R221:54650.680090,0.050000,54650.705319,54650.909860,54650.959861
R222:54650.742468,0.050000,54650.742546,54650.959936,54651.009937
R223:54650.785621,0.050000,54650.785674,54651.010018,54651.060018
R224:54650.995598,0.050000,54650.995644,54651.060097,54651.110098
R225:54651.015049,0.050000,54651.015107,54651.110172,54651.160172
R226:54651.061627,0.050000,54651.061676,54651.160230,54651.210231
R227:54651.136475,0.050000,54651.136528,54651.210291,54651.260291
R228:54651.143792,0.050000,54651.143854,54651.260346,54651.310347
R229:54651.181656,0.050000,54651.181695,54651.310402,54651.360419
R230:54651.234739,0.050000,54651.234786,54651.360491,54651.410492
R231:54651.405453,0.050000,54651.405499,54651.410559,54651.460560
R232:54651.441714,0.050000,54651.441830,54651.460619,54651.510619
R233:54651.466694,0.050000,54651.466820,54651.510677,54651.560683
R234:54651.577740,0.050000,54651.577811,54651.578569,54651.628570
R235:54651.611468,0.050000,54651.611524,54651.628627,54651.678627
R236:54651.611726,0.050000,54651.611735,54651.678672,54651.728672
R237:54651.636686,0.050000,54651.636742,54651.728736,54651.778736
R238:54651.690943,0.050000,54651.691240,54651.778785,54651.828785
R239:54651.796957,0.050000,54651.796987,54651.828822,54651.878823
R240:54651.813273,0.050000,54651.828833,54651.878881,54651.928882
R241:54651.880171,0.050000,54651.880228,54651.928961,54651.978963
R242:54651.920348,0.050000,54651.920431,54651.979226,54652.029227
R243:54651.959985,0.050000,54651.960030,54652.029297,54652.079298
R244:54651.981914,0.050000,54651.982174,54652.079337,54652.129337
R245:54652.055812,0.050000,54652.055879,54652.129407,54652.179408
R246:54652.067885,0.050000,54652.068079,54652.179460,54652.229460
R247:54652.125390,0.050000,54652.125439,54652.229530,54652.279531
R248:54652.127962,0.050000,54652.129394,54652.279578,54652.329579
R249:54652.159474,0.050000,54652.174173,54652.329636,54652.379636
R250:54652.229607,0.050000,54652.229627,54652.380496,54652.430497
R251:54652.296735,0.050000,54652.296902,54652.430547,54652.480547
R252:54652.357200,0.050000,54652.357244,54652.480599,54652.530599
R253:54652.382450,0.050000,54652.382478,54652.530662,54652.580662
R254:54652.395038,0.050000,54652.422128,54652.580715,54652.630716
R255:54652.450522,0.050000,54652.450736,54652.630763,54652.680764
R256:54652.509269,0.050000,54652.509335,54652.680796,54652.730797
R257:54652.586680,0.050000,54652.586731,54652.730881,54652.780882
R258:54652.610987,0.050000,54652.627285,54652.780931,54652.830931
R259:54652.690426,0.050000,54652.690631,54652.830979,54652.880980
R260:54652.704661,0.050000,54652.730867,54652.881037,54652.931038
R261:54652.854674,0.050000,54652.854729,54652.931135,54652.981136
R262:54652.922698,0.050000,54652.922727,54652.981189,54653.031189
R263:54652.985411,0.050000,54652.985519,54653.031242,54653.081242
R264:54653.003102,0.050000,54653.025327,54653.081306,54653.131307
R265:54653.048315,0.050000,54653.048448,54653.131374,54653.181375
R266:54653.053979,0.050000,54653.081293,54653.181441,54653.231442
R267:54653.072010,0.050000,54653.081296,54653.231533,54653.281534
R268:54653.195857,0.050000,54653.195936,54653.281599,54653.331600
R269:54653.264667,0.050000,54653.264711,54653.331640,54653.381640
R270:54653.270653,0.050000,54653.281585,54653.381701,54653.431702
R271:54653.277724,0.050000,54653.281588,54653.431824,54653.481838
R272:54653.304317,0.050000,54653.323132,54653.481904,54653.531905
R273:54653.355860,0.050000,54653.356265,54653.531956,54653.581957
R274:54653.409910,0.050000,54653.409974,54653.582018,54653.632019
R275:54653.474777,0.050000,54653.475317,54653.632095,54653.682130
R276:54653.496383,0.050000,54653.496510,54653.682199,54653.732200
R277:54653.584644,0.050000,54653.585480,54653.732245,54653.782245
R278:54653.605796,0.050000,54653.625853,54653.782292,54653.832293
R279:54653.630809,0.050000,54653.630886,54653.832341,54653.882342
R280:54653.643525,0.050000,54653.644298,54653.882399,54653.932400
R281:54653.889045,0.050000,54653.889071,54653.932460,54653.982461
R282:54653.889335,0.050000,54653.928255,54653.982516,54654.032516
R283:54653.992727,0.050000,54653.992859,54654.032584,54654.082585
R284:54654.016573,0.050000,54654.032570,54654.082641,54654.132642
R285:54654.028930,0.050000,54654.032573,54654.132689,54654.182689
R286:54654.062835,0.050000,54654.074163,54654.182748,54654.232749
R287:54654.250414,0.050000,54654.250467,54654.250892,54654.300893
R288:54654.398344,0.050000,54654.399001,54654.399010,54654.449011
R289:54654.483714,0.050000,54654.483777,54654.484280,54654.534281
R290:54654.554488,0.050000,54654.554550,54654.555115,54654.605116
R291:54654.562258,0.050000,54654.562309,54654.605175,54654.655176
R292:54654.630497,0.050000,54654.630552,54654.655309,54654.705354
R293:54654.659380,0.050000,54654.659409,54654.705403,54654.758222
R294:54654.747115,0.050000,54654.747154,54654.758282,54654.808283
R295:54654.915782,0.050000,54654.915838,54654.915890,54654.965891
R296:54655.061863,0.050000,54655.061929,54655.062505,54655.112506
R297:54655.178465,0.050000,54655.178627,54655.179012,54655.229013
R298:54655.192010,0.050000,54655.192173,54655.229824,54655.279826
R299:54655.284998,0.050000,54655.285033,54655.285540,54655.335541
R300:54655.331878,0.050000,54655.331925,54655.335588,54655.385589
R301:54655.352752,0.050000,54655.352791,54655.385665,54655.435666
R302:54655.491277,0.050000,54655.491329,54655.491794,54655.541795
R303:54655.632800,0.050000,54655.632834,54655.633511,54655.683512
R304:54655.754732,0.050000,54655.754771,54655.755273,54655.805274
R305:54655.795399,0.050000,54655.795452,54655.805340,54655.856065
R306:54655.846156,0.050000,54655.846192,54655.856159,54655.906160
R307:54655.856835,0.050000,54655.856859,54655.906255,54655.956499
R308:54655.876252,0.050000,54655.897301,54655.956574,54656.006575
R309:54655.995564,0.050000,54655.995627,54656.006714,54656.056715
R310:54656.038172,0.050000,54656.038246,54656.056776,54656.106777
R311:54656.075719,0.050000,54656.075805,54656.106839,54656.156840
R312:54656.187440,0.050000,54656.187479,54656.187864,54656.237865
R313:54656.227847,0.050000,54656.229279,54656.237922,54656.287923
R314:54656.248149,0.050000,54656.248198,54656.288012,54656.338013
R315:54656.259970,0.050000,54656.287986,54656.338076,54656.388106
R316:54656.328163,0.050000,54656.329128,54656.388158,54656.438183
R317:54656.405275,0.050000,54656.405319,54656.438222,54656.488258
R318:54656.414324,0.050000,54656.438250,54656.488344,54656.538345
R319:54656.468842,0.050000,54656.480336,54656.538476,54656.588477
R320:54656.508860,0.050000,54656.508904,54656.588633,54656.638634
R321:54656.616176,0.050000,54656.616237,54656.638683,54656.688698
R322:54656.692115,0.050000,54656.692187,54656.692350,54656.742351
R323:54656.703875,0.050000,54656.733271,54656.742406,54656.792407
R324:54656.718767,0.050000,54656.733279,54656.792464,54656.842465
R325:54656.759550,0.050000,54656.759632,54656.842534,54656.892535
R326:54656.767396,0.050000,54656.792450,54656.892588,54656.942589
R327:54656.776320,0.050000,54656.792453,54656.942648,54656.992649
R328:54656.802742,0.050000,54656.833137,54656.992694,54657.042694
R329:54656.826012,0.050000,54656.833143,54657.042753,54657.092754
R330:54656.984206,0.050000,54656.984260,54657.092812,54657.142813
R331:54657.125431,0.050000,54657.125488,54657.142871,54657.192872
R332:54657.183718,0.050000,54657.183760,54657.192929,54657.242930
R333:54657.290790,0.050000,54657.290880,54657.291003,54657.341004
R334:54657.391242,0.050000,54657.391300,54657.391402,54657.441403
R335:54657.432147,0.050000,54657.432259,54657.441441,54657.491442
R336:54657.457067,0.050000,54657.457108,54657.491515,54657.541516
R337:54657.486902,0.050000,54657.491502,54657.541556,54657.591557
R338:54657.550640,0.050000,54657.550798,54657.591810,54657.641811
R339:54657.606189,0.050000,54657.606245,54657.641860,54657.691861
R340:54657.624256,0.050000,54657.624858,54657.691935,54657.741936
R341:54657.634171,0.050000,54657.634222,54657.741990,54657.791990
R342:54657.638880,0.050000,54657.638927,54657.792105,54657.842106
R343:54657.645802,0.050000,54657.645960,54657.842213,54657.892214
R344:54657.707403,0.050000,54657.707644,54657.892270,54657.942270
R345:54657.734722,0.050000,54657.734776,54657.942320,54657.992320
R346:54657.754900,0.050000,54657.755670,54657.992363,54658.042364
R347:54657.780211,0.050000,54657.792091,54658.042460,54658.092461
R348:54657.786086,0.050000,54657.792094,54658.092524,54658.142541
R349:54657.818972,0.050000,54657.833178,54658.142619,54658.192620
R350:54657.980032,0.050000,54657.980481,54658.192669,54658.242675
R351:54658.032668,0.050000,54658.032845,54658.242748,54658.292749
R352:54658.051488,0.050000,54658.051562,54658.292810,54658.342841
R353:54658.115054,0.050000,54658.115115,54658.342910,54658.392911
R354:54658.200294,0.050000,54658.200368,54658.392949,54658.442949
R355:54658.239902,0.050000,54658.241236,54658.443003,54658.493004
R356:54658.250392,0.050000,54658.250471,54658.493072,54658.543088
R357:54658.377235,0.050000,54658.377354,54658.543139,54658.593139
R358:54658.435281,0.050000,54658.435323,54658.593185,54658.643185
R359:54658.478305,0.050000,54658.478382,54658.643235,54658.693236
R360:54658.492222,0.050000,54658.493058,54658.693305,54658.743306
R361:54658.540251,0.050000,54658.540297,54658.743403,54658.793404
R362:54658.573038,0.050000,54658.573089,54658.793481,54658.843482
R363:54658.677383,0.050000,54658.677433,54658.843542,54658.893543
R364:54658.706996,0.050000,54658.707042,54658.893602,54658.943603
R365:54658.723584,0.050000,54658.743390,54658.943655,54658.993656
R366:54658.746868,0.050000,54658.786319,54658.993726,54659.043727
R367:54658.823894,0.050000,54658.823926,54659.043783,54659.093783
R368:54658.884114,0.050000,54658.884142,54659.093840,54659.143841
R369:54659.130650,0.050000,54659.130690,54659.143900,54659.193901
R370:54659.155195,0.050000,54659.155255,54659.193943,54659.243944
R371:54659.289338,0.050000,54659.289469,54659.289548,54659.339549
R372:54659.298187,0.050000,54659.331078,54659.339595,54659.389596
R373:54659.329365,0.050000,54659.331080,54659.389653,54659.439654
R374:54659.329765,0.050000,54659.331082,54659.439714,54659.489714
R375:54659.419774,0.050000,54659.419818,54659.490293,54659.540307
R376:54659.507467,0.050000,54659.507519,54659.540351,54659.590351
R377:54659.528042,0.050000,54659.540341,54659.590390,54659.640391
R378:54659.535314,0.050000,54659.540343,54659.640423,54659.690424
R379:54659.653483,0.050000,54659.653638,54659.690479,54659.740490
R380:54659.728847,0.050000,54659.728899,54659.740560,54659.790561
R381:54659.731910,0.050000,54659.740547,54659.790615,54659.842561
R382:54659.767039,0.050000,54659.781199,54659.842606,54659.892607
R383:54660.020280,0.050000,54660.020405,54660.020417,54660.070418
R384:54660.092801,0.050000,54660.092956,54660.092967,54660.142967
R385:54660.106927,0.050000,54660.107004,54660.143025,54660.193026
R386:54660.144834,0.050000,54660.144862,54660.193076,54660.243076
R387:54660.263508,0.050000,54660.263558,54660.263659,54660.313660
R388:54660.270174,0.050000,54660.270207,54660.313713,54660.363714
R389:54660.276556,0.050000,54660.276596,54660.363757,54660.413758
R390:54660.305295,0.050000,54660.305408,54660.413801,54660.463801
R391:54660.327487,0.050000,54660.327606,54660.463828,54660.513828
R392:54660.391197,0.050000,54660.391418,54660.513880,54660.563880
R393:54660.489280,0.050000,54660.489316,54660.563909,54660.613909
R394:54660.497691,0.050000,54660.513867,54660.613933,54660.663934
R395:54660.500868,0.050000,54660.513869,54660.663978,54660.713979
R396:54660.504146,0.050000,54660.513870,54660.714035,54660.764036
R397:54660.540216,0.050000,54660.554095,54660.764132,54660.814132
R398:54660.629610,0.050000,54660.629672,54660.814165,54660.864166
R399:54660.699019,0.050000,54660.699346,54660.864240,54660.914240
R400:54660.733847,0.050000,54660.734045,54660.914301,54660.964302
R401:54660.741587,0.050000,54660.764093,54660.964340,54661.014341
R402:54660.794047,0.050000,54660.805256,54661.014390,54661.064390
R403:54660.844965,0.050000,54660.845011,54661.064417,54661.114418
R404:54660.889473,0.050000,54660.889508,54661.114477,54661.164478
R405:54660.942738,0.050000,54660.942774,54661.164508,54661.214508
R406:54660.969268,0.050000,54660.969319,54661.214539,54661.264540
R407:54660.990729,0.050000,54661.010498,54661.264587,54661.314588
R408:54661.119954,0.050000,54661.119995,54661.314646,54661.364647
R409:54661.158188,0.050000,54661.161095,54661.364720,54661.414721
R410:54661.169233,0.050000,54661.169272,54661.414822,54661.464823
R411:54661.224668,0.050000,54661.224714,54661.464872,54661.514872
R412:54661.268679,0.050000,54661.268732,54661.514900,54661.564900
R413:54661.325545,0.050000,54661.325593,54661.564991,54661.614992
R414:54661.379000,0.050000,54661.379050,54661.615169,54661.665170
R415:54661.394773,0.050000,54661.414798,54661.665219,54661.715219
R416:54661.499014,0.050000,54661.499071,54661.715257,54661.765258
R417:54661.503408,0.050000,54661.503459,54661.765329,54661.815330
R418:54661.509647,0.050000,54661.509699,54661.815373,54661.866048
R419:54661.661201,0.050000,54661.661539,54661.866097,54661.916097
R420:54661.672633,0.050000,54661.672676,54661.916142,54661.966392
R421:54661.711418,0.050000,54661.714090,54661.966453,54662.016453
R422:54661.726587,0.050000,54661.726651,54662.016512,54662.066513
R423:54661.829845,0.050000,54661.829896,54662.066575,54662.116575
R424:54661.850211,0.050000,54661.866087,54662.116622,54662.166622
R425:54661.876283,0.050000,54661.907236,54662.166669,54662.216670
R426:54662.000289,0.050000,54662.000326,54662.216739,54662.266740
R427:54662.025200,0.050000,54662.025240,54662.266809,54662.316809
R428:54662.124532,0.050000,54662.124575,54662.316871,54662.366872
R429:54662.187971,0.050000,54662.188039,54662.366947,54662.416948
R430:54662.190284,0.050000,54662.190340,54662.417016,54662.467017
R431:54662.207930,0.050000,54662.207982,54662.467110,54662.517111
R432:54662.297939,0.050000,54662.297981,54662.517381,54662.567381
R433:54662.356322,0.050000,54662.356367,54662.567439,54662.617440
R434:54662.463139,0.050000,54662.463277,54662.617489,54662.667489
R435:54662.485841,0.050000,54662.485894,54662.667549,54662.717550
R436:54662.501198,0.050000,54662.517361,54662.717618,54662.767619
R437:54662.514539,0.050000,54662.517366,54662.768200,54662.818201
R438:54662.571234,0.050000,54662.571369,54662.818264,54662.868264
R439:54662.578583,0.050000,54662.578638,54662.868301,54662.918303
R440:54662.645092,0.050000,54662.645148,54662.918472,54662.968491
R441:54662.735506,0.050000,54662.735567,54662.968591,54663.018592
R442:54662.811184,0.050000,54662.811286,54663.018673,54663.068722
R443:54662.825196,0.050000,54662.825244,54663.068774,54663.118775
R444:54662.856398,0.050000,54662.866090,54663.118853,54663.168854
R445:54662.879169,0.050000,54662.879315,54663.168909,54663.218910
R446:54662.912909,0.050000,54662.918454,54663.218942,54663.268942
R447:54662.928439,0.050000,54662.959145,54663.269021,54663.319079
R448:54662.957194,0.050000,54662.959154,54663.319155,54663.369155
R449:54663.002033,0.050000,54663.002086,54663.369216,54663.419216
R450:54663.012037,0.050000,54663.018659,54663.419263,54663.469263
R451:54663.059784,0.050000,54663.059822,54663.469328,54663.519329
R452:54663.060742,0.050000,54663.060781,54663.519427,54663.569434
R453:54663.090003,0.050000,54663.090101,54663.569495,54663.619495
R454:54663.118520,0.050000,54663.118837,54663.619555,54663.669555
R455:54663.140039,0.050000,54663.159174,54663.669629,54663.719630
R456:54663.218789,0.050000,54663.218859,54663.719694,54663.769695
R457:54663.236681,0.050000,54663.236732,54663.769776,54663.819776
R458:54663.298723,0.050000,54663.298899,54663.819847,54663.869856
R459:54663.347006,0.050000,54663.347122,54663.869965,54663.919966
R460:54663.496792,0.050000,54663.496839,54663.920028,54663.970028
R461:54663.565658,0.050000,54663.565714,54663.970100,54664.020100
R462:54663.664543,0.050000,54663.664596,54664.020255,54664.070262
R463:54663.737220,0.050000,54663.737272,54664.070307,54664.120308
R464:54663.760289,0.050000,54663.769760,54664.120383,54664.170383
R465:54663.821772,0.050000,54663.821931,54664.170523,54664.220524
R466:54663.822947,0.050000,54663.823088,54664.220612,54664.270691
R467:54663.869330,0.050000,54663.869437,54664.270736,54664.320737
R468:54663.979478,0.050000,54663.979519,54664.320793,54664.370795
R469:54664.036959,0.050000,54664.037149,54664.370847,54664.420869
R470:54664.098456,0.050000,54664.098500,54664.420938,54664.470939
R471:54664.141902,0.050000,54664.142015,54664.470995,54664.520996
R472:54664.172661,0.050000,54664.172710,54664.521055,54664.571073
R473:54664.199859,0.050000,54664.214329,54664.571144,54664.621252
R474:54664.275978,0.050000,54664.276037,54664.621312,54664.671313
R475:54664.374368,0.050000,54664.374439,54664.671373,54664.721374
R476:54664.441935,0.050000,54664.442067,54664.721441,54664.771450
R477:54664.452533,0.050000,54664.452585,54664.771519,54664.821520
R478:54664.456440,0.050000,54664.456501,54664.821579,54664.871580
R479:54664.461597,0.050000,54664.461782,54664.871620,54664.921620
R480:54664.530961,0.050000,54664.531235,54664.921719,54664.973946
R481:54664.544531,0.050000,54664.571130,54664.974027,54665.024258
R482:54664.602430,0.050000,54664.612406,54665.024572,54665.074956
R483:54664.675978,0.050000,54664.676050,54665.075015,54665.125024
R484:54664.727175,0.050000,54664.727236,54665.125162,54665.175163
R485:54664.728354,0.050000,54664.728391,54665.175239,54665.225240
R486:54664.729647,0.050000,54664.729682,54665.225297,54665.275298
R487:54664.752380,0.050000,54664.752482,54665.275376,54665.325377
R488:54664.772573,0.050000,54664.772708,54665.325448,54665.375449
R489:54664.838048,0.050000,54664.838113,54665.375494,54665.425495
R490:54664.959062,0.050000,54664.959106,54665.425541,54665.475541
R491:54665.971150,0.050000,54665.971192,54665.971326,54666.021327
R492:54665.995887,0.050000,54666.012271,54666.021381,54666.071381
R493:54666.060875,0.050000,54666.060916,54666.071429,54666.121522
R494:54666.185492,0.050000,54666.185551,54666.185978,54666.235979
R495:54666.248030,0.050000,54666.248078,54666.248557,54666.298558
R496:54666.270284,0.050000,54666.270329,54666.298617,54666.348618
R497:54666.397665,0.050000,54666.397712,54666.398174,54666.448175
R498:54666.409926,0.050000,54666.438309,54666.448261,54666.498262
R499:54666.420061,0.050000,54666.438314,54666.498931,54666.548932
R500:54666.461322,0.050000,54666.461359,54666.548981,54666.598992
R501:54666.565299,0.050000,54666.565345,54666.599073,54666.649073
R502:54666.631658,0.050000,54666.631708,54666.649124,54666.699125
R503:54666.769726,0.050000,54666.769813,54666.769902,54666.819904
R504:54666.782507,0.050000,54666.816259,54666.819970,54666.869971
R505:54666.812102,0.050000,54666.816269,54666.870025,54666.920026
R506:54666.884191,0.050000,54666.884231,54666.920087,54666.970088
R507:54667.003967,0.050000,54667.004014,54667.004085,54667.054086
R508:54667.051144,0.050000,54667.051178,54667.054130,54667.104131
R509:54667.130479,0.050000,54667.130530,54667.130981,54667.180982
R510:54667.289174,0.050000,54667.289229,54667.289276,54667.339289
R511:54667.304940,0.050000,54667.304987,54667.339338,54667.389339
R512:54667.458672,0.050000,54667.458724,54667.459256,54667.509257
R513:54667.505984,0.050000,54667.506026,54667.509286,54667.559287
R514:54667.665474,0.050000,54667.665709,54667.666293,54667.716347
R515:54667.705715,0.050000,54667.706196,54667.716407,54667.766408
R516:54667.753122,0.050000,54667.753193,54667.766465,54667.816466
R517:54667.917906,0.050000,54667.917963,54667.918148,54667.968149
R518:54668.012608,0.050000,54668.012706,54668.012823,54668.062824
R519:54668.111780,0.050000,54668.111818,54668.111992,54668.161993
R520:54668.165024,0.050000,54668.165074,54668.165175,54668.215175
R521:54668.228116,0.050000,54668.228224,54668.228420,54668.278422
R522:54668.543701,0.050000,54668.543762,54668.543905,54668.593906
R523:54668.705419,0.050000,54668.705474,54668.705573,54668.755573
R524:54668.728626,0.050000,54668.728686,54668.755645,54668.805647
R525:54668.850756,0.050000,54668.850812,54668.850933,54668.900934
R526:54668.903283,0.050000,54668.903357,54668.903418,54668.953418
R527:54668.963180,0.050000,54668.963243,54668.963270,54669.013273
R528:54669.047143,0.050000,54669.047233,54669.047390,54669.097390
R529:54669.135190,0.050000,54669.135255,54669.135545,54669.185545
R530:54669.228519,0.050000,54669.228564,54669.228718,54669.278719
R531:54669.246623,0.050000,54669.246685,54669.278781,54669.328782
R532:54669.301501,0.050000,54669.301727,54669.328817,54669.378818
R533:54669.339292,0.050000,54669.339337,54669.378902,54669.428903
R534:54669.350662,0.050000,54669.378889,54669.428967,54669.478968
R535:54669.444139,0.050000,54669.444183,54669.479011,54669.529012
R536:54669.562073,0.050000,54669.562103,54669.562246,54669.612246
R537:54669.683610,0.050000,54669.683668,54669.683838,54669.733839
R538:54669.747968,0.050000,54669.748091,54669.748256,54669.798256
R539:54669.779484,0.050000,54669.779531,54669.798356,54669.848357
R540:54669.835321,0.050000,54669.835452,54669.848452,54669.898458
R541:54669.889044,0.050000,54669.889087,54669.898504,54669.948504
R542:54669.950160,0.050000,54669.950186,54669.950628,54670.000647
R543:54669.996538,0.050000,54669.996676,54670.000693,54670.050694
R544:54670.007447,0.050000,54670.007522,54670.050733,54670.100734
R545:54670.059057,0.050000,54670.059154,54670.100800,54670.150801
R546:54670.061334,0.050000,54670.061370,54670.150861,54670.200862
R547:54670.133569,0.050000,54670.136621,54670.200939,54670.250940
R548:54670.176822,0.050000,54670.176882,54670.250996,54670.300997
R549:54670.282096,0.050000,54670.282130,54670.301050,54670.351051
R550:54670.324764,0.050000,54670.324815,54670.351123,54670.401124
R551:54670.331905,0.050000,54670.351110,54670.401203,54670.451204
R552:54670.371552,0.050000,54670.392249,54670.451251,54670.501252
R553:54670.413862,0.050000,54670.413904,54670.501297,54670.551298
R554:54670.416999,0.050000,54670.451267,54670.551331,54670.601332
R555:54670.516522,0.050000,54670.516596,54670.601382,54670.651382
R556:54670.545391,0.050000,54670.545443,54670.651418,54670.701419
R557:54670.605357,0.050000,54670.605395,54670.701475,54670.751475
R558:54670.641003,0.050000,54670.646230,54670.751521,54670.801522
R559:54670.650378,0.050000,54670.650418,54670.801574,54670.851574
R560:54670.681990,0.050000,54670.682066,54670.851615,54670.901616
R561:54670.699216,0.050000,54670.701463,54670.902180,54670.952181
R562:54670.730477,0.050000,54670.742134,54670.952287,54671.002303
R563:54670.731768,0.050000,54670.742141,54671.002362,54671.052363
R564:54670.806338,0.050000,54670.806373,54671.052413,54671.102414
R565:54670.856711,0.050000,54670.856746,54671.102476,54671.152477
R566:54670.955558,0.050000,54670.955601,54671.152532,54671.202533
R567:54671.007211,0.050000,54671.007268,54671.202582,54671.252583
R568:54671.042160,0.050000,54671.042255,54671.252640,54671.302641
R569:54671.080491,0.050000,54671.080539,54671.302701,54671.352702
R570:54671.394241,0.050000,54671.394322,54671.394432,54671.444433
R571:54671.397983,0.050000,54671.435159,54671.444489,54671.494489
R572:54671.402581,0.050000,54671.435164,54671.494534,54671.544535
R573:54671.463011,0.050000,54671.463100,54671.544598,54671.594599
R574:54671.517434,0.050000,54671.517491,54671.594652,54671.644652
R575:54671.532518,0.050000,54671.544588,54671.644712,54671.694713
R576:54671.547339,0.050000,54671.586102,54671.694749,54671.744750
R577:54671.606446,0.050000,54671.606492,54671.744800,54671.794801
R578:54671.758659,0.050000,54671.758724,54671.794837,54671.844838
R579:54671.837819,0.050000,54671.837846,54671.844892,54671.894893
R580:54671.875491,0.050000,54671.875536,54671.894972,54671.944972
R581:54671.910042,0.050000,54671.910879,54671.945040,54671.995041
R582:54672.023315,0.050000,54672.023371,54672.023425,54672.073425
R583:54672.202993,0.050000,54672.203055,54672.203234,54672.253235
R584:54672.378163,0.050000,54672.378245,54672.378353,54672.428354
R585:54672.513250,0.050000,54672.513305,54672.516583,54672.566584
R586:54672.599104,0.050000,54672.599165,54672.600338,54672.650339
R587:54672.623148,0.050000,54672.623189,54672.650395,54672.700396
R588:54672.668516,0.050000,54672.668559,54672.700470,54672.750470
R589:54672.683187,0.050000,54672.700457,54672.750519,54672.800520
R590:54672.721468,0.050000,54672.742333,54672.800568,54672.850569
R591:54672.897537,0.050000,54672.897733,54672.897743,54672.947744
R592:54672.934568,0.050000,54672.938087,54672.947791,54672.997792
R593:54673.061815,0.050000,54673.061892,54673.062462,54673.112462
R594:54673.263186,0.050000,54673.263353,54673.263384,54673.313385
R595:54673.275345,0.050000,54673.275398,54673.313413,54673.363414
R596:54673.311564,0.050000,54673.311612,54673.363473,54673.413493
R597:54673.400827,0.050000,54673.400868,54673.413567,54673.463568
R598:54673.486563,0.050000,54673.486617,54673.486641,54673.536642
R599:54673.625160,0.050000,54673.625219,54673.625648,54673.675649
R600:54673.642863,0.050000,54673.642917,54673.675697,54673.725698
R601:54673.727380,0.050000,54673.727495,54673.728726,54673.778726
R602:54673.922336,0.050000,54673.922398,54673.922508,54673.973022
R603:54673.946340,0.050000,54673.946395,54673.973085,54674.023086
R604:54673.976777,0.050000,54673.976827,54674.023134,54674.073134
R605:54674.025313,0.050000,54674.025372,54674.073163,54674.123164
R606:54674.073029,0.050000,54674.073119,54674.123235,54674.173236
R607:54674.130470,0.050000,54674.130528,54674.173290,54674.223291
R608:54674.143333,0.050000,54674.171417,54674.223323,54674.273324
R609:54674.181633,0.050000,54674.181684,54674.273401,54674.323402
R610:54674.208038,0.050000,54674.222333,54674.323460,54674.373461
R611:54674.270546,0.050000,54674.270606,54674.373517,54674.423518
R612:54674.416859,0.050000,54674.416927,54674.423623,54674.473624
R613:54674.430914,0.050000,54674.430965,54674.473662,54674.523663
R614:54674.486092,0.050000,54674.486157,54674.523697,54674.573698
R615:54674.604265,0.050000,54674.604311,54674.604734,54674.657386
R616:54674.611222,0.050000,54674.645130,54674.657490,54674.707491
R617:54674.639074,0.050000,54674.645140,54674.707553,54674.757554
R618:54674.653028,0.050000,54674.653086,54674.757620,54674.807621
R619:54674.714842,0.050000,54674.714949,54674.807696,54674.857697
R620:54674.768546,0.050000,54674.768683,54674.857767,54674.907767
R621:54674.835628,0.050000,54674.835664,54674.907847,54674.957848
R622:54674.890071,0.050000,54674.890117,54674.957880,54675.007898
R623:54674.894192,0.050000,54674.907834,54675.009309,54675.059310
R624:54674.942902,0.050000,54674.949279,54675.059382,54675.109383
R625:54674.991779,0.050000,54674.991965,54675.109435,54675.159436
R626:54675.008572,0.050000,54675.008604,54675.159511,54675.209512
R627:54675.009914,0.050000,54675.049156,54675.209571,54675.259710
R628:54675.034802,0.050000,54675.049160,54675.259754,54675.309755
R629:54675.035378,0.050000,54675.049165,54675.309812,54675.359813
R630:54675.186783,0.050000,54675.186827,54675.359871,54675.409872
R631:54675.241024,0.050000,54675.241074,54675.409921,54675.459922
R632:54675.327840,0.050000,54675.327883,54675.459964,54675.509965
R633:54675.456480,0.050000,54675.456524,54675.510023,54675.560024
R634:54675.615980,0.050000,54675.616045,54675.616203,54675.666205
R635:54675.627379,0.050000,54675.656248,54675.666334,54675.716335
R636:54675.662407,0.050000,54675.662468,54675.716401,54675.766402
R637:54675.701888,0.050000,54675.701934,54675.766471,54675.816472
R638:54675.795665,0.050000,54675.795766,54675.816533,54675.866534
R639:54675.855871,0.050000,54675.855942,54675.866592,54675.916593
R640:54676.054379,0.050000,54676.054429,54676.054925,54676.104925
R641:54676.064537,0.050000,54676.095124,54676.104968,54676.154968
R642:54676.084989,0.050000,54676.095151,54676.155019,54676.205019
R643:54676.210902,0.050000,54676.210946,54676.211453,54676.261454
R644:54676.238132,0.050000,54676.251149,54676.261503,54676.311504
R645:54676.373404,0.050000,54676.373647,54676.374549,54676.424550
R646:54676.454736,0.050000,54676.454772,54676.455158,54676.505158
R647:54676.492834,0.050000,54676.492896,54676.505229,54676.555264
R648:54676.511713,0.050000,54676.511770,54676.555318,54676.605319
R649:54676.684248,0.050000,54676.684286,54676.684367,54676.734368
R650:54676.692055,0.050000,54676.692108,54676.734417,54676.784418
R651:54676.810336,0.050000,54676.810392,54676.810973,54676.860974
R652:54676.868009,0.050000,54676.868136,54676.868689,54676.918690
R653:54676.942821,0.050000,54676.942892,54676.943792,54676.993793
R654:54677.094992,0.050000,54677.095077,54677.095598,54677.145599
R655:54677.107113,0.050000,54677.107150,54677.145676,54677.195681
R656:54677.126729,0.050000,54677.126786,54677.195744,54677.245744
R657:54677.137627,0.050000,54677.137693,54677.245780,54677.295781
R658:54677.151103,0.050000,54677.151134,54677.295845,54677.345846
R659:54677.209088,0.050000,54677.209142,54677.345905,54677.395905
R660:54677.220628,0.050000,54677.220672,54677.395953,54677.445953
R661:54677.228724,0.050000,54677.228777,54677.446046,54677.496051
R662:54677.244049,0.050000,54677.244095,54677.496119,54677.546120
R663:54677.417192,0.050000,54677.417278,54677.546172,54677.596173
R664:54677.418528,0.050000,54677.446024,54677.596222,54677.646223
R665:54677.429808,0.050000,54677.446028,54677.646271,54677.696289
R666:54677.438870,0.050000,54677.446029,54677.696349,54677.746350
R667:54677.475814,0.050000,54677.486211,54677.746398,54677.796399
R668:54677.538234,0.050000,54677.538335,54677.796498,54677.846512
R669:54677.685269,0.050000,54677.685326,54677.846562,54677.896563
R670:54677.692989,0.050000,54677.696337,54677.896637,54677.946638
R671:54677.750536,0.050000,54677.750630,54677.946672,54677.996673
R672:54677.756017,0.050000,54677.756077,54677.996725,54678.046726
R673:54677.789428,0.050000,54677.789521,54678.046770,54678.096771
R674:54677.831762,0.050000,54677.831809,54678.096840,54678.146841
R675:54677.866509,0.050000,54677.866549,54678.146897,54678.196897
R676:54677.887773,0.050000,54677.896624,54678.196942,54678.246943
R677:54677.904412,0.050000,54677.938095,54678.246987,54678.296988
R678:54678.048384,0.050000,54678.048411,54678.297030,54678.347031
R679:54678.098701,0.050000,54678.098743,54678.347086,54678.397086
R680:54678.112334,0.050000,54678.112384,54678.397131,54678.447132
R681:54678.115228,0.050000,54678.115263,54678.447212,54678.497213
R682:54678.149892,0.050000,54678.149924,54678.497269,54678.547269
R683:54678.249267,0.050000,54678.249303,54678.547324,54678.597325
R684:54678.332219,0.050000,54678.332262,54678.597379,54678.647380
R685:54678.358346,0.050000,54678.358370,54678.648013,54678.698014
R686:54678.724355,0.050000,54678.725064,54678.725415,54678.775416
R687:54678.726809,0.050000,54678.765114,54678.775477,54678.826360
R688:54678.770634,0.050000,54678.770870,54678.826438,54678.876439
R689:54678.784768,0.050000,54678.784818,54678.876481,54678.926482
R690:54678.849426,0.050000,54678.849455,54678.926538,54678.980140
R691:54678.920880,0.050000,54678.920925,54678.980197,54679.030198
R692:54678.944969,0.050000,54678.945011,54679.030252,54679.080253
R693:54679.075393,0.050000,54679.075443,54679.080282,54679.159281
R694:54679.159318,0.050000,54679.159510,54679.159643,54679.209643
R695:54679.184259,0.050000,54679.200226,54679.209695,54679.259718
R696:54679.187362,0.050000,54679.200231,54679.259774,54679.309774
R697:54679.273099,0.050000,54679.273268,54679.309831,54679.359832
R698:54679.368994,0.050000,54679.369026,54679.369512,54679.419512
R699:54679.439697,0.050000,54679.439755,54679.440655,54679.490656
R700:54679.507232,0.050000,54679.507294,54679.507773,54679.557774
R701:54679.645324,0.050000,54679.645381,54679.645983,54679.695984
R702:54679.667548,0.050000,54679.667602,54679.696044,54679.746045
R703:54679.749792,0.050000,54679.749827,54679.750290,54679.800291
R704:54679.770886,0.050000,54679.791405,54679.800332,54679.850333
R705:54679.868639,0.050000,54679.868688,54679.869193,54679.919194
R706:54679.881190,0.050000,54679.909351,54679.919237,54679.969238
R707:54679.934018,0.050000,54679.934062,54679.969304,54680.019305
R708:54679.937437,0.050000,54679.969289,54680.019361,54680.069362
R709:54679.943925,0.050000,54679.969291,54680.069444,54680.119445
R710:54679.954672,0.050000,54679.969292,54680.119475,54680.169475
R711:54679.972122,0.050000,54680.009450,54680.169511,54680.219512
R712:54679.982126,0.050000,54680.009484,54680.219567,54680.269567
R713:54680.035014,0.050000,54680.035101,54680.269625,54680.319626
R714:54680.038681,0.050000,54680.069431,54680.319669,54680.369726
R715:54680.168719,0.050000,54680.168761,54680.369778,54680.419778
R716:54680.341499,0.050000,54680.341545,54680.419826,54680.469827
R717:54680.346260,0.050000,54680.369792,54680.469868,54680.519869
R718:54680.499326,0.050000,54680.499381,54680.519925,54680.569926
R719:54680.536681,0.050000,54680.536730,54680.569996,54680.619996
R720:54680.554263,0.050000,54680.569983,54680.620027,54680.670028
R721:54680.606350,0.050000,54680.611255,54680.670145,54680.720146
R722:54680.617297,0.050000,54680.617335,54680.720186,54680.770187
R723:54680.669090,0.050000,54680.669192,54680.770243,54680.820244
R724:54680.707318,0.050000,54680.707357,54680.820292,54680.870292
R725:54680.808106,0.050000,54680.808159,54680.870336,54680.920337
R726:54680.962123,0.050000,54680.962171,54680.962646,54681.012646
R727:54681.006465,0.050000,54681.006514,54681.012696,54681.062696
R728:54681.057991,0.050000,54681.058037,54681.062729,54681.112730
R729:54681.135000,0.050000,54681.135055,54681.135161,54681.185162
R730:54681.150165,0.050000,54681.176155,54681.185265,54681.235266
R731:54681.168312,0.050000,54681.176163,54681.235339,54681.285340
R732:54681.227690,0.050000,54681.227734,54681.285435,54681.335435
R733:54681.273513,0.050000,54681.273551,54681.335480,54681.385481
R734:54681.274929,0.050000,54681.285402,54681.385574,54681.435575
R735:54681.433097,0.050000,54681.433169,54681.435613,54681.485613
R736:54681.459396,0.050000,54681.459445,54681.485680,54681.535720
R737:54681.473256,0.050000,54681.485668,54681.535761,54681.585762
R738:54681.516968,0.050000,54681.527328,54681.585848,54681.635849
R739:54681.547333,0.050000,54681.547397,54681.635924,54681.685941
R740:54681.569879,0.050000,54681.585833,54681.685978,54681.735981
R741:54681.637733,0.050000,54681.637779,54681.736018,54681.786019
R742:54681.699829,0.050000,54681.699869,54681.786132,54681.836132
R743:54681.735665,0.050000,54681.735730,54681.836197,54681.886198
R744:54681.755596,0.050000,54681.755638,54681.886288,54681.936289
R745:54681.827924,0.050000,54681.827965,54681.936384,54681.986385
R746:54681.853260,0.050000,54681.853317,54681.986451,54682.036452
R747:54681.868801,0.050000,54681.886273,54682.037118,54682.087119
R748:54681.953188,0.050000,54681.953290,54682.087162,54682.137163
R749:54681.971918,0.050000,54681.971974,54682.137223,54682.187223
R750:54682.040745,0.050000,54682.040849,54682.187295,54682.237296
R751:54682.042280,0.050000,54682.081130,54682.237339,54682.287358
R752:54682.152570,0.050000,54682.152607,54682.287398,54682.337399
R753:54682.266270,0.050000,54682.266312,54682.337456,54682.387457
R754:54682.321059,0.050000,54682.321124,54682.387493,54682.437494
R755:54682.344811,0.050000,54682.344870,54682.437546,54682.487547
R756:54682.410211,0.050000,54682.410308,54682.487588,54682.537589
R757:54682.455239,0.050000,54682.455317,54682.537622,54682.587623
R758:54682.567522,0.050000,54682.567616,54682.587736,54682.637737
R759:54682.585535,0.050000,54682.587723,54682.637782,54682.687783
R760:54682.603537,0.050000,54682.629325,54682.687837,54682.737838
R761:54682.608737,0.050000,54682.629335,54682.737876,54682.787877
R762:54682.651804,0.050000,54682.651893,54682.787920,54682.837921
R763:54682.782988,0.050000,54682.783077,54682.838005,54682.888006
R764:54682.839342,0.050000,54682.839383,54682.888051,54682.938052
R765:54682.884604,0.050000,54682.884707,54682.938129,54682.988130
R766:54682.986564,0.050000,54682.986749,54682.988213,54683.038214
R767:54683.175015,0.050000,54683.175069,54683.175277,54683.225278
R768:54683.253637,0.050000,54683.253682,54683.254229,54683.304241
R769:54683.278538,0.050000,54683.278566,54683.304305,54683.354314
R770:54683.304866,0.050000,54683.304896,54683.354357,54683.404358
R771:54683.307600,0.050000,54683.346300,54683.404407,54683.454408
R772:54683.309085,0.050000,54683.346304,54683.454450,54683.504451
R773:54683.309537,0.050000,54683.346311,54683.504489,54683.554489
R774:54683.349319,0.050000,54683.349348,54683.554517,54683.604518
R775:54683.370473,0.050000,54683.370539,54683.604627,54683.656885
R776:54683.443957,0.050000,54683.444045,54683.657193,54683.707194
R777:54683.546200,0.050000,54683.546262,54683.707402,54683.757403
R778:54683.589004,0.050000,54683.589123,54683.757458,54683.807459
R779:54683.627333,0.050000,54683.627381,54683.807494,54683.857570
R780:54683.632998,0.050000,54683.656945,54683.857653,54683.907653
R781:54683.646233,0.050000,54683.656967,54683.907760,54683.957761
R782:54683.685474,0.050000,54683.698179,54683.957870,54684.007871
R783:54683.838680,0.050000,54683.838726,54684.007927,54684.057928
R784:54683.842856,0.050000,54683.857635,54684.057969,54684.107970
R785:54683.848551,0.050000,54683.857639,54684.108015,54684.158016
R786:54683.865144,0.050000,54683.899262,54684.158114,54684.208115
R787:54683.938996,0.050000,54683.939108,54684.208159,54684.258160
R788:54683.995595,0.050000,54683.995636,54684.258246,54684.308247
R789:54684.002079,0.050000,54684.007915,54684.308286,54684.358287
R790:54684.194119,0.050000,54684.194172,54684.358323,54684.408323
R791:54684.313525,0.050000,54684.313724,54684.408388,54684.458388
R792:54684.325206,0.050000,54684.355357,54684.458437,54684.508438
R793:54684.363783,0.050000,54684.363806,54684.508481,54684.558482
R794:54684.447702,0.050000,54684.447738,54684.558608,54684.608608
R795:54684.536808,0.050000,54684.536889,54684.608648,54684.658649
R796:54684.538090,0.050000,54684.558512,54684.658676,54684.708690
R797:54684.589549,0.050000,54684.600109,54684.708740,54684.758741
R798:54684.668777,0.050000,54684.668902,54684.758839,54684.808840
R799:54684.750284,0.050000,54684.750315,54684.808886,54684.858887
R800:54684.900999,0.050000,54684.901032,54684.901042,54684.951042
R801:54684.912531,0.050000,54684.941282,54684.951070,54685.001071
R802:54685.004201,0.050000,54685.004229,54685.004467,54685.054468
R803:54685.176520,0.050000,54685.176588,54685.177441,54685.227442
R804:54685.182963,0.050000,54685.183002,54685.227503,54685.277504
R805:54685.201973,0.050000,54685.202023,54685.277556,54685.327557
R806:54685.218245,0.050000,54685.218304,54685.327623,54685.377624
R807:54685.316325,0.050000,54685.316468,54685.377682,54685.427682
R808:54685.322879,0.050000,54685.327612,54685.427912,54685.477913
R809:54685.404560,0.050000,54685.404680,54685.478625,54685.528626
R810:54685.424408,0.050000,54685.424499,54685.528723,54685.578723
R811:54685.436490,0.050000,54685.436541,54685.578782,54685.628783
R812:54685.600752,0.050000,54685.600872,54685.628844,54685.678845
R813:54685.685806,0.050000,54685.685971,54685.685981,54685.735982
R814:54685.692440,0.050000,54685.727313,54685.736040,54685.786041
R815:54685.926157,0.050000,54685.926217,54685.927072,54685.977150
R816:54686.036077,0.050000,54686.036155,54686.037253,54686.087254
R817:54686.060807,0.050000,54686.060857,54686.087303,54686.137311
R818:54686.130437,0.050000,54686.130484,54686.137357,54686.187358
R819:54686.166969,0.050000,54686.167011,54686.187408,54686.237408
R820:54686.201038,0.050000,54686.201072,54686.237472,54686.287693
R821:54686.263926,0.050000,54686.263975,54686.287803,54686.337804
R822:54686.287248,0.050000,54686.287791,54686.337853,54686.387853
R823:54686.341389,0.050000,54686.341423,54686.387946,54686.437947
R824:54686.349979,0.050000,54686.350244,54686.438015,54686.488016
R825:54686.357933,0.050000,54686.357993,54686.488086,54686.538086
R826:54686.387302,0.050000,54686.387353,54686.538132,54686.588133
R827:54686.396816,0.050000,54686.396921,54686.588180,54686.638180
R828:54686.461111,0.050000,54686.461160,54686.638304,54686.688305
R829:54686.468794,0.050000,54686.488076,54686.688357,54686.738357
R830:54686.594396,0.050000,54686.594429,54686.738409,54686.788410
R831:54686.646423,0.050000,54686.646659,54686.788490,54686.838491
R832:54686.661420,0.050000,54686.661462,54686.838540,54686.888541
R833:54686.727602,0.050000,54686.727653,54686.888585,54686.938585
R834:54686.772570,0.050000,54686.772618,54686.938627,54686.988628
R835:54686.794946,0.050000,54686.795067,54686.988681,54687.038682
R836:54686.964722,0.050000,54686.964757,54687.038749,54687.088750
R837:54687.052065,0.050000,54687.052110,54687.088831,54687.138831
R838:54687.060647,0.050000,54687.088815,54687.138977,54687.188978
R839:54687.063978,0.050000,54687.088818,54687.189027,54687.239028
R840:54687.107755,0.050000,54687.130332,54687.239077,54687.289077
R841:54687.138877,0.050000,54687.138958,54687.289174,54687.339175
R842:54687.154373,0.050000,54687.180218,54687.339221,54687.389221
R843:54687.190817,0.050000,54687.190844,54687.389335,54687.439335
R844:54687.202492,0.050000,54687.232282,54687.439381,54687.489382
R845:54687.224666,0.050000,54687.232289,54687.489417,54687.539418
R846:54687.258168,0.050000,54687.258402,54687.539464,54687.589465
R847:54687.259020,0.050000,54687.289162,54687.589519,54687.639520
R848:54687.321340,0.050000,54687.331110,54687.639571,54687.689572
R849:54687.329533,0.050000,54687.331119,54687.689622,54687.739623
R850:54687.366271,0.050000,54687.366321,54687.739680,54687.789680
R851:54687.371918,0.050000,54687.389284,54687.789738,54687.839740
R852:54687.461343,0.050000,54687.461395,54687.839802,54687.889803
R853:54687.552545,0.050000,54687.552575,54687.889855,54687.939856
R854:54687.620813,0.050000,54687.620861,54687.939900,54687.989901
R855:54687.763372,0.050000,54687.763417,54687.989939,54688.039940
R856:54687.882397,0.050000,54687.882445,54688.039979,54688.089980
R857:54687.886504,0.050000,54687.889840,54688.090030,54688.140067
R858:54687.889462,0.050000,54687.889843,54688.140105,54688.190105
R859:54687.933717,0.050000,54687.933750,54688.190224,54688.240225
R860:54687.945470,0.050000,54687.945501,54688.240276,54688.290277
R861:54688.100919,0.050000,54688.101001,54688.290326,54688.340327
R862:54688.108754,0.050000,54688.108793,54688.340372,54688.390372
R863:54688.138410,0.050000,54688.138469,54688.390413,54688.440414
R864:54688.192514,0.050000,54688.192751,54688.440472,54688.490508
R865:54688.253517,0.050000,54688.253779,54688.490581,54688.540582
R866:54688.324848,0.050000,54688.324901,54688.540639,54688.590645
R867:54688.370707,0.050000,54688.370757,54688.590700,54688.640700
R868:54688.401649,0.050000,54688.401700,54688.640749,54688.690750
R869:54688.504086,0.050000,54688.504141,54688.690793,54688.740793
R870:54688.555115,0.050000,54688.555270,54688.740849,54688.790849
R871:54688.705535,0.050000,54688.705602,54688.792089,54688.842090
R872:54688.720664,0.050000,54688.740837,54688.842121,54688.892122
R873:54688.812798,0.050000,54688.812855,54688.892254,54688.942255
R874:54688.841134,0.050000,54688.841185,54688.942311,54688.992312
R875:54688.870145,0.050000,54688.870186,54688.992368,54689.042369
R876:54688.876986,0.050000,54688.892241,54689.042429,54689.092430
R877:54688.975255,0.050000,54688.975382,54689.092460,54689.142461
R878:54689.005853,0.050000,54689.005932,54689.142510,54689.192511
R879:54689.088014,0.050000,54689.088099,54689.192567,54689.242568
R880:54689.248775,0.050000,54689.248815,54689.249148,54689.299149
R881:54689.360227,0.050000,54689.360298,54689.360831,54689.410833
R882:54689.465096,0.050000,54689.465136,54689.465651,54689.515652
R883:54689.538912,0.050000,54689.538964,54689.539287,54689.589287
R884:54689.598515,0.050000,54689.598577,54689.599111,54689.649112
R885:54689.641561,0.050000,54689.641612,54689.649289,54689.699290
R886:54689.699853,0.050000,54689.699925,54689.700395,54689.750396
R887:54689.741530,0.050000,54689.741559,54689.750456,54689.800457
R888:54689.792704,0.050000,54689.792747,54689.800515,54689.850516
R889:54689.858947,0.050000,54689.859000,54689.859008,54689.909009
R890:54689.861098,0.050000,54689.900160,54689.909055,54689.959055
R891:54689.944086,0.050000,54689.944116,54689.959116,54690.009117
R892:54689.998122,0.050000,54689.998184,54690.009178,54690.059178
R893:54690.007041,0.050000,54690.009163,54690.059227,54690.109227
R894:54690.016786,0.050000,54690.051118,54690.109282,54690.159282
R895:54690.029683,0.050000,54690.051126,54690.159356,54690.209357
R896:54690.118150,0.050000,54690.118204,54690.209393,54690.259691
R897:54690.227686,0.050000,54690.227786,54690.259726,54690.309727
R898:54690.306068,0.050000,54690.306205,54690.309766,54690.359767
R899:54690.318335,0.050000,54690.318363,54690.359801,54690.409802
R900:54690.383520,0.050000,54690.383577,54690.409872,54690.459873
R901:54690.406272,0.050000,54690.406372,54690.459912,54690.509913
R902:54690.413559,0.050000,54690.413591,54690.509952,54690.559952
R903:54690.543128,0.050000,54690.543161,54690.559997,54690.609997
R904:54690.550165,0.050000,54690.550224,54690.610110,54690.660110
R905:54690.589109,0.050000,54690.589158,54690.660137,54690.710137
R906:54690.607971,0.050000,54690.610097,54690.710176,54690.760177
R907:54690.621363,0.050000,54690.651144,54690.760230,54690.810231
R908:54690.641742,0.050000,54690.651150,54690.810274,54690.860274
R909:54690.705280,0.050000,54690.705329,54690.860336,54690.910336
R910:54690.879176,0.050000,54690.879289,54690.910391,54690.960391
R911:54690.894976,0.050000,54690.910378,54690.960436,54691.010437
R912:54690.937593,0.050000,54690.952321,54691.010482,54691.060483
R913:54691.027627,0.050000,54691.027672,54691.060547,54691.110547
R914:54691.190211,0.050000,54691.191071,54691.191082,54691.241082
R915:54691.199620,0.050000,54691.231426,54691.241114,54691.291115
R916:54691.220221,0.050000,54691.231448,54691.291176,54691.341190
R917:54691.268892,0.050000,54691.269143,54691.341248,54691.391248
R918:54691.330173,0.050000,54691.330237,54691.391308,54691.441309
R919:54691.452108,0.050000,54691.452195,54691.452207,54691.502208
R920:54691.468041,0.050000,54691.495195,54691.502267,54691.552268
R921:54691.534292,0.050000,54691.534509,54691.552309,54691.602310
R922:54691.592915,0.050000,54691.593106,54691.602362,54691.652363
R923:54691.698218,0.050000,54691.698796,54691.698806,54691.748806
R924:54691.796994,0.050000,54691.798712,54691.798723,54691.848724
R925:54691.884624,0.050000,54691.885529,54691.885541,54691.935542
R926:54691.886568,0.050000,54691.886611,54691.935602,54691.985603
R927:54691.939200,0.050000,54691.939230,54691.985658,54692.035659
R928:54691.995955,0.050000,54691.996008,54692.035728,54692.085758
R929:54692.081188,0.050000,54692.081296,54692.085787,54692.135787
R930:54692.169019,0.050000,54692.169094,54692.169688,54692.219689
R931:54692.188839,0.050000,54692.210280,54692.219744,54692.269745
R932:54692.193596,0.050000,54692.210288,54692.269790,54692.319822
R933:54692.318716,0.050000,54692.318788,54692.320561,54692.370628
R934:54692.330524,0.050000,54692.330561,54692.370725,54692.420726
R935:54692.343229,0.050000,54692.369153,54692.420767,54692.470767
R936:54692.370112,0.050000,54692.370137,54692.470819,54692.520819
R937:54692.405076,0.050000,54692.405125,54692.520913,54692.570914
R938:54692.433340,0.050000,54692.433389,54692.570949,54692.620950
R939:54692.494934,0.050000,54692.494985,54692.621005,54692.671006
R940:54692.501342,0.050000,54692.521075,54692.671064,54692.721065
R941:54692.524608,0.050000,54692.561361,54692.721155,54692.771156
R942:54692.644951,0.050000,54692.645128,54692.771184,54692.821185
R943:54692.702101,0.050000,54692.702161,54692.821269,54692.871269
R944:54692.709168,0.050000,54692.721187,54692.871321,54692.921322
R945:54692.805640,0.050000,54692.805698,54692.921403,54692.971403
R946:54692.887283,0.050000,54692.887334,54692.971458,54693.021459
R947:54692.917328,0.050000,54692.921419,54693.021507,54693.071508
R948:54692.944267,0.050000,54692.962280,54693.071683,54693.121696
R949:54692.973799,0.050000,54692.973827,54693.121784,54693.171784
R950:54692.992576,0.050000,54693.015244,54693.171833,54693.221834
R951:54693.047073,0.050000,54693.047138,54693.221867,54693.271868
R952:54693.051400,0.050000,54693.071635,54693.271915,54693.321916
R953:54693.187965,0.050000,54693.188020,54693.321974,54693.371975
R954:54693.221581,0.050000,54693.221678,54693.372029,54693.422030
R955:54693.347841,0.050000,54693.347915,54693.422109,54693.472110
R956:54693.414622,0.050000,54693.414720,54693.472174,54693.522174
R957:54693.451501,0.050000,54693.451544,54693.522301,54693.572302
R958:54693.489567,0.050000,54693.489606,54693.572339,54693.622339
R959:54693.510585,0.050000,54693.522449,54693.622389,54693.673262
R960:54693.526335,0.050000,54693.565551,54693.673477,54693.723478
R961:54693.543215,0.050000,54693.565564,54693.723549,54693.773550
R962:54693.594290,0.050000,54693.594364,54693.773619,54693.823620
R963:54693.616099,0.050000,54693.622379,54693.823692,54693.873693
R964:54693.624423,0.050000,54693.663106,54693.873747,54693.923747
R965:54693.706303,0.050000,54693.706514,54693.923801,54693.973803
R966:54693.745575,0.050000,54693.745623,54693.973886,54694.023887
R967:54693.784863,0.050000,54693.784915,54694.023923,54694.073924
R968:54693.797548,0.050000,54693.823680,54694.073966,54694.123967
R969:54693.912791,0.050000,54693.912850,54694.124032,54694.174032
R970:54693.921334,0.050000,54693.921398,54694.174088,54694.224129
R971:54693.941862,0.050000,54693.941894,54694.224187,54694.274188
R972:54693.953950,0.050000,54693.973871,54694.274245,54694.324246
R973:54693.954132,0.050000,54693.973874,54694.324304,54694.374304
R974:54694.090866,0.050000,54694.090919,54694.374588,54694.424589
R975:54694.112590,0.050000,54694.112642,54694.424632,54694.474632
R976:54694.210368,0.050000,54694.210399,54694.474678,54694.524679
R977:54694.272978,0.050000,54694.273072,54694.524726,54694.574727
R978:54694.342580,0.050000,54694.342630,54694.574799,54694.624811
R979:54694.354388,0.050000,54694.374418,54694.624888,54694.674889
R980:54694.357405,0.050000,54694.374422,54694.674984,54694.724985
R981:54694.546541,0.050000,54694.546594,54694.725162,54694.775163
R982:54694.634542,0.050000,54694.634586,54694.775226,54694.825227
R983:54694.642145,0.050000,54694.675009,54694.825266,54694.875267
R984:54694.758541,0.050000,54694.758865,54694.875334,54694.925358
R985:54694.772711,0.050000,54694.772763,54694.925413,54694.975414
R986:54695.075743,0.050000,54695.075811,54695.075879,54695.125880
R987:54695.121109,0.050000,54695.121169,54695.125924,54695.175924
R988:54695.186159,0.050000,54695.186206,54695.186466,54695.236467
R989:54695.223360,0.050000,54695.227110,54695.236519,54695.286520
R990:54695.327355,0.050000,54695.327421,54695.327521,54695.377522
R991:54695.458640,0.050000,54695.458823,54695.458951,54695.508951
R992:54695.532168,0.050000,54695.532221,54695.532622,54695.582623
R993:54695.562918,0.050000,54695.562989,54695.582682,54695.632694
R994:54695.575719,0.050000,54695.575779,54695.632751,54695.682752
R995:54695.682929,0.050000,54695.682946,54695.683378,54695.733378
R996:54695.692946,0.050000,54695.723266,54695.733428,54695.783428
R997:54695.758892,0.050000,54695.758945,54695.783534,54695.833534
R998:54695.786466,0.050000,54695.786518,54695.833569,54695.883570
R999:54695.811672,0.050000,54695.828314,54695.883622,54695.933623
R1000:54695.856466,0.050000,54695.856513,54695.933681,54695.983682
R1001:54695.892524,0.050000,54695.892576,54695.983740,54696.033740
R1002:54695.952807,0.050000,54695.952869,54696.033782,54696.083783
R1003:54696.027208,0.050000,54696.027251,54696.083843,54696.133844
R1004:54696.063599,0.050000,54696.063647,54696.133910,54696.183910
R1005:54696.109533,0.050000,54696.109587,54696.184056,54696.234057
R1006:54696.109964,0.050000,54696.133896,54696.234112,54696.284113
R1007:54696.128460,0.050000,54696.133898,54696.284189,54696.334190
R1008:54696.141009,0.050000,54696.174582,54696.334248,54696.384249
R1009:54696.211445,0.050000,54696.211498,54696.384318,54696.434319
R1010:54696.246669,0.050000,54696.246716,54696.434368,54696.484369
R1011:54696.263429,0.050000,54696.284176,54696.484434,54696.534439
R1012:54696.327016,0.050000,54696.327115,54696.534496,54696.584496
R1013:54696.343435,0.050000,54696.343491,54696.584548,54696.634549
R1014:54696.369472,0.050000,54696.384306,54696.634606,54696.684607
R1015:54696.412256,0.050000,54696.425280,54696.684664,54696.734665
R1016:54696.445171,0.050000,54696.445214,54696.734710,54696.784711
R1017:54696.470263,0.050000,54696.484419,54696.784771,54696.834772
R1018:54696.473463,0.050000,54696.484421,54696.834801,54696.884801
R1019:54696.479513,0.050000,54696.484423,54696.884859,54696.934860
R1020:54696.577211,0.050000,54696.577245,54696.934915,54696.984916
R1021:54696.702101,0.050000,54696.702188,54696.984976,54697.034977
R1022:54696.956661,0.050000,54696.956691,54697.035077,54697.085078
R1023:54697.000595,0.050000,54697.000641,54697.085108,54697.135109
R1024:54697.020755,0.050000,54697.035062,54697.135178,54697.185178
R1025:54697.033254,0.050000,54697.035065,54697.185272,54697.235273
R1026:54697.059687,0.050000,54697.077233,54697.235354,54697.285355
R1027:54697.093854,0.050000,54697.093889,54697.285402,54697.335403
R1028:54697.207822,0.050000,54697.207872,54697.335467,54697.385467
R1029:54697.276157,0.050000,54697.276297,54697.385528,54697.435528
R1030:54697.367552,0.050000,54697.367817,54697.435631,54697.485631
R1031:54697.396652,0.050000,54697.396689,54697.485677,54697.535678
R1032:54697.406352,0.050000,54697.435615,54697.535728,54697.585729
R1033:54697.439141,0.050000,54697.477270,54697.585767,54697.635767
R1034:54697.445622,0.050000,54697.477274,54697.635826,54697.685827
R1035:54697.499687,0.050000,54697.499805,54697.685871,54697.735872
R1036:54697.702071,0.050000,54697.702115,54697.735932,54697.785933
R1037:54697.709144,0.050000,54697.735919,54697.785981,54697.835982
R1038:54697.829097,0.050000,54697.829174,54697.836022,54697.886023
R1039:54697.839698,0.050000,54697.839781,54697.886075,54697.936076
R1040:54697.935763,0.050000,54697.935820,54697.936115,54697.986115
R1041:54697.958621,0.050000,54697.958749,54697.986185,54698.036186
R1042:54697.988898,0.050000,54697.988985,54698.036238,54698.086239
R1043:54698.025391,0.050000,54698.029217,54698.086291,54698.136292
R1044:54698.070776,0.050000,54698.070893,54698.136330,54698.186331
R1045:54698.152219,0.050000,54698.152486,54698.186392,54698.236393
R1046:54698.359781,0.050000,54698.359897,54698.359983,54698.409983
R1047:54698.547533,0.050000,54698.547590,54698.547745,54698.597745
R1048:54698.553088,0.050000,54698.553107,54698.597790,54698.647790
R1049:54698.554362,0.050000,54698.554379,54698.647848,54698.697849
R1050:54698.557636,0.050000,54698.557670,54698.697901,54698.747950
R1051:54698.692301,0.050000,54698.692349,54698.747997,54698.797998
R1052:54698.827848,0.050000,54698.827909,54698.828432,54698.878432
R1053:54698.830406,0.050000,54698.869105,54698.878523,54698.928524
R1054:54698.862431,0.050000,54698.869112,54698.928584,54698.978585
R1055:54698.874634,0.050000,54698.874656,54698.978637,54699.028638
R1056:54698.890300,0.050000,54698.890380,54699.029415,54699.079417
R1057:54698.979928,0.050000,54698.979975,54699.079550,54699.129551
R1058:54699.037812,0.050000,54699.037882,54699.129604,54699.179605
R1059:54699.042683,0.050000,54699.042778,54699.179653,54699.229654
R1060:54699.080144,0.050000,54699.080260,54699.229703,54699.284516
R1061:54699.112333,0.050000,54699.122084,54699.284550,54699.334551
R1062:54699.149584,0.050000,54699.149649,54699.334696,54699.384721
R1063:54699.204677,0.050000,54699.204759,54699.384786,54699.434787
R1064:54699.312514,0.050000,54699.312630,54699.434821,54699.484821
R1065:54699.363497,0.050000,54699.363605,54699.484871,54699.534872
R1066:54699.379205,0.050000,54699.384774,54699.534919,54699.584920
R1067:54699.475790,0.050000,54699.475851,54699.584952,54699.634964
R1068:54699.542228,0.050000,54699.542280,54699.635023,54699.685023
R1069:54699.547539,0.050000,54699.584256,54699.685110,54699.735111
R1070:54699.741245,0.050000,54699.741312,54699.741396,54699.791397
R1071:54699.779529,0.050000,54699.784352,54699.791443,54699.841443
R1072:54699.808705,0.050000,54699.808764,54699.841524,54699.891525
R1073:54699.835782,0.050000,54699.841508,54699.891633,54699.941634
R1074:54699.993346,0.050000,54699.993924,54699.993933,54700.043934
R1075:54700.139824,0.050000,54700.140109,54700.140438,54700.190439
R1076:54700.146558,0.050000,54700.146606,54700.190518,54700.240526
R1077:54700.282624,0.050000,54700.282958,54700.282967,54700.332968
R1078:54700.405322,0.050000,54700.406199,54700.406209,54700.456210
R1079:54700.418069,0.050000,54700.419071,54700.456268,54700.506269
R1080:54700.567777,0.050000,54700.568353,54700.568363,54700.618364
R1081:54700.723233,0.050000,54700.723964,54700.724070,54700.774071
R1082:54700.728852,0.050000,54700.729409,54700.774130,54700.824131
R1083:54700.830172,0.050000,54700.830776,54700.830832,54700.880833
R1084:54701.033460,0.050000,54701.034107,54701.034118,54701.084158
R1085:54701.075417,0.050000,54701.076374,54701.084224,54701.134224
R1086:54701.075988,0.050000,54701.076388,54701.134290,54701.184291
R1087:54701.088311,0.050000,54701.088380,54701.184349,54701.234350
R1088:54701.108341,0.050000,54701.130339,54701.234388,54701.284389
R1089:54701.167126,0.050000,54701.167260,54701.284443,54701.334444
R1090:54701.185129,0.050000,54701.185229,54701.334497,54701.384498
R1091:54701.267593,0.050000,54701.267677,54701.384570,54701.434571
R1092:54701.270894,0.050000,54701.271004,54701.434671,54701.484672
R1093:54701.346912,0.050000,54701.347004,54701.484720,54701.534722
R1094:54701.372893,0.050000,54701.384557,54701.534772,54701.584772
R1095:54701.494510,0.050000,54701.494606,54701.584835,54701.634875
R1096:54701.515728,0.050000,54701.515880,54701.634927,54701.684928
R1097:54701.563921,0.050000,54701.566341,54701.684992,54701.734993
R1098:54701.630969,0.050000,54701.631116,54701.735041,54701.785042
R1099:54701.818643,0.050000,54701.819156,54701.819165,54701.869166
R1100:54701.877762,0.050000,54701.878129,54701.878140,54701.928141
R1101:54701.937628,0.050000,54701.938078,54701.938086,54701.988087
R1102:54701.971313,0.050000,54701.971846,54701.988130,54702.038131
R1103:54701.971972,0.050000,54701.972203,54702.038182,54702.088183
R1104:54702.297554,0.050000,54702.297691,54702.297704,54702.347704
R1105:54702.324583,0.050000,54702.339390,54702.347745,54702.397748
R1106:54702.477349,0.050000,54702.477948,54702.478003,54702.528004
R1107:54702.483800,0.050000,54702.519357,54702.528113,54702.578114
R1108:54702.501957,0.050000,54702.519362,54702.578170,54702.628171
R1109:54702.597928,0.050000,54702.598073,54702.628237,54702.678237
R1110:54702.618445,0.050000,54702.628225,54702.678285,54702.728285
R1111:54702.630817,0.050000,54702.674100,54702.728337,54702.778338
R1112:54702.708014,0.050000,54702.708064,54702.778368,54702.828369
R1113:54702.736380,0.050000,54702.736419,54702.828407,54702.878407
R1114:54702.737157,0.050000,54702.777312,54702.878467,54702.928468
R1115:54702.808017,0.050000,54702.808058,54702.928529,54702.978530
R1116:54702.937732,0.050000,54702.937842,54702.978562,54703.028563
R1117:54702.938888,0.050000,54702.978345,54703.029278,54703.079313
R1118:54703.067257,0.050000,54703.067302,54703.079473,54703.129473
R1119:54703.078974,0.050000,54703.079466,54703.129542,54703.179543
R1120:54703.139013,0.050000,54703.139049,54703.179591,54703.229591
R1121:54703.148570,0.050000,54703.148614,54703.229659,54703.279660
R1122:54703.301763,0.050000,54703.301883,54703.302251,54703.352252
R1123:54703.368262,0.050000,54703.368319,54703.368905,54703.418906
R1124:54703.488420,0.050000,54703.488467,54703.488971,54703.538971
R1125:54703.507520,0.050000,54703.507574,54703.539023,54703.589024
R1126:54703.554389,0.050000,54703.554432,54703.589103,54703.639104
R1127:54703.564484,0.050000,54703.589292,54703.639146,54703.689147
R1128:54703.668420,0.050000,54703.668607,54703.689191,54703.739192
R1129:54703.683627,0.050000,54703.683781,54703.739327,54703.789328
R1130:54703.690937,0.050000,54703.690974,54703.789399,54703.839399
R1131:54703.727043,0.050000,54703.732172,54703.839458,54703.890778
R1132:54703.843416,0.050000,54703.843451,54703.890854,54703.940855
R1133:54703.890106,0.050000,54703.890157,54703.940911,54703.990912
R1134:54703.926609,0.050000,54703.926655,54703.990968,54704.040969
R1135:54704.041054,0.050000,54704.041094,54704.041217,54704.091255
R1136:54704.182549,0.050000,54704.182712,54704.182724,54704.232725
R1137:54704.211454,0.050000,54704.211534,54704.232779,54704.282780
R1138:54704.395504,0.050000,54704.395686,54704.395704,54704.445705
R1139:54704.406891,0.050000,54704.436317,54704.445752,54704.495753
R1140:54704.419190,0.050000,54704.436320,54704.495823,54704.545825
R1141:54704.435962,0.050000,54704.436334,54704.545878,54704.595879
R1142:54704.462340,0.050000,54704.462424,54704.595948,54704.645948
R1143:54704.609544,0.050000,54704.609725,54704.646011,54704.696011
R1144:54704.668303,0.050000,54704.668456,54704.697012,54704.747012
R1145:54704.695692,0.050000,54704.696996,54704.747117,54704.797117
R1146:54704.752033,0.050000,54704.752133,54704.797151,54704.847152
R1147:54704.795017,0.050000,54704.795117,54704.847249,54704.897250
R1148:54704.823157,0.050000,54704.823250,54704.897310,54704.947320
R1149:54704.864312,0.050000,54704.864380,54704.947385,54704.997386
R1150:54704.934270,0.050000,54704.934352,54704.997433,54705.047434
R1151:54704.935575,0.050000,54704.947373,54705.047490,54705.097490
R1152:54704.997568,0.050000,54704.997640,54705.097548,54705.147549
R1153:54705.054531,0.050000,54705.054602,54705.147602,54705.197603
R1154:54705.124229,0.050000,54705.124323,54705.197660,54705.247661
R1155:54705.167697,0.050000,54705.167786,54705.247706,54705.297707
R1156:54705.300725,0.050000,54705.300872,54705.300881,54705.350881
R1157:54705.317089,0.050000,54705.342157,54705.350938,54705.400939
R1158:54705.383563,0.050000,54705.383594,54705.401001,54705.451001
R1159:54705.459449,0.050000,54705.459488,54705.459532,54705.509532
R1160:54705.496373,0.050000,54705.500278,54705.509575,54705.559576
R1161:54705.587754,0.050000,54705.587798,54705.587915,54705.637916
R1162:54705.599322,0.050000,54705.629101,54705.637953,54705.687954
R1163:54705.622654,0.050000,54705.629107,54705.687993,54705.737993
R1164:54705.646748,0.050000,54705.646784,54705.738086,54705.788086
R1165:54705.706811,0.050000,54705.706889,54705.788215,54705.838216
R1166:54705.718821,0.050000,54705.718867,54705.838248,54705.888249
R1167:54705.735501,0.050000,54705.735552,54705.888284,54705.938285
R1168:54705.737103,0.050000,54705.737123,54705.938354,54705.988355
R1169:54705.745929,0.050000,54705.745964,54705.988389,54706.038390
R1170:54705.777832,0.050000,54705.786155,54706.038478,54706.088479
R1171:54705.791908,0.050000,54705.791933,54706.088543,54706.138543
R1172:54705.820647,0.050000,54705.833276,54706.138569,54706.188570
R1173:54705.909228,0.050000,54705.909274,54706.188606,54706.238607
R1174:54705.917541,0.050000,54705.938339,54706.238647,54706.288648
R1175:54705.918399,0.050000,54705.938341,54706.288707,54706.338707
R1176:54705.927690,0.050000,54705.938342,54706.338768,54706.388802
R1177:54706.008193,0.050000,54706.008246,54706.388858,54706.438859
R1178:54706.052812,0.050000,54706.052855,54706.438920,54706.488921
R1179:54706.096578,0.050000,54706.096628,54706.489632,54706.539633
R1180:54706.113398,0.050000,54706.137267,54706.539675,54706.589675
R1181:54706.128456,0.050000,54706.137276,54706.589711,54706.639712
R1182:54706.174426,0.050000,54706.174478,54706.639760,54706.689761
R1183:54706.308403,0.050000,54706.308497,54706.689797,54706.739798
R1184:54706.418294,0.050000,54706.418338,54706.739851,54706.789852
R1185:54706.434407,0.050000,54706.438907,54706.789911,54706.839912
R1186:54706.466463,0.050000,54706.479436,54706.839983,54706.889985
R1187:54706.546032,0.050000,54706.546125,54706.890043,54706.940044
R1188:54706.584838,0.050000,54706.587248,54706.940093,54706.990160
R1189:54706.590748,0.050000,54706.590771,54706.990441,54707.040443
R1190:54706.627779,0.050000,54706.632141,54707.040504,54707.090504
R1191:54706.795041,0.050000,54706.795080,54707.090557,54707.140558
R1192:54706.920787,0.050000,54706.920861,54707.140594,54707.190615
R1193:54706.982186,0.050000,54706.982707,54707.190664,54707.240665
R1194:54707.001984,0.050000,54707.002027,54707.240720,54707.290721
R1195:54707.017014,0.050000,54707.040491,54707.290793,54707.340794
R1196:54707.038814,0.050000,54707.040494,54707.340878,54707.390879
R1197:54707.074039,0.050000,54707.082267,54707.390938,54707.440939
R1198:54707.110688,0.050000,54707.110799,54707.440987,54707.490988
R1199:54707.132431,0.050000,54707.140607,54707.491046,54707.541047
R1200:54707.184742,0.050000,54707.184770,54707.541113,54707.591130
R1201:54707.308430,0.050000,54707.308578,54707.591188,54707.641189
R1202:54707.351647,0.050000,54707.351687,54707.641273,54707.691273
R1203:54707.561984,0.050000,54707.562072,54707.691333,54707.741334
R1204:54707.624916,0.050000,54707.624964,54707.741403,54707.791404
R1205:54707.686345,0.050000,54707.686512,54707.791461,54707.841462
R1206:54707.933951,0.050000,54707.934002,54707.934455,54707.984455
R1207:54708.028366,0.050000,54708.028426,54708.028503,54708.078504
R1208:54708.057847,0.050000,54708.057951,54708.078542,54708.128542
R1209:54708.101241,0.050000,54708.101280,54708.128629,54708.178629
R1210:54708.124358,0.050000,54708.128613,54708.178683,54708.228684
R1211:54708.184002,0.050000,54708.184361,54708.228752,54708.278752
R1212:54708.263911,0.050000,54708.263963,54708.278809,54708.328810
R1213:54708.381521,0.050000,54708.381563,54708.382137,54708.432138
R1214:54708.426537,0.050000,54708.426598,54708.432207,54708.482208
R1215:54708.478300,0.050000,54708.478346,54708.482241,54708.532242
R1216:54708.484566,0.050000,54708.484590,54708.532283,54708.582284
R1217:54708.661921,0.050000,54708.662132,54708.662143,54708.712144
R1218:54708.685085,0.050000,54708.685138,54708.712224,54708.762225
R1219:54708.735777,0.050000,54708.735839,54708.762301,54708.812317
R1220:54708.738519,0.050000,54708.762288,54708.812374,54708.862375
R1221:54708.829621,0.050000,54708.829677,54708.862430,54708.912431
R1222:54708.872631,0.050000,54708.872660,54708.912506,54708.962506
R1223:54709.024385,0.050000,54709.024420,54709.024851,54709.074852
R1224:54709.057273,0.050000,54709.065278,54709.074908,54709.124909
R1225:54709.147705,0.050000,54709.147752,54709.147900,54709.197901
R1226:54709.156754,0.050000,54709.188299,54709.197954,54709.247955
R1227:54709.229379,0.050000,54709.230507,54709.248017,54709.298017
R1228:54709.247732,0.050000,54709.248003,54709.298049,54709.348049
R1229:54709.301399,0.050000,54709.301438,54709.348085,54709.398086
R1230:54709.302078,0.050000,54709.302097,54709.398143,54709.448144
R1231:54709.403072,0.050000,54709.406748,54709.448181,54709.498182
R1232:54709.444991,0.050000,54709.445023,54709.498217,54709.548218
R1233:54709.488596,0.050000,54709.488799,54709.548275,54709.598276
R1234:54709.580930,0.050000,54709.581193,54709.598306,54709.648307
R1235:54709.589235,0.050000,54709.598316,54709.648367,54709.698368
R1236:54709.600190,0.050000,54709.639322,54709.698400,54709.748401
R1237:54709.689076,0.050000,54709.689106,54709.748449,54709.798449
R1238:54709.842367,0.050000,54709.842587,54709.842710,54709.892710
R1239:54709.890577,0.050000,54709.890610,54709.892737,54709.942737
R1240:54709.910939,0.050000,54709.910983,54709.943634,54709.993634
R1241:54709.928393,0.050000,54709.942788,54709.993665,54710.043665
R1242:54709.942081,0.050000,54709.942791,54710.043719,54710.093741
R1243:54709.944705,0.050000,54709.983147,54710.093785,54710.143971
R1244:54709.952321,0.050000,54709.983154,54710.144006,54710.194007
R1245:54710.029495,0.050000,54710.029578,54710.194068,54710.244069
R1246:54710.086524,0.050000,54710.086568,54710.244116,54710.294118
R1247:54710.102506,0.050000,54710.102585,54710.294171,54710.344172
R1248:54710.171254,0.050000,54710.171309,54710.344264,54710.394265
R1249:54710.336937,0.050000,54710.336994,54710.394321,54710.444322
R1250:54710.428383,0.050000,54710.428431,54710.444375,54710.494376
R1251:54710.503719,0.050000,54710.503756,54710.503914,54710.553914
R1252:54710.580187,0.050000,54710.580248,54710.580308,54710.630308
R1253:54710.601837,0.050000,54710.601909,54710.630347,54710.680348
R1254:54710.663060,0.050000,54710.663090,54710.680412,54710.730413
R1255:54710.673026,0.050000,54710.680398,54710.730467,54710.780468
R1256:54710.678665,0.050000,54710.680401,54710.780538,54710.830539
R1257:54710.769035,0.050000,54710.769101,54710.830586,54710.880586
R1258:54710.885150,0.050000,54710.885282,54710.885290,54710.935291
R1259:54710.908943,0.050000,54710.926369,54710.935323,54710.985334
R1260:54710.937711,0.050000,54710.937747,54710.985375,54711.035375
R1261:54711.056720,0.050000,54711.056807,54711.057235,54711.107236
R1262:54711.066012,0.050000,54711.066042,54711.107284,54711.157285
R1263:54711.179584,0.050000,54711.179632,54711.179995,54711.229996
R1264:54711.209128,0.050000,54711.209191,54711.230053,54711.280094
R1265:54711.368040,0.050000,54711.368087,54711.368545,54711.418546
R1266:54711.602710,0.050000,54711.602758,54711.603353,54711.653354
R1267:54711.650755,0.050000,54711.650802,54711.653387,54711.703388
R1268:54711.723478,0.050000,54711.723519,54711.724287,54711.774288
R1269:54711.863317,0.050000,54711.863374,54711.863897,54711.913921
R1270:54711.870563,0.050000,54711.870591,54711.914000,54711.964001
R1271:54711.870603,0.050000,54711.870610,54711.964032,54712.014033
R1272:54711.880569,0.050000,54711.880624,54712.014076,54712.064077
R1273:54711.902335,0.050000,54711.902393,54712.064124,54712.114125
R1274:54711.904363,0.050000,54711.904452,54712.114181,54712.164182
R1275:54711.922804,0.050000,54711.922848,54712.164241,54712.214264
R1276:54711.925013,0.050000,54711.963251,54712.214299,54712.264299
R1277:54711.986443,0.050000,54711.986501,54712.264359,54712.314359
R1278:54712.024986,0.050000,54712.025018,54712.314430,54712.364431
R1279:54712.098818,0.050000,54712.098861,54712.364477,54712.414478
R1280:54712.151250,0.050000,54712.151293,54712.414530,54712.464531
R1281:54712.170449,0.050000,54712.170500,54712.464567,54712.514568
R1282:54712.204659,0.050000,54712.211307,54712.514627,54712.564628
R1283:54712.227076,0.050000,54712.227134,54712.564661,54712.614662
R1284:54712.277476,0.050000,54712.277522,54712.614709,54712.664710
R1285:54712.282609,0.050000,54712.314417,54712.664767,54712.714767
R1286:54712.320046,0.050000,54712.355179,54712.714824,54712.764824
R1287:54712.384883,0.050000,54712.384975,54712.764868,54712.814869
R1288:54712.504057,0.050000,54712.504135,54712.814932,54712.864933
R1289:54712.528969,0.050000,54712.529014,54712.864965,54712.914966
R1290:54712.781488,0.050000,54712.781532,54712.915039,54712.965040
R1291:54712.799487,0.050000,54712.814918,54712.965086,54713.015086
R1292:54712.813884,0.050000,54712.814921,54713.015134,54713.065134
R1293:54712.822783,0.050000,54712.856115,54713.065196,54713.115213
R1294:54712.829533,0.050000,54712.856119,54713.115270,54713.165271
R1295:54712.881766,0.050000,54712.881793,54713.165328,54713.215397
R1296:54712.885836,0.050000,54712.915025,54713.215471,54713.265471
R1297:54712.891126,0.050000,54712.915027,54713.265511,54713.315511
R1298:54712.900569,0.050000,54712.915028,54713.315577,54713.365578
R1299:54712.987358,0.050000,54712.987404,54713.365616,54713.415617
R1300:54713.256901,0.050000,54713.256952,54713.415660,54713.465660
R1301:54713.275709,0.050000,54713.275760,54713.466436,54713.516437
R1302:54713.363132,0.050000,54713.363163,54713.516482,54713.566482
R1303:54713.372586,0.050000,54713.372625,54713.566523,54713.616523
R1304:54713.422448,0.050000,54713.422503,54713.616565,54713.666565
R1305:54713.518097,0.050000,54713.518120,54713.666613,54713.716614
R1306:54713.550104,0.050000,54713.550153,54713.716647,54713.766648
R1307:54713.604537,0.050000,54713.604605,54713.766697,54713.816697
R1308:54713.640193,0.050000,54713.640308,54713.816747,54713.866747
R1309:54713.770587,0.050000,54713.770647,54713.866782,54713.916783
R1310:54713.793415,0.050000,54713.810118,54713.916854,54713.966855
R1311:54713.796192,0.050000,54713.810121,54713.966907,54714.016908
R1312:54713.806801,0.050000,54713.810126,54714.016950,54714.066950
R1313:54713.888208,0.050000,54713.888235,54714.066981,54714.116981
R1314:54713.914624,0.050000,54713.916840,54714.117019,54714.167020
R1315:54713.992232,0.050000,54713.992352,54714.167061,54714.217062
R1316:54714.098254,0.050000,54714.098305,54714.217120,54714.267121
R1317:54714.199142,0.050000,54714.199188,54714.267268,54714.317306
R1318:54714.228788,0.050000,54714.228824,54714.317352,54714.367353
R1319:54714.298411,0.050000,54714.298461,54714.367419,54714.417420
R1320:54714.307937,0.050000,54714.317364,54714.417472,54714.467473
R1321:54714.336251,0.050000,54714.358324,54714.467530,54714.517530
R1322:54714.500944,0.050000,54714.500975,54714.517582,54714.567583
R1323:54714.526440,0.050000,54714.526533,54714.567608,54714.617608
R1324:54714.569396,0.050000,54714.569442,54714.617640,54714.667641
R1325:54714.572595,0.050000,54714.611297,54714.667682,54714.717683
R1326:54714.725771,0.050000,54714.725814,54714.725902,54714.775903
R1327:54714.775968,0.050000,54714.775995,54714.776132,54714.826133
R1328:54714.784370,0.050000,54714.784437,54714.826180,54714.881498
R1329:54714.789269,0.050000,54714.789396,54714.887322,54714.937323
R1330:54714.814208,0.050000,54714.814298,54714.937374,54714.987374
R1331:54714.821800,0.050000,54714.821841,54714.987414,54715.037415
R1332:54714.850339,0.050000,54714.850385,54715.037471,54715.087471
R1333:54714.857010,0.050000,54714.888009,54715.087527,54715.137528
R1334:54714.874523,0.050000,54714.888017,54715.137580,54715.187581
R1335:54715.003542,0.050000,54715.003589,54715.187624,54715.237625
R1336:54715.143877,0.050000,54715.143903,54715.237676,54715.287677
R1337:54715.209474,0.050000,54715.209646,54715.287771,54715.337772
R1338:54715.249281,0.050000,54715.249327,54715.337826,54715.387826
R1339:54715.276065,0.050000,54715.288560,54715.387848,54715.437849
R1340:54715.324506,0.050000,54715.329451,54715.437899,54715.487899
R1341:54715.420033,0.050000,54715.420074,54715.487953,54715.537954
R1342:54715.449909,0.050000,54715.449957,54715.538002,54715.588003
R1343:54715.524428,0.050000,54715.524474,54715.588053,54715.638076
R1344:54715.571268,0.050000,54715.571324,54715.638127,54715.688128
R1345:54715.650860,0.050000,54715.650910,54715.688211,54715.738211
R1346:54715.685982,0.050000,54715.688283,54715.738240,54715.788270
R1347:54715.713851,0.050000,54715.730327,54715.788363,54715.838364
R1348:54715.762440,0.050000,54715.762533,54715.838412,54715.888412
R1349:54715.871227,0.050000,54715.871263,54715.888478,54715.938479
R1350:54715.875894,0.050000,54715.888466,54715.938532,54715.988533
R1351:54715.948314,0.050000,54715.948432,54715.988590,54716.038591
R1352:54715.963422,0.050000,54715.963489,54716.038643,54716.088644
R1353:54715.964108,0.050000,54715.964153,54716.088689,54716.138690
R1354:54715.967130,0.050000,54715.967169,54716.138749,54716.188769
R1355:54716.044020,0.050000,54716.044137,54716.188844,54716.238845
R1356:54716.047348,0.050000,54716.086309,54716.238892,54716.288893
R1357:54716.252621,0.050000,54716.252673,54716.288984,54716.338984
R1358:54716.273844,0.050000,54716.288960,54716.339104,54716.389412
R1359:54716.285473,0.050000,54716.288962,54716.389641,54716.439642
R1360:54716.288383,0.050000,54716.288964,54716.439706,54716.489706
R1361:54716.348013,0.050000,54716.348079,54716.489772,54716.539772
R1362:54716.367957,0.050000,54716.368549,54716.540570,54716.590571
R1363:54716.394712,0.050000,54716.394761,54716.590627,54716.640628
R1364:54716.474373,0.050000,54716.474440,54716.640704,54716.690705
R1365:54716.520381,0.050000,54716.520454,54716.690774,54716.740830
R1366:54716.538341,0.050000,54716.539977,54716.740905,54716.790909
R1367:54716.600515,0.050000,54716.600815,54716.790976,54716.840977
R1368:54716.615540,0.050000,54716.615612,54716.841098,54716.891099
R1369:54716.694577,0.050000,54716.694867,54716.891178,54716.941178
R1370:54716.695913,0.050000,54716.735178,54716.941334,54716.991335
R1371:54716.781775,0.050000,54716.781955,54716.991420,54717.041420
R1372:54716.828898,0.050000,54716.828946,54717.041469,54717.091469
R1373:54716.859608,0.050000,54716.859665,54717.091528,54717.141529
R1374:54716.902836,0.050000,54716.902903,54717.141588,54717.191589
R1375:54716.908794,0.050000,54716.941315,54717.191618,54717.241619
R1376:54716.921699,0.050000,54716.941319,54717.241673,54717.291700
R1377:54717.078216,0.050000,54717.078259,54717.291729,54717.341730
R1378:54717.114950,0.050000,54717.114989,54717.341766,54717.391767
R1379:54717.184626,0.050000,54717.184648,54717.391799,54717.441799
R1380:54717.271274,0.050000,54717.271318,54717.441839,54717.491840
R1381:54717.315598,0.050000,54717.315648,54717.491885,54717.541886
R1382:54717.345725,0.050000,54717.345759,54717.541939,54717.591939
R1383:54717.613996,0.050000,54717.614055,54717.614150,54717.664151
R1384:54717.659172,0.050000,54717.659245,54717.664202,54717.714203
R1385:54717.693628,0.050000,54717.693794,54717.714269,54717.764304
R1386:54717.769396,0.050000,54717.769446,54717.771006,54717.821059
R1387:54717.821146,0.050000,54717.821251,54717.821291,54717.871292
R1388:54717.852494,0.050000,54717.852569,54717.871366,54717.921366
R1389:54717.854157,0.050000,54717.854249,54717.921418,54717.971419
R1390:54717.936336,0.050000,54717.936378,54717.971529,54718.021530
R1391:54717.971251,0.050000,54717.971516,54718.021576,54718.071577
R1392:54718.032823,0.050000,54718.032874,54718.071648,54718.121649
R1393:54718.034814,0.050000,54718.034836,54718.121704,54718.171704
R1394:54718.131492,0.050000,54718.131522,54718.171773,54718.221774
R1395:54718.160578,0.050000,54718.171760,54718.221809,54718.271809
R1396:54718.210190,0.050000,54718.213231,54718.271844,54718.321845
R1397:54718.213713,0.050000,54718.213740,54718.321894,54718.371894
R1398:54718.215946,0.050000,54718.215971,54718.371929,54718.421930
R1399:54718.303856,0.050000,54718.303900,54718.421972,54718.471972
R1400:54718.396444,0.050000,54718.396479,54718.472004,54718.522004
R1401:54718.398708,0.050000,54718.421983,54718.522059,54718.572059
R1402:54718.444613,0.050000,54718.461281,54718.572094,54718.622095
R1403:54718.468428,0.050000,54718.468478,54718.622153,54718.672155
R1404:54718.501710,0.050000,54718.501750,54718.672204,54718.722205
R1405:54718.503109,0.050000,54718.522046,54718.722289,54718.772290
R1406:54718.534728,0.050000,54718.563090,54718.772336,54718.822337
R1407:54718.583536,0.050000,54718.583582,54718.822375,54718.872376
R1408:54718.758696,0.050000,54718.758750,54718.872419,54718.922420
R1409:54718.880284,0.050000,54718.880319,54718.922451,54718.972451
R1410:54718.897688,0.050000,54718.922270,54718.972481,54719.022482
R1411:54718.972119,0.050000,54718.972169,54719.022526,54719.072527
R1412:54719.002275,0.050000,54719.002328,54719.072573,54719.122573
R1413:54719.064182,0.050000,54719.064284,54719.122628,54719.172628
R1414:54719.136589,0.050000,54719.136633,54719.172677,54719.222678
R1415:54719.295859,0.050000,54719.295912,54719.296545,54719.346545
R1416:54719.301506,0.050000,54719.336101,54719.346584,54719.396584
R1417:54719.334090,0.050000,54719.336109,54719.396620,54719.446621
R1418:54719.376651,0.050000,54719.376694,54719.446665,54719.496666
R1419:54719.417677,0.050000,54719.417772,54719.496695,54719.546696
R1420:54719.452549,0.050000,54719.452589,54719.546727,54719.598824
R1421:54719.471681,0.050000,54719.493099,54719.598899,54719.648900
R1422:54719.640996,0.050000,54719.641071,54719.648960,54719.698961
R1423:54719.646805,0.050000,54719.648943,54719.699599,54719.749599
R1424:54719.667541,0.050000,54719.689121,54719.749629,54719.799630
R1425:54719.749122,0.050000,54719.749148,54719.799691,54719.849692
R1426:54719.787285,0.050000,54719.787356,54719.849728,54719.899729
R1427:54719.903378,0.050000,54719.903406,54719.903472,54719.953473
R1428:54719.999549,0.050000,54719.999584,54719.999723,54720.049724
R1429:54720.041460,0.050000,54720.041503,54720.049763,54720.099764
R1430:54720.100933,0.050000,54720.100958,54720.101228,54720.151229
R1431:54720.154625,0.050000,54720.154666,54720.161058,54720.211059
R1432:54720.201836,0.050000,54720.201963,54720.211100,54720.261647
R1433:54720.213819,0.050000,54720.213917,54720.261727,54720.311728
R1434:54720.368151,0.050000,54720.368283,54720.368457,54720.418458
R1435:54720.584311,0.050000,54720.584474,54720.584487,54720.634488
R1436:54720.597310,0.050000,54720.597364,54720.634545,54720.684546
R1437:54720.621900,0.050000,54720.621957,54720.684616,54720.734617
R1438:54720.667401,0.050000,54720.667450,54720.734649,54720.784650
R1439:54720.676673,0.050000,54720.684603,54720.784682,54720.834683
R1440:54720.690821,0.050000,54720.726323,54720.834741,54720.884741
R1441:54720.783597,0.050000,54720.783721,54720.884778,54720.934779
R1442:54720.900216,0.050000,54720.900328,54720.934837,54720.984838
R1443:54720.956374,0.050000,54720.956428,54720.984896,54721.034897
R1444:54720.991288,0.050000,54720.991315,54721.034926,54721.084941
R1445:54721.041354,0.050000,54721.041381,54721.084977,54721.134983
R1446:54721.088346,0.050000,54721.088488,54721.135014,54721.185015
R1447:54721.133916,0.050000,54721.134022,54721.185045,54721.235046
R1448:54721.431036,0.050000,54721.431515,54721.431636,54721.481637
R1449:54721.435182,0.050000,54721.473158,54721.481669,54721.531670
R1450:54721.437056,0.050000,54721.473161,54721.531728,54721.581729
R1451:54721.470432,0.050000,54721.473162,54721.581778,54721.631779
R1452:54721.493256,0.050000,54721.493281,54721.631845,54721.681845
R1453:54721.706237,0.050000,54721.706292,54721.706998,54721.757193
R1454:54721.749552,0.050000,54721.749579,54721.757232,54721.807232
R1455:54721.805530,0.050000,54721.805557,54721.807321,54721.857322
R1456:54721.881005,0.050000,54721.881104,54721.881850,54721.931862
R1457:54722.173989,0.050000,54722.174048,54722.174607,54722.224609
R1458:54722.211918,0.050000,54722.211972,54722.224664,54722.274665
R1459:54722.256101,0.050000,54722.256183,54722.274726,54722.324727
R1460:54722.297611,0.050000,54722.297682,54722.324791,54722.374791
R1461:54722.304851,0.050000,54722.324775,54722.374825,54722.424826
R1462:54722.313411,0.050000,54722.324777,54722.424854,54722.474854
R1463:54722.316951,0.050000,54722.324778,54722.474885,54722.524886
R1464:54722.337161,0.050000,54722.366656,54722.524915,54722.574939
R1465:54722.340958,0.050000,54722.366659,54722.574971,54722.624971
R1466:54722.342631,0.050000,54722.366661,54722.625027,54722.675028
R1467:54722.381558,0.050000,54722.381593,54722.675105,54722.725106
R1468:54722.411145,0.050000,54722.422208,54722.725140,54722.775159
R1469:54722.459800,0.050000,54722.459900,54722.775211,54722.825212
R1470:54722.517747,0.050000,54722.517843,54722.825246,54722.875247
R1471:54722.572993,0.050000,54722.573082,54722.875344,54722.925344
R1472:54722.599492,0.050000,54722.599577,54722.925404,54722.975405
R1473:54722.639285,0.050000,54722.639355,54722.975468,54723.025471
R1474:54722.654171,0.050000,54722.675092,54723.025519,54723.075560
R1475:54722.747264,0.050000,54722.747304,54723.075593,54723.125594
R1476:54722.750626,0.050000,54722.750650,54723.125643,54723.175644
R1477:54722.835498,0.050000,54722.835544,54723.175689,54723.225690
R1478:54722.858821,0.050000,54722.875329,54723.225725,54723.275725
R1479:54722.861741,0.050000,54722.875333,54723.275782,54723.325783
R1480:54722.963380,0.050000,54722.963417,54723.325832,54723.375832
R1481:54722.990195,0.050000,54722.990253,54723.375889,54723.425889
R1482:54723.029087,0.050000,54723.029118,54723.425936,54723.475936
R1483:54723.038526,0.050000,54723.070164,54723.475964,54723.525964
R1484:54723.062620,0.050000,54723.070171,54723.526628,54723.576628
R1485:54723.486098,0.050000,54723.486143,54723.576731,54723.626731
R1486:54723.570619,0.050000,54723.570671,54723.626781,54723.676792
R1487:54723.575013,0.050000,54723.576717,54723.676851,54723.726851
R1488:54723.862306,0.050000,54723.862864,54723.862905,54723.912906
R1489:54723.877817,0.050000,54723.877873,54723.912956,54723.962957
R1490:54723.928777,0.050000,54723.928816,54723.963013,54724.013013
R1491:54723.968973,0.050000,54723.969016,54724.013044,54724.063044
R1492:54723.993803,0.050000,54724.009087,54724.063080,54724.113080
R1493:54724.065414,0.050000,54724.065435,54724.113110,54724.163122
R1494:54724.111901,0.050000,54724.111950,54724.163189,54724.213189
R1495:54724.170264,0.050000,54724.170306,54724.213288,54724.263288
R1496:54724.253807,0.050000,54724.253934,54724.263343,54724.313344
R1497:54724.303828,0.050000,54724.303935,54724.313393,54724.363394
R1498:54724.310794,0.050000,54724.313382,54724.363445,54724.413445
R1499:54724.320241,0.050000,54724.354110,54724.413498,54724.463499
