R0:54807.648544,0.050000,54807.648830,54807.649511,54807.699512
R1:54807.745451,0.050000,54807.745509,54807.745619,54807.795620
R2:54807.772005,0.050000,54807.772061,54807.795680,54807.845680
R3:54807.852560,0.050000,54807.852604,54807.852650,54807.902650
R4:54807.937076,0.050000,54807.937236,54807.937531,54807.987532
R5:54808.065039,0.050000,54808.065092,54808.065270,54808.115271
R6:54808.076758,0.050000,54808.076929,54808.115312,54808.165313
R7:54808.098515,0.050000,54808.098565,54808.165364,54808.215365
R8:54808.175666,0.050000,54808.175719,54808.215438,54808.265439
R9:54808.193041,0.050000,54808.215426,54808.265487,54808.315488
R10:54808.236015,0.050000,54808.257183,54808.315549,54808.365550
R11:54808.270337,0.050000,54808.270593,54808.365608,54808.415608
R12:54808.322990,0.050000,54808.323140,54808.415642,54808.465643
R13:54808.347535,0.050000,54808.347696,54808.465674,54808.515674
R14:54808.386339,0.050000,54808.386470,54808.515730,54808.565731
R15:54808.547203,0.050000,54808.547320,54808.565786,54808.615787
R16:54808.677936,0.050000,54808.678082,54808.678092,54808.729398
R17:54808.738738,0.050000,54808.738880,54808.738892,54808.792734
R18:54808.808691,0.050000,54808.813720,54808.813735,54808.863736
R19:54808.824817,0.050000,54808.829182,54808.863803,54808.913816
R20:54808.874181,0.050000,54808.874264,54808.913836,54808.963836
R21:54808.875209,0.050000,54808.909300,54808.963869,54809.013870
R22:54808.889917,0.050000,54808.909303,54809.013927,54809.063928
R23:54808.897739,0.050000,54808.909318,54809.063976,54809.113977
R24:54808.983622,0.050000,54808.983877,54809.114011,54809.164012
R25:54808.993351,0.050000,54809.013916,54809.164079,54809.214080
R26:54809.020458,0.050000,54809.054148,54809.214136,54809.264137
R27:54809.028155,0.050000,54809.054152,54809.264187,54809.314188
R28:54809.034444,0.050000,54809.054162,54809.314286,54809.364286
R29:54809.394306,0.050000,54809.394878,54809.394887,54809.444888
R30:54809.407377,0.050000,54809.435132,54809.444924,54809.494924
R31:54809.445369,0.050000,54809.445680,54809.494963,54809.544964
R32:54809.542407,0.050000,54809.542591,54809.544989,54809.594990
R33:54809.593162,0.050000,54809.593271,54809.595019,54809.645020
R34:54809.612365,0.050000,54809.612403,54809.645127,54809.695127
R35:54809.666675,0.050000,54809.666819,54809.695179,54809.745179
R36:54809.707218,0.050000,54809.707476,54809.745277,54809.795278
R37:54809.743682,0.050000,54809.745234,54809.795342,54809.845343
R38:54809.933418,0.050000,54809.933567,54809.933578,54809.983579
R39:54809.951765,0.050000,54809.951850,54809.983630,54810.033631
R40:54810.029567,0.050000,54810.029648,54810.033678,54810.083679
R41:54810.069071,0.050000,54810.069159,54810.083769,54810.133770
R42:54810.146627,0.050000,54810.146781,54810.146790,54810.196791
R43:54810.174003,0.050000,54810.187286,54810.196831,54810.246832
R44:54810.291103,0.050000,54810.291208,54810.291218,54810.341220
R45:54810.309159,0.050000,54810.332310,54810.341304,54810.391305
R46:54810.332106,0.050000,54810.332881,54810.391360,54810.441361
R47:54810.419097,0.050000,54810.419179,54810.441390,54810.491391
R48:54810.551649,0.050000,54810.552329,54810.552338,54810.602339
R49:54810.555587,0.050000,54810.592662,54810.602393,54810.652394
R50:54810.712608,0.050000,54810.712946,54810.712956,54810.762956
R51:54810.751990,0.050000,54810.753259,54810.763001,54810.813002
R52:54810.756778,0.050000,54810.756851,54810.813058,54810.863059
R53:54810.768273,0.050000,54810.768362,54810.863105,54810.913106
R54:54810.826093,0.050000,54810.826180,54810.913154,54810.963155
R55:54810.942987,0.050000,54810.943073,54810.963241,54811.013241
R56:54810.965870,0.050000,54810.965991,54811.013266,54811.063267
R57:54810.969649,0.050000,54811.006136,54811.063302,54811.113303
R58:54810.970897,0.050000,54811.006139,54811.113341,54811.163342
R59:54811.003399,0.050000,54811.006154,54811.163384,54811.213385
R60:54811.007084,0.050000,54811.007649,54811.213440,54811.263441
R61:54811.021751,0.050000,54811.021831,54811.263526,54811.313527
R62:54811.207777,0.050000,54811.207872,54811.313576,54811.363577
R63:54811.330917,0.050000,54811.331057,54811.363633,54811.413634
R64:54811.431793,0.050000,54811.432145,54811.432153,54811.482154
R65:54811.448615,0.050000,54811.472239,54811.482328,54811.532329
R66:54811.489620,0.050000,54811.489902,54811.532366,54811.582367
R67:54811.514746,0.050000,54811.530113,54811.582419,54811.632420
R68:54811.590078,0.050000,54811.590123,54811.632463,54811.682464
R69:54811.628259,0.050000,54811.631110,54811.682521,54811.732522
R70:54811.686419,0.050000,54811.686486,54811.732564,54811.782564
R71:54811.726936,0.050000,54811.727729,54811.782616,54811.832617
R72:54811.731362,0.050000,54811.731448,54811.832697,54811.882698
R73:54811.762190,0.050000,54811.762350,54811.882810,54811.932811
R74:54811.904360,0.050000,54811.904437,54811.932872,54811.982872
R75:54812.045313,0.050000,54812.045341,54812.045422,54812.095423
R76:54812.112705,0.050000,54812.112754,54812.113142,54812.163143
R77:54812.130441,0.050000,54812.130483,54812.163221,54812.213222
R78:54812.201505,0.050000,54812.201548,54812.213256,54812.263256
R79:54812.255595,0.050000,54812.255619,54812.263285,54812.313290
R80:54812.278783,0.050000,54812.278863,54812.313340,54812.363341
R81:54812.340406,0.050000,54812.340447,54812.363410,54812.413411
R82:54812.350186,0.050000,54812.363385,54812.413450,54812.463451
R83:54812.380908,0.050000,54812.404384,54812.463492,54812.513493
R84:54812.492738,0.050000,54812.492784,54812.513539,54812.563540
R85:54812.586046,0.050000,54812.586119,54812.586213,54812.636232
R86:54812.607390,0.050000,54812.627519,54812.636295,54812.686296
R87:54812.621419,0.050000,54812.627530,54812.686340,54812.736341
R88:54812.739376,0.050000,54812.739403,54812.739455,54812.789456
R89:54812.762355,0.050000,54812.780161,54812.789500,54812.839501
R90:54812.823585,0.050000,54812.823629,54812.839558,54812.889559
R91:54812.988679,0.050000,54812.988840,54812.988972,54813.038973
R92:54813.035708,0.050000,54813.035768,54813.039141,54813.089144
R93:54813.092303,0.050000,54813.092348,54813.093020,54813.143020
R94:54813.195441,0.050000,54813.195490,54813.195608,54813.245609
R95:54813.226036,0.050000,54813.226161,54813.245657,54813.295658
R96:54813.362360,0.050000,54813.362409,54813.362509,54813.412509
R97:54813.389288,0.050000,54813.403236,54813.412549,54813.462570
R98:54813.478377,0.050000,54813.478435,54813.478793,54813.528794
R99:54813.539300,0.050000,54813.539352,54813.539817,54813.589818
R100:54813.666788,0.050000,54813.666860,54813.667442,54813.717443
R101:54813.701634,0.050000,54813.701691,54813.717481,54813.767482
R102:54813.714555,0.050000,54813.714590,54813.767517,54813.817518
R103:54813.872581,0.050000,54813.872620,54813.873005,54813.923006
R104:54814.005705,0.050000,54814.005766,54814.006423,54814.056424
R105:54814.014248,0.050000,54814.014313,54814.056487,54814.106488
R106:54814.126439,0.050000,54814.126497,54814.127034,54814.177035
R107:54814.180477,0.050000,54814.180512,54814.181086,54814.231089
R108:54814.210759,0.050000,54814.210873,54814.231153,54814.281154
R109:54814.262498,0.050000,54814.262541,54814.281341,54814.331342
R110:54814.280621,0.050000,54814.281325,54814.331407,54814.381408
R111:54814.362396,0.050000,54814.362428,54814.381497,54814.431498
R112:54814.382575,0.050000,54814.382688,54814.431592,54814.481602
R113:54814.414721,0.050000,54814.423137,54814.481683,54814.531723
R114:54814.428651,0.050000,54814.428709,54814.531977,54814.581977
R115:54814.440158,0.050000,54814.440260,54814.582037,54814.634282
R116:54814.458708,0.050000,54814.481184,54814.634339,54814.684340
R117:54814.501923,0.050000,54814.502350,54814.684498,54814.734553
R118:54814.531084,0.050000,54814.531957,54814.734616,54814.784616
R119:54814.540949,0.050000,54814.572324,54814.784674,54814.834676
R120:54814.666183,0.050000,54814.666280,54814.834781,54814.884782
R121:54814.672162,0.050000,54814.684479,54814.884894,54814.934895
R122:54814.679706,0.050000,54814.684483,54814.934944,54814.984967
R123:54814.717536,0.050000,54814.725590,54814.985051,54815.035095
R124:54814.792872,0.050000,54814.793665,54815.035144,54815.085145
R125:54815.014778,0.050000,54815.014865,54815.085288,54815.135289
R126:54815.158806,0.050000,54815.158861,54815.158955,54815.208956
R127:54815.219668,0.050000,54815.219728,54815.219839,54815.269840
R128:54815.245275,0.050000,54815.245334,54815.269901,54815.319902
R129:54815.318361,0.050000,54815.318414,54815.319953,54815.369953
R130:54815.342704,0.050000,54815.342750,54815.370046,54815.420047
R131:54815.361161,0.050000,54815.370030,54815.420103,54815.470104
R132:54815.375642,0.050000,54815.411229,54815.470217,54815.528985
R133:54815.422183,0.050000,54815.422362,54815.529121,54815.580326
R134:54815.437435,0.050000,54815.470195,54815.580402,54815.630420
R135:54815.446330,0.050000,54815.470199,54815.633199,54815.683987
R136:54815.515737,0.050000,54815.515790,54815.684054,54815.735405
R137:54815.535435,0.050000,54815.535487,54815.735539,54815.789636
R138:54815.618632,0.050000,54815.618695,54815.789668,54815.839669
R139:54815.628812,0.050000,54815.628867,54815.839726,54815.889727
R140:54815.700910,0.050000,54815.700976,54815.889785,54816.939786
R141:54815.705349,0.050000,54815.735523,54816.939839,54816.989840
R142:54815.872378,0.050000,54815.872442,54816.989887,54817.039888
R143:54815.875333,0.050000,54815.875483,54817.039943,54817.089944
R144:54815.914400,0.050000,54815.914523,54817.090005,54817.140006
R145:54815.925218,0.050000,54816.016027,54817.140057,54817.190058
R146:54816.939739,0.050000,54816.939819,54817.190090,54817.240091
R147:54817.023986,0.050000,54817.024036,54817.240218,54817.290219
R148:54817.093538,0.050000,54817.093588,54817.290293,54817.340294
R149:54817.150030,0.050000,54817.150075,54817.340324,54817.390325
R150:54817.330792,0.050000,54817.330947,54817.390367,54817.440367
R151:54817.385540,0.050000,54817.385921,54817.440418,54817.490419
R152:54817.462124,0.050000,54817.462246,54817.490473,54817.540474
R153:54817.467942,0.050000,54817.490461,54817.540528,54817.590529
R154:54817.476368,0.050000,54817.490464,54817.590583,54817.640583
R155:54817.515567,0.050000,54817.532111,54817.640655,54817.690656
R156:54817.520263,0.050000,54817.532114,54817.690713,54817.740714
R157:54817.524699,0.050000,54817.532118,54817.740798,54817.790799
R158:54817.537240,0.050000,54817.537303,54817.790861,54817.840873
R159:54817.570437,0.050000,54817.570501,54817.840961,54817.890962
R160:54817.660751,0.050000,54817.660785,54817.891007,54817.941008
R161:54817.705669,0.050000,54817.705711,54817.941079,54817.991088
R162:54817.780202,0.050000,54817.780328,54817.991142,54818.041143
R163:54817.784023,0.050000,54817.790871,54818.041184,54818.091184
R164:54817.793132,0.050000,54817.831136,54818.091264,54818.141264
R165:54818.422438,0.050000,54818.422488,54818.422584,54818.472585
R166:54818.434656,0.050000,54818.463104,54818.472657,54818.522658
R167:54818.550883,0.050000,54818.550940,54818.550997,54818.600998
R168:54818.558106,0.050000,54818.591114,54818.601042,54818.651043
R169:54818.880234,0.050000,54818.880286,54818.880340,54818.930341
R170:54818.883323,0.050000,54818.921234,54818.930377,54818.980378
R171:54818.991305,0.050000,54818.991340,54818.991474,54819.041475
R172:54818.995797,0.050000,54819.032176,54819.041551,54819.091552
R173:54818.996438,0.050000,54819.032180,54819.091605,54819.141606
R174:54819.131678,0.050000,54819.131724,54819.141670,54819.191671
R175:54819.185156,0.050000,54819.185200,54819.191737,54819.241738
R176:54819.197055,0.050000,54819.197124,54819.241853,54819.291854
R177:54819.206601,0.050000,54819.233387,54819.291923,54819.342450
R178:54819.232859,0.050000,54819.233393,54819.342526,54819.392527
R179:54819.361493,0.050000,54819.361550,54819.392590,54819.442591
R180:54819.451775,0.050000,54819.451817,54819.451970,54819.501971
R181:54819.475341,0.050000,54819.492155,54819.502023,54819.552024
R182:54819.517736,0.050000,54819.517787,54819.552111,54819.602111
R183:54819.563441,0.050000,54819.563490,54819.602194,54819.652195
R184:54819.595275,0.050000,54819.602182,54819.652275,54819.702305
R185:54819.657505,0.050000,54819.657563,54819.702498,54819.752499
R186:54819.663931,0.050000,54819.663993,54819.752576,54819.802576
R187:54819.706327,0.050000,54819.706384,54819.802752,54819.852753
R188:54819.781381,0.050000,54819.781451,54819.857114,54819.907115
R189:54819.801587,0.050000,54819.801730,54819.907477,54819.957550
R190:54820.058344,0.050000,54820.058388,54820.059665,54820.109666
R191:54820.103764,0.050000,54820.103841,54820.109739,54820.159740
R192:54820.214587,0.050000,54820.214669,54820.218841,54820.268842
R193:54820.290071,0.050000,54820.290161,54820.290667,54820.340668
R194:54820.342648,0.050000,54820.342758,54820.346716,54820.396717
R195:54820.345313,0.050000,54820.345539,54820.396781,54820.448316
R196:54820.418184,0.050000,54820.418301,54820.448387,54820.498388
R197:54820.512640,0.050000,54820.512693,54820.514325,54820.564325
R198:54820.649880,0.050000,54820.649937,54820.650473,54820.700474
R199:54820.758781,0.050000,54820.758829,54820.762862,54820.812863
R200:54820.859463,0.050000,54820.859525,54820.861001,54820.911002
R201:54821.064090,0.050000,54821.064138,54821.064213,54821.114214
R202:54821.135911,0.050000,54821.135969,54821.136548,54821.186549
R203:54821.259056,0.050000,54821.259110,54821.259247,54821.309248
R204:54821.475606,0.050000,54821.475669,54821.476218,54821.526245
R205:54821.533671,0.050000,54821.533730,54821.534477,54821.584477
R206:54821.569962,0.050000,54821.569996,54821.584506,54821.634507
R207:54821.579490,0.050000,54821.579529,54821.634617,54821.684617
R208:54821.672968,0.050000,54821.672998,54821.684655,54821.734655
R209:54821.788766,0.050000,54821.788815,54821.789328,54821.839329
R210:54821.793116,0.050000,54821.829180,54821.839992,54821.889992
R211:54821.848380,0.050000,54821.848417,54821.890016,54821.940016
R212:54821.863612,0.050000,54821.889117,54821.940203,54821.990247
R213:54821.916282,0.050000,54821.916331,54821.990283,54822.040284
R214:54821.930786,0.050000,54821.940190,54822.040313,54822.090313
R215:54821.994718,0.050000,54821.994747,54822.090391,54822.140391
R216:54822.015416,0.050000,54822.015461,54822.140416,54822.190417
R217:54822.037132,0.050000,54822.037175,54822.190462,54822.240463
R218:54822.051291,0.050000,54822.051321,54822.240515,54822.290516
R219:54822.055793,0.050000,54822.090377,54822.290543,54822.340544
R220:54822.109603,0.050000,54822.132146,54822.340601,54822.390602
R221:54822.124210,0.050000,54822.132154,54822.390689,54822.440691
R222:54822.180276,0.050000,54822.180318,54822.440758,54822.490760
R223:54822.218475,0.050000,54822.218517,54822.490798,54822.540799
R224:54822.406752,0.050000,54822.406789,54822.540848,54822.590849
R225:54822.424734,0.050000,54822.440780,54822.590898,54822.640899
R226:54822.466372,0.050000,54822.481181,54822.640950,54822.690951
R227:54822.533618,0.050000,54822.533714,54822.691000,54822.741000
R228:54822.540853,0.050000,54822.540875,54822.741045,54822.791046
R229:54822.575012,0.050000,54822.581099,54822.791131,54822.841166
R230:54822.622688,0.050000,54822.622714,54822.841237,54822.891237
R231:54822.775644,0.050000,54822.775691,54822.891309,54822.941309
R232:54822.809087,0.050000,54822.809174,54822.941388,54822.991388
R233:54822.831777,0.050000,54822.841223,54822.991452,54823.041453
R234:54822.931410,0.050000,54822.931448,54823.041491,54823.091533
R235:54822.961944,0.050000,54822.961977,54823.091570,54823.141571
R236:54822.962483,0.050000,54822.991438,54823.141638,54823.197583
R237:54822.985034,0.050000,54822.991441,54823.197660,54823.247661
R238:54823.034144,0.050000,54823.034190,54823.247769,54823.297770
R239:54823.129321,0.050000,54823.129365,54823.297821,54823.347860
R240:54823.143520,0.050000,54823.143548,54823.348060,54823.398061
R241:54823.203450,0.050000,54823.203498,54823.398139,54823.448155
R242:54823.239775,0.050000,54823.243120,54823.448216,54823.498217
R243:54823.286278,0.050000,54823.286382,54823.498255,54823.548256
R244:54823.306968,0.050000,54823.307155,54823.548312,54823.598313
R245:54823.373365,0.050000,54823.373419,54823.598347,54823.648348
R246:54823.384645,0.050000,54823.398123,54823.648378,54823.698379
R247:54823.436067,0.050000,54823.438146,54823.698444,54823.748444
R248:54823.439206,0.050000,54823.439264,54823.748480,54823.798481
R249:54823.468655,0.050000,54823.468910,54823.798522,54823.848523
R250:54823.533151,0.050000,54823.533186,54823.849134,54823.899135
R251:54823.592864,0.050000,54823.592893,54823.899172,54823.949172
R252:54823.647351,0.050000,54823.647477,54823.949204,54823.999206
R253:54823.670336,0.050000,54823.670367,54823.999248,54824.049249
R254:54823.681214,0.050000,54823.698431,54824.049287,54824.099288
R255:54823.730736,0.050000,54823.740133,54824.099333,54824.149334
R256:54823.782866,0.050000,54823.782945,54824.149381,54824.199382
R257:54823.852231,0.050000,54823.852257,54824.199441,54824.249441
R258:54823.873414,0.050000,54823.893262,54824.249509,54824.299509
R259:54823.944807,0.050000,54823.944879,54824.299647,54824.349647
R260:54823.957278,0.050000,54823.957391,54824.349720,54824.399720
R261:54824.091407,0.050000,54824.091577,54824.399769,54824.449770
R262:54824.152791,0.050000,54824.152876,54824.449800,54824.499800
R263:54824.209898,0.050000,54824.209982,54824.499893,54824.549894
R264:54824.229794,0.050000,54824.229866,54824.549948,54824.599949
R265:54824.274113,0.050000,54824.274170,54824.600029,54824.650029
R266:54824.280727,0.050000,54824.299627,54824.650127,54824.700133
R267:54824.298799,0.050000,54824.299632,54824.700203,54824.750213
R268:54824.410546,0.050000,54824.410595,54824.750289,54824.800290
R269:54824.472826,0.050000,54824.472876,54824.800547,54824.850548
R270:54824.478974,0.050000,54824.499904,54824.850590,54824.900591
R271:54824.486160,0.050000,54824.499908,54824.900651,54824.950652
R272:54824.510361,0.050000,54824.540773,54824.950794,54825.000794
R273:54824.556586,0.050000,54824.556643,54825.000850,54825.050851
R274:54824.605688,0.050000,54824.605753,54825.050923,54825.100924
R275:54824.665164,0.050000,54824.665215,54825.100965,54825.150966
R276:54824.685111,0.050000,54824.685188,54825.151007,54825.201007
R277:54824.765594,0.050000,54824.765637,54825.201055,54825.251056
R278:54824.784749,0.050000,54824.800502,54825.251167,54825.301167
R279:54824.807625,0.050000,54824.842136,54825.301231,54825.351232
R280:54824.820209,0.050000,54824.842143,54825.351279,54825.401300
R281:54825.041377,0.050000,54825.041468,54825.401358,54825.451359
R282:54825.042645,0.050000,54825.050910,54825.451416,54825.501417
R283:54825.136838,0.050000,54825.136902,54825.501478,54825.551479
R284:54825.159782,0.050000,54825.159835,54825.551515,54825.601516
R285:54825.172206,0.050000,54825.200198,54825.601569,54825.651569
R286:54825.203700,0.050000,54825.203743,54825.651599,54825.701813
R287:54825.372258,0.050000,54825.372368,54825.701842,54825.751842
R288:54825.504819,0.050000,54825.504849,54825.751891,54825.801892
R289:54825.581326,0.050000,54825.581381,54825.801936,54825.851937
R290:54825.644887,0.050000,54825.644911,54825.851982,54825.901983
R291:54825.651883,0.050000,54825.651898,54825.902071,54825.952072
R292:54825.713318,0.050000,54825.713358,54825.952163,54826.005130
R293:54825.739180,0.050000,54825.739267,54826.005198,54826.055199
R294:54825.817925,0.050000,54825.817964,54826.055249,54826.105250
R295:54825.968928,0.050000,54825.968967,54826.105357,54826.155358
R296:54826.099996,0.050000,54826.100241,54826.155406,54826.205407
R297:54826.205463,0.050000,54826.205601,54826.206049,54826.256050
R298:54826.217985,0.050000,54826.246242,54826.256104,54826.306105
R299:54826.301465,0.050000,54826.301582,54826.306173,54826.356174
R300:54826.345399,0.050000,54826.345464,54826.356241,54826.406286
R301:54826.368456,0.050000,54826.368513,54826.406336,54826.456337
R302:54826.492672,0.050000,54826.492970,54826.493680,54826.543681
R303:54826.619696,0.050000,54826.619926,54826.620395,54826.670396
R304:54826.729036,0.050000,54826.729114,54826.729596,54826.779597
R305:54826.765501,0.050000,54826.765555,54826.779659,54826.829660
R306:54826.811079,0.050000,54826.811103,54826.829735,54826.879736
R307:54826.821330,0.050000,54826.829724,54826.879785,54826.929786
R308:54826.838922,0.050000,54826.870142,54826.929835,54826.979836
R309:54826.944577,0.050000,54826.944612,54826.979895,54827.029896
R310:54826.980783,0.050000,54826.980897,54827.029981,54827.079982
R311:54827.014675,0.050000,54827.022102,54827.080087,54827.130116
R312:54827.114714,0.050000,54827.114752,54827.131252,54827.181253
R313:54827.151873,0.050000,54827.151999,54827.181311,54827.231312
R314:54827.170942,0.050000,54827.181302,54827.231346,54827.281346
R315:54827.181731,0.050000,54827.223171,54827.281395,54827.331396
R316:54827.243057,0.050000,54827.243105,54827.331483,54827.381484
R317:54827.312998,0.050000,54827.313056,54827.381538,54827.431539
R318:54827.323050,0.050000,54827.331467,54827.431589,54827.481590
R319:54827.373965,0.050000,54827.374023,54827.481674,54827.531689
R320:54827.411466,0.050000,54827.411513,54827.531745,54827.581746
R321:54827.507716,0.050000,54827.507769,54827.581806,54827.631807
R322:54827.575877,0.050000,54827.575906,54827.631879,54827.681879
R323:54827.586755,0.050000,54827.586813,54827.681907,54827.731908
R324:54827.600674,0.050000,54827.627841,54827.731981,54827.781982
R325:54827.638160,0.050000,54827.638204,54827.782031,54827.832032
R326:54827.646744,0.050000,54827.679200,54827.832084,54827.882085
R327:54827.656436,0.050000,54827.679219,54827.882135,54827.932136
R328:54827.680687,0.050000,54827.680713,54827.932250,54827.982251
R329:54827.702816,0.050000,54827.702865,54827.982313,54828.032344
R330:54827.845359,0.050000,54827.845439,54828.032400,54828.082401
R331:54827.971545,0.050000,54827.971589,54828.082440,54828.132441
R332:54828.023395,0.050000,54828.023443,54828.132581,54828.182582
R333:54828.122141,0.050000,54828.122849,54828.182645,54828.232646
R334:54828.213540,0.050000,54828.213666,54828.232696,54828.282697
R335:54828.249929,0.050000,54828.250269,54828.282771,54828.332772
R336:54828.272235,0.050000,54828.282758,54828.332806,54828.382806
R337:54828.299372,0.050000,54828.324293,54828.382857,54828.432878
R338:54828.356673,0.050000,54828.357170,54828.432972,54828.482973
R339:54828.407279,0.050000,54828.407325,54828.483018,54828.533019
R340:54828.423702,0.050000,54828.432953,54828.533122,54828.583122
R341:54828.432997,0.050000,54828.473352,54828.583214,54828.633215
R342:54828.437925,0.050000,54828.473360,54828.633390,54828.683390
R343:54828.445635,0.050000,54828.473370,54828.683487,54828.733589
R344:54828.501478,0.050000,54828.501855,54828.733657,54828.783658
R345:54828.526637,0.050000,54828.533117,54828.783721,54828.833721
R346:54828.544878,0.050000,54828.574306,54828.833755,54828.883755
R347:54828.566605,0.050000,54828.574309,54828.883814,54828.933814
R348:54828.572280,0.050000,54828.574320,54828.933865,54828.983866
R349:54828.601991,0.050000,54828.602174,54828.983909,54829.033910
R350:54828.745913,0.050000,54828.745953,54829.033960,54829.083961
R351:54828.792463,0.050000,54828.792658,54829.084070,54829.134071
R352:54828.809175,0.050000,54828.833283,54829.134167,54829.184168
R353:54828.865953,0.050000,54828.866237,54829.184208,54829.234254
R354:54828.941865,0.050000,54828.942218,54829.234285,54829.284286
R355:54828.978140,0.050000,54828.982133,54829.284337,54829.334338
R356:54828.987276,0.050000,54828.987315,54829.334386,54829.384387
R357:54829.100565,0.050000,54829.100603,54829.384453,54829.434454
R358:54829.152511,0.050000,54829.152653,54829.434531,54829.484532
R359:54829.191161,0.050000,54829.191316,54829.484604,54829.534605
R360:54829.203753,0.050000,54829.232352,54829.534667,54829.584668
R361:54829.246755,0.050000,54829.246815,54829.584725,54829.634726
R362:54829.276133,0.050000,54829.284348,54829.634794,54829.684795
R363:54829.369466,0.050000,54829.369517,54829.684877,54829.734878
R364:54829.396082,0.050000,54829.396121,54829.734933,54829.784934
R365:54829.410989,0.050000,54829.434499,54829.784983,54829.834984
R366:54829.431900,0.050000,54829.434502,54829.835042,54829.885043
R367:54829.500748,0.050000,54829.500784,54829.885097,54829.935098
R368:54829.554496,0.050000,54829.554747,54829.935246,54829.985293
R369:54829.775961,0.050000,54829.776004,54829.985343,54830.035343
R370:54829.798786,0.050000,54829.798961,54830.035390,54830.085391
R371:54829.919679,0.050000,54829.919759,54830.085428,54830.135429
R372:54829.927891,0.050000,54829.935230,54830.135482,54830.185483
R373:54829.957152,0.050000,54829.976539,54830.185518,54830.235519
R374:54829.958275,0.050000,54829.976543,54830.235548,54830.285549
R375:54830.038840,0.050000,54830.038879,54830.286293,54830.336294
R376:54830.117705,0.050000,54830.117748,54830.336353,54830.386362
R377:54830.136503,0.050000,54830.136542,54830.386398,54830.436399
R378:54830.143664,0.050000,54830.177235,54830.436433,54830.486434
R379:54830.249629,0.050000,54830.249698,54830.486493,54830.536494
R380:54830.317631,0.050000,54830.317710,54830.536556,54830.586556
R381:54830.320856,0.050000,54830.336341,54830.586611,54830.636611
R382:54830.353846,0.050000,54830.377265,54830.636648,54830.686649
R383:54830.580650,0.050000,54830.580682,54830.686775,54830.736775
R384:54830.646085,0.050000,54830.646109,54830.736826,54830.786985
R385:54830.658750,0.050000,54830.686732,54830.787099,54830.837099
R386:54830.692787,0.050000,54830.727096,54830.837167,54830.887168
R387:54830.798897,0.050000,54830.798933,54830.887200,54830.937200
R388:54830.805119,0.050000,54830.837152,54830.937245,54830.987406
R389:54830.812024,0.050000,54830.837155,54830.987652,54831.037653
R390:54830.838612,0.050000,54830.877109,54831.037716,54831.087810
R391:54830.858580,0.050000,54830.877118,54831.087918,54831.137919
R392:54830.915598,0.050000,54830.915803,54831.137968,54831.187969
R393:54831.003132,0.050000,54831.003156,54831.188001,54831.238002
R394:54831.010930,0.050000,54831.037703,54831.238031,54831.288046
R395:54831.013918,0.050000,54831.037705,54831.288091,54831.338092
R396:54831.017018,0.050000,54831.037706,54831.338149,54831.388150
R397:54831.049709,0.050000,54831.078250,54831.388206,54831.438207
R398:54831.130094,0.050000,54831.130129,54831.438264,54831.488264
R399:54831.192367,0.050000,54831.192397,54831.488293,54831.538294
R400:54831.223247,0.050000,54831.234174,54831.538346,54831.588347
R401:54831.229982,0.050000,54831.234180,54831.588403,54831.638404
R402:54831.276927,0.050000,54831.276977,54831.638490,54831.690488
R403:54831.322544,0.050000,54831.322586,54831.690545,54831.740546
R404:54831.362383,0.050000,54831.362428,54831.740622,54831.790623
R405:54831.410070,0.050000,54831.410121,54831.790681,54831.840682
R406:54831.433814,0.050000,54831.438251,54831.840750,54831.890751
R407:54831.452960,0.050000,54831.479103,54831.890811,54831.940812
R408:54831.569173,0.050000,54831.570310,54831.940868,54831.990869
R409:54831.603793,0.050000,54831.603839,54831.990914,54832.040915
R410:54831.613841,0.050000,54831.638475,54832.040947,54832.090947
R411:54831.663568,0.050000,54831.679145,54832.090998,54832.140998
R412:54831.703048,0.050000,54831.703090,54832.141040,54832.191041
R413:54831.753986,0.050000,54831.754075,54832.191083,54832.241084
R414:54831.802178,0.050000,54831.802271,54832.241141,54832.291142
R415:54831.816865,0.050000,54831.840738,54832.291174,54832.341174
R416:54831.911311,0.050000,54831.911372,54832.341249,54832.391250
R417:54831.916356,0.050000,54831.916419,54832.391282,54832.441283
R418:54831.923230,0.050000,54831.923296,54832.441318,54832.491319
R419:54832.060648,0.050000,54832.060688,54832.491351,54832.541352
R420:54832.071534,0.050000,54832.090987,54832.541405,54832.591406
R421:54832.106752,0.050000,54832.131275,54832.591440,54832.641440
R422:54832.120994,0.050000,54832.131282,54832.641469,54832.691470
R423:54832.214755,0.050000,54832.214798,54832.691530,54832.741531
R424:54832.233620,0.050000,54832.241129,54832.741585,54832.791586
R425:54832.258014,0.050000,54832.282297,54832.791631,54832.841632
R426:54832.370350,0.050000,54832.370412,54832.841686,54832.891687
R427:54832.393465,0.050000,54832.393664,54832.891714,54832.941714
R428:54832.482605,0.050000,54832.482638,54832.941747,54832.991748
R429:54832.539665,0.050000,54832.539779,54832.991775,54833.041776
R430:54832.541963,0.050000,54832.542125,54833.041826,54833.091826
R431:54832.557924,0.050000,54832.583277,54833.091863,54833.141864
R432:54832.637646,0.050000,54832.637731,54833.141889,54833.191890
R433:54832.689984,0.050000,54832.690109,54833.191957,54833.241957
R434:54832.785719,0.050000,54832.785775,54833.241985,54833.291985
R435:54832.805646,0.050000,54832.805684,54833.292071,54833.342072
R436:54832.819553,0.050000,54832.841674,54833.342096,54833.392096
R437:54832.831640,0.050000,54832.841677,54833.392757,54833.442758
R438:54832.881803,0.050000,54832.882100,54833.442804,54833.492804
R439:54832.888380,0.050000,54832.888513,54833.492842,54833.542842
R440:54832.948029,0.050000,54832.948058,54833.542890,54833.592891
R441:54833.028725,0.050000,54833.028840,54833.592942,54833.642943
R442:54833.096610,0.050000,54833.096642,54833.642983,54833.692984
R443:54833.109419,0.050000,54833.138102,54833.693090,54833.743091
R444:54833.136939,0.050000,54833.138108,54833.743124,54833.793130
R445:54833.157334,0.050000,54833.157383,54833.793220,54833.843220
R446:54833.187672,0.050000,54833.191943,54833.843263,54833.893264
R447:54833.201896,0.050000,54833.232103,54833.893320,54833.943321
R448:54833.228023,0.050000,54833.232110,54833.943372,54833.993373
R449:54833.268433,0.050000,54833.268501,54833.993429,54834.043430
R450:54833.277584,0.050000,54833.292031,54834.043484,54834.093485
R451:54833.320732,0.050000,54833.332112,54834.093531,54834.143532
R452:54833.321712,0.050000,54833.332119,54834.143583,54834.193584
R453:54833.347169,0.050000,54833.347232,54834.193617,54834.243618
R454:54833.373931,0.050000,54833.388270,54834.243666,54834.293667
R455:54833.393625,0.050000,54833.393647,54834.293721,54834.343722
R456:54833.464217,0.050000,54833.464421,54834.343791,54834.393792
R457:54833.480366,0.050000,54833.480600,54834.393846,54834.443847
R458:54833.535969,0.050000,54833.536311,54834.443904,54834.493905
R459:54833.578689,0.050000,54833.578732,54834.493930,54834.543931
R460:54833.711479,0.050000,54833.711505,54834.543995,54834.593996
R461:54833.772565,0.050000,54833.772631,54834.594031,54834.644056
R462:54833.860311,0.050000,54833.860356,54834.644137,54834.694137
R463:54833.923745,0.050000,54833.923782,54834.694391,54834.744392
R464:54833.943580,0.050000,54833.943617,54834.744442,54834.794443
R465:54833.998572,0.050000,54833.998702,54834.794472,54834.844473
R466:54833.999507,0.050000,54833.999534,54834.844534,54834.894535
R467:54834.040376,0.050000,54834.040503,54834.894568,54834.944568
R468:54834.138664,0.050000,54834.138711,54834.944602,54834.994603
R469:54834.189650,0.050000,54834.189693,54834.994639,54835.044639
R470:54834.243942,0.050000,54834.243957,54835.044671,54835.094672
R471:54834.282801,0.050000,54834.284151,54835.094725,54835.144726
R472:54834.309870,0.050000,54834.310225,54835.144768,54835.194769
R473:54834.333967,0.050000,54834.343779,54835.194800,54835.244801
R474:54834.400860,0.050000,54834.400912,54835.244854,54835.294855
R475:54834.486217,0.050000,54834.486254,54835.294900,54835.344901
R476:54834.545911,0.050000,54834.545933,54835.344937,54835.394938
R477:54834.554722,0.050000,54834.586103,54835.394998,54835.444999
R478:54834.556538,0.050000,54834.586106,54835.445023,54835.495024
R479:54834.560038,0.050000,54834.586111,54835.495060,54835.545061
R480:54834.621019,0.050000,54834.621067,54835.545109,54835.595109
R481:54834.632137,0.050000,54834.644124,54835.595135,54835.645136
R482:54834.682997,0.050000,54834.685333,54835.645206,54835.695236
R483:54834.746562,0.050000,54834.746599,54835.695294,54835.745294
R484:54834.791320,0.050000,54834.791399,54835.745417,54835.795418
R485:54834.791789,0.050000,54834.791810,54835.795488,54835.845489
R486:54834.792632,0.050000,54834.792651,54835.845572,54835.895573
R487:54834.812111,0.050000,54834.812139,54835.895629,54835.945630
R488:54834.828195,0.050000,54834.844521,54835.945701,54835.995702
R489:54834.884846,0.050000,54834.884880,54835.995744,54836.045744
R490:54834.988243,0.050000,54834.988287,54836.045807,54836.095808
R491:54834.999228,0.050000,54834.999464,54836.095863,54836.145864
R492:54835.021856,0.050000,54835.040275,54836.145922,54836.195923
R493:54835.080273,0.050000,54835.080336,54836.196024,54836.246025
R494:54835.191833,0.050000,54835.191871,54836.246076,54836.296077
R495:54835.247918,0.050000,54835.248005,54836.296124,54836.346125
R496:54835.268387,0.050000,54835.288140,54836.346214,54836.396215
R497:54835.382505,0.050000,54835.382737,54836.396276,54836.446277
R498:54835.393646,0.050000,54835.394985,54836.446327,54836.496328
R499:54835.402867,0.050000,54835.436085,54836.497097,54836.547098
R500:54835.439767,0.050000,54835.439799,54836.547154,54836.597155
R501:54835.532802,0.050000,54835.532851,54836.597631,54836.647632
R502:54835.592172,0.050000,54835.592197,54836.647696,54836.697697
R503:54835.715684,0.050000,54835.715723,54836.697783,54836.747783
R504:54835.726949,0.050000,54835.745393,54836.747821,54836.797823
R505:54835.753490,0.050000,54835.786393,54836.797865,54836.847865
R506:54835.818015,0.050000,54835.818081,54836.847904,54836.897905
R507:54835.925752,0.050000,54835.925880,54836.897958,54836.947959
R508:54835.967974,0.050000,54835.968027,54836.948020,54836.998021
R509:54836.038792,0.050000,54836.038832,54836.998072,54837.048072
R510:54836.180909,0.050000,54836.180983,54837.048127,54837.098128
R511:54836.195327,0.050000,54836.196010,54837.098190,54837.148191
R512:54836.333324,0.050000,54836.333379,54837.148250,54837.198251
R513:54836.375635,0.050000,54836.375675,54837.198286,54837.248287
R514:54836.518904,0.050000,54836.518957,54837.248354,54837.298355
R515:54836.554975,0.050000,54836.555092,54837.298410,54837.348411
R516:54836.597677,0.050000,54836.597706,54837.348461,54837.398462
R517:54836.745085,0.050000,54836.745172,54837.398492,54837.448493
R518:54836.829848,0.050000,54836.829893,54837.448530,54837.498531
R519:54836.918522,0.050000,54836.918564,54837.498582,54837.548582
R520:54836.966289,0.050000,54836.966334,54837.548617,54837.598617
R521:54837.022932,0.050000,54837.022993,54837.598680,54837.648680
R522:54837.305216,0.050000,54837.305285,54837.648736,54837.698737
R523:54837.449881,0.050000,54837.449904,54837.698796,54837.748797
R524:54837.470611,0.050000,54837.470659,54837.748846,54837.798847
R525:54837.579881,0.050000,54837.579926,54837.798876,54837.848877
R526:54837.626810,0.050000,54837.626861,54837.848928,54837.898929
R527:54837.680369,0.050000,54837.680436,54837.898961,54837.948962
R528:54837.755502,0.050000,54837.755523,54837.949022,54837.999022
R529:54837.834204,0.050000,54837.834275,54837.999067,54838.049068
R530:54837.917964,0.050000,54837.917995,54838.049143,54838.099144
R531:54837.934697,0.050000,54837.949009,54838.099173,54838.149174
R532:54837.983771,0.050000,54837.990097,54838.149215,54838.199216
R533:54838.017667,0.050000,54838.017697,54838.199250,54838.249251
R534:54838.027644,0.050000,54838.049130,54838.249311,54838.299313
R535:54838.111658,0.050000,54838.111706,54838.299363,54838.349364
R536:54838.217619,0.050000,54838.217694,54838.349397,54838.399397
R537:54838.326419,0.050000,54838.326456,54838.399447,54838.449447
R538:54838.383991,0.050000,54838.384044,54838.449487,54838.499488
R539:54838.412118,0.050000,54838.412149,54838.499539,54838.549540
R540:54838.462026,0.050000,54838.462060,54838.549599,54838.599600
R541:54838.509939,0.050000,54838.510005,54838.599659,54838.649660
R542:54838.564662,0.050000,54838.564686,54838.649687,54838.699687
R543:54838.605467,0.050000,54838.605501,54838.699743,54838.749743
R544:54838.614010,0.050000,54838.646105,54838.749783,54838.799784
R545:54838.659596,0.050000,54838.659627,54838.799837,54838.849838
R546:54838.661430,0.050000,54838.699732,54838.849883,54838.899884
R547:54838.725002,0.050000,54838.740263,54838.899914,54838.949915
R548:54838.763490,0.050000,54838.763525,54838.949957,54838.999958
R549:54838.857857,0.050000,54838.857878,54839.000069,54839.050070
R550:54838.896477,0.050000,54838.898085,54839.050147,54839.100147
R551:54838.903354,0.050000,54838.903421,54839.100188,54839.150188
R552:54838.939943,0.050000,54838.944137,54839.150239,54839.200240
R553:54838.978598,0.050000,54838.978698,54839.200282,54839.250283
R554:54838.982110,0.050000,54839.000052,54839.250345,54839.300345
R555:54839.071969,0.050000,54839.072079,54839.300399,54839.350400
R556:54839.098993,0.050000,54839.099112,54839.350454,54839.400455
R557:54839.153368,0.050000,54839.153406,54839.400528,54839.450529
R558:54839.186152,0.050000,54839.194115,54839.450575,54839.500576
R559:54839.195138,0.050000,54839.195168,54839.500639,54839.550640
R560:54839.223993,0.050000,54839.224160,54839.550704,54839.600705
R561:54839.239863,0.050000,54839.250334,54839.601350,54839.651351
R562:54839.269849,0.050000,54839.292179,54839.651422,54839.701454
R563:54839.272348,0.050000,54839.292187,54839.701527,54839.751528
R564:54839.339402,0.050000,54839.339471,54839.751573,54839.801574
R565:54839.384614,0.050000,54839.384832,54839.801626,54839.851626
R566:54839.473229,0.050000,54839.473271,54839.851681,54839.901682
R567:54839.519341,0.050000,54839.519404,54839.901746,54839.951747
R568:54839.550625,0.050000,54839.550691,54839.951789,54840.001790
R569:54839.584852,0.050000,54839.592413,54840.001863,54840.051864
R570:54839.865549,0.050000,54839.865691,54840.051917,54840.101918
R571:54839.869262,0.050000,54839.901732,54840.101979,54840.151980
R572:54839.873519,0.050000,54839.901736,54840.152035,54840.202035
R573:54839.927687,0.050000,54839.942288,54840.202076,54840.252077
R574:54839.975755,0.050000,54839.975801,54840.252131,54840.302132
R575:54839.989238,0.050000,54840.001851,54840.302161,54840.352161
R576:54840.002385,0.050000,54840.043153,54840.352221,54840.402222
R577:54840.054925,0.050000,54840.054962,54840.402268,54840.452268
R578:54840.190522,0.050000,54840.190661,54840.452313,54840.502314
R579:54840.261828,0.050000,54840.261882,54840.502361,54840.552363
R580:54840.294957,0.050000,54840.302066,54840.552397,54840.602398
R581:54840.325459,0.050000,54840.325517,54840.602458,54840.652458
R582:54840.425641,0.050000,54840.425684,54840.652508,54840.702509
R583:54840.586318,0.050000,54840.586357,54840.702577,54840.752578
R584:54840.742974,0.050000,54840.743002,54840.752628,54840.802629
R585:54840.863770,0.050000,54840.863844,54840.863948,54840.913948
R586:54840.940631,0.050000,54840.940690,54840.941217,54840.991504
R587:54840.962148,0.050000,54840.962207,54840.991557,54841.041558
R588:54841.002781,0.050000,54841.002856,54841.041649,54841.091650
R589:54841.015971,0.050000,54841.041635,54841.091706,54841.141707
R590:54841.050243,0.050000,54841.083142,54841.141781,54841.191781
R591:54841.207793,0.050000,54841.207944,54841.207955,54841.257956
R592:54841.240952,0.050000,54841.248173,54841.258001,54841.308002
R593:54841.354540,0.050000,54841.354726,54841.354736,54841.404737
R594:54841.534641,0.050000,54841.534691,54841.534756,54841.584757
R595:54841.545469,0.050000,54841.545505,54841.584796,54841.634797
R596:54841.577803,0.050000,54841.577847,54841.634852,54841.684852
R597:54841.657652,0.050000,54841.657694,54841.684915,54841.734916
R598:54841.734359,0.050000,54841.734404,54841.734949,54841.785006
R599:54841.858348,0.050000,54841.858435,54841.858545,54841.908546
R600:54841.874261,0.050000,54841.899220,54841.908595,54841.958596
R601:54841.949946,0.050000,54841.950043,54841.958691,54842.008692
R602:54842.124472,0.050000,54842.125171,54842.125390,54842.175390
R603:54842.145886,0.050000,54842.165346,54842.175422,54842.225423
R604:54842.173051,0.050000,54842.173608,54842.225507,54842.275508
R605:54842.216510,0.050000,54842.217039,54842.275574,54842.325575
R606:54842.259471,0.050000,54842.259962,54842.325632,54842.375633
R607:54842.311644,0.050000,54842.312584,54842.375682,54842.425683
R608:54842.323709,0.050000,54842.325621,54842.425714,54842.475715
R609:54842.359354,0.050000,54842.367705,54842.475771,54842.525772
R610:54842.383040,0.050000,54842.383156,54842.525825,54842.575826
R611:54842.439001,0.050000,54842.439096,54842.575869,54842.625870
R612:54842.569871,0.050000,54842.575768,54842.625934,54842.677782
R613:54842.583746,0.050000,54842.583895,54842.677881,54842.727882
R614:54842.632992,0.050000,54842.633222,54842.727948,54842.777949
R615:54842.739285,0.050000,54842.739479,54842.778112,54842.828113
R616:54842.745661,0.050000,54842.745858,54842.828218,54842.878245
R617:54842.770439,0.050000,54842.770566,54842.878334,54842.928334
R618:54842.782360,0.050000,54842.782496,54842.928382,54842.978382
R619:54842.837282,0.050000,54842.837406,54842.978434,54843.028451
R620:54842.884694,0.050000,54842.884831,54843.028544,54843.078545
R621:54842.944223,0.050000,54842.944322,54843.078603,54843.128605
R622:54842.992117,0.050000,54842.992223,54843.128685,54843.178688
R623:54842.995423,0.050000,54843.028526,54843.179228,54843.229229
R624:54843.038798,0.050000,54843.073935,54843.229289,54843.279308
R625:54843.084343,0.050000,54843.084476,54843.279412,54843.329413
R626:54843.099154,0.050000,54843.126056,54843.329490,54843.379491
R627:54843.100353,0.050000,54843.126075,54843.379575,54843.432842
R628:54843.126094,0.050000,54843.126201,54843.432896,54843.482896
R629:54843.126685,0.050000,54843.126818,54843.482961,54843.532962
R630:54843.262351,0.050000,54843.263160,54843.533025,54843.583026
R631:54843.311654,0.050000,54843.311786,54843.583081,54843.634847
R632:54843.390058,0.050000,54843.390134,54843.634900,54843.684901
R633:54843.506629,0.050000,54843.506934,54843.684990,54843.734991
R634:54843.650418,0.050000,54843.650484,54843.735052,54843.785116
R635:54843.660771,0.050000,54843.684974,54843.785173,54843.835174
R636:54843.692357,0.050000,54843.726321,54843.835247,54843.885296
R637:54843.727891,0.050000,54843.728403,54843.885339,54843.935339
R638:54843.811627,0.050000,54843.811730,54843.935396,54843.985396
R639:54843.865462,0.050000,54843.865637,54843.985472,54844.035473
R640:54844.043196,0.050000,54844.043249,54844.043258,54844.093261
R641:54844.057217,0.050000,54844.086433,54844.093307,54844.143308
R642:54844.075721,0.050000,54844.086713,54844.143402,54844.193403
R643:54844.188367,0.050000,54844.188494,54844.193454,54844.243454
R644:54844.212727,0.050000,54844.212828,54844.243512,54844.293513
R645:54844.333850,0.050000,54844.334358,54844.334369,54844.384370
R646:54844.406465,0.050000,54844.407021,54844.407029,54844.457060
R647:54844.440541,0.050000,54844.441135,54844.457091,54844.507091
R648:54844.457474,0.050000,54844.457958,54844.507118,54844.557121
R649:54844.611816,0.050000,54844.611981,54844.612001,54844.662010
R650:54844.618815,0.050000,54844.619105,54844.662074,54844.712075
R651:54844.724626,0.050000,54844.724946,54844.724956,54844.775018
R652:54844.776092,0.050000,54844.777568,54844.777578,54844.827580
R653:54844.842916,0.050000,54844.843146,54844.843155,54844.893363
R654:54844.979079,0.050000,54844.979468,54844.980637,54845.031379
R655:54844.989975,0.050000,54844.990826,54845.031589,54845.081590
R656:54845.007630,0.050000,54845.007775,54845.081627,54845.131629
R657:54845.017419,0.050000,54845.018115,54845.131690,54845.181692
R658:54845.029636,0.050000,54845.033592,54845.181769,54845.232286
R659:54845.081532,0.050000,54845.081672,54845.232343,54845.284931
R660:54845.091833,0.050000,54845.091944,54845.284992,54845.334993
R661:54845.099052,0.050000,54845.134871,54845.335063,54845.385064
R662:54845.112848,0.050000,54845.134878,54845.385144,54845.435145
R663:54845.268194,0.050000,54845.281340,54845.435208,54845.485685
R664:54845.269315,0.050000,54845.281345,54845.485783,54845.543353
R665:54845.279714,0.050000,54845.281349,54845.543490,54845.593494
R666:54845.305794,0.050000,54845.311766,54845.593588,54845.643589
R667:54845.347776,0.050000,54845.348009,54845.643703,54845.693704
R668:54845.411195,0.050000,54845.411463,54845.693749,54845.743750
R669:54845.544504,0.050000,54845.552001,54845.743807,54845.793808
R670:54845.565538,0.050000,54845.581919,54845.793865,54845.843866
R671:54845.616465,0.050000,54845.617397,54845.843914,54845.893915
R672:54845.633300,0.050000,54845.643799,54845.893963,54845.943964
R673:54845.661912,0.050000,54845.685367,54845.944028,54845.994029
R674:54845.698105,0.050000,54845.698211,54845.994128,54846.044609
R675:54845.728732,0.050000,54845.739197,54846.044663,54846.094664
R676:54845.747064,0.050000,54845.747253,54846.094723,54846.144728
R677:54845.763161,0.050000,54845.787335,54846.144784,54846.194784
R678:54845.891986,0.050000,54845.892223,54846.194856,54846.244857
R679:54845.936901,0.050000,54845.936957,54846.244891,54846.294913
R680:54845.951619,0.050000,54845.951781,54846.294987,54846.344987
R681:54845.954456,0.050000,54845.993269,54846.345056,54846.395056
R682:54845.985209,0.050000,54845.993346,54846.395116,54846.445117
R683:54846.082944,0.050000,54846.083109,54846.445203,54846.495204
R684:54846.158550,0.050000,54846.158762,54846.495269,54846.545354
R685:54846.203322,0.050000,54846.203419,54846.546185,54846.596186
R686:54846.531464,0.050000,54846.532973,54846.596286,54846.646287
R687:54846.536807,0.050000,54846.537172,54846.646335,54846.696335
R688:54846.577281,0.050000,54846.578008,54846.696394,54846.746395
R689:54846.589431,0.050000,54846.596295,54846.746445,54846.796447
R690:54846.646661,0.050000,54846.647026,54846.796598,54846.846666
R691:54846.710122,0.050000,54846.710268,54846.846742,54846.896743
R692:54846.731201,0.050000,54846.731378,54846.896801,54846.946801
R693:54846.847534,0.050000,54846.847743,54846.946862,54846.996863
R694:54846.903907,0.050000,54846.904003,54846.996931,54847.046932
R695:54846.926901,0.050000,54846.928105,54847.046989,54847.096990
R696:54846.930792,0.050000,54846.932268,54847.097028,54847.147029
R697:54847.008293,0.050000,54847.008809,54847.147089,54847.197090
R698:54847.094216,0.050000,54847.094611,54847.197162,54847.247163
R699:54847.157685,0.050000,54847.158115,54847.247360,54847.297361
R700:54847.218420,0.050000,54847.218954,54847.297437,54847.347438
R701:54847.342454,0.050000,54847.343790,54847.347502,54847.398071
R702:54847.362909,0.050000,54847.363689,54847.398463,54847.448485
R703:54847.437376,0.050000,54847.438269,54847.448564,54847.498564
R704:54847.456406,0.050000,54847.456516,54847.498611,54847.548613
R705:54847.544670,0.050000,54847.544731,54847.548686,54847.598686
R706:54847.556276,0.050000,54847.556737,54847.598762,54847.648762
R707:54847.603843,0.050000,54847.604225,54847.648825,54847.698826
R708:54847.607795,0.050000,54847.607874,54847.698886,54847.748887
R709:54847.614946,0.050000,54847.615280,54847.748968,54847.798968
R710:54847.625934,0.050000,54847.626341,54847.799020,54847.849021
R711:54847.644606,0.050000,54847.645008,54847.849073,54847.899074
R712:54847.653256,0.050000,54847.653710,54847.899121,54847.951121
R713:54847.700770,0.050000,54847.700897,54847.951178,54848.001179
R714:54847.704282,0.050000,54847.704409,54848.001294,54848.051303
R715:54847.821970,0.050000,54847.822266,54848.051361,54848.101362
R716:54847.976019,0.050000,54847.976226,54848.101403,54848.151404
R717:54847.985224,0.050000,54848.001295,54848.151491,54848.201492
R718:54848.122116,0.050000,54848.122265,54848.201547,54848.251548
R719:54848.155746,0.050000,54848.155840,54848.251662,54848.301662
R720:54848.172207,0.050000,54848.196375,54848.301711,54848.351712
R721:54848.219599,0.050000,54848.219745,54848.351761,54848.401762
R722:54848.230322,0.050000,54848.251730,54848.401806,54848.451808
R723:54848.277046,0.050000,54848.293406,54848.451916,54848.501917
R724:54848.311353,0.050000,54848.311450,54848.501966,54848.551967
R725:54848.401341,0.050000,54848.401457,54848.552012,54848.602012
R726:54848.539785,0.050000,54848.539913,54848.602072,54848.652072
R727:54848.580393,0.050000,54848.580520,54848.652199,54848.702199
R728:54848.628400,0.050000,54848.628643,54848.702269,54848.752270
R729:54848.700854,0.050000,54848.700958,54848.752375,54848.802375
R730:54848.718898,0.050000,54848.721204,54848.802427,54848.852428
R731:54848.738634,0.050000,54848.752420,54848.852563,54848.902564
R732:54848.792723,0.050000,54848.793277,54848.902617,54848.952618
R733:54848.833719,0.050000,54848.833952,54848.952674,54849.002674
R734:54848.835028,0.050000,54848.852536,54849.002709,54849.052710
R735:54848.979830,0.050000,54848.979909,54849.052771,54849.102772
R736:54849.002567,0.050000,54849.002631,54849.102813,54849.152814
R737:54849.014849,0.050000,54849.014889,54849.152877,54849.202878
R738:54849.053861,0.050000,54849.053885,54849.202922,54849.252923
R739:54849.081736,0.050000,54849.095057,54849.253018,54849.303019
R740:54849.101147,0.050000,54849.101207,54849.303083,54849.353084
R741:54849.161301,0.050000,54849.161341,54849.353228,54849.403229
R742:54849.215976,0.050000,54849.216025,54849.403271,54849.453272
R743:54849.247268,0.050000,54849.253115,54849.453337,54849.503338
R744:54849.263933,0.050000,54849.294215,54849.503389,54849.553390
R745:54849.327983,0.050000,54849.328039,54849.553448,54849.603449
R746:54849.349428,0.050000,54849.353169,54849.603528,54849.653529
R747:54849.362200,0.050000,54849.394150,54849.654212,54849.704213
R748:54849.437235,0.050000,54849.437290,54849.704293,54849.754294
R749:54849.453072,0.050000,54849.453325,54849.754391,54849.804749
R750:54849.513701,0.050000,54849.513754,54849.804832,54849.862048
R751:54849.514663,0.050000,54849.514696,54849.862146,54849.912146
R752:54849.612926,0.050000,54849.612978,54849.912206,54849.962222
R753:54849.713741,0.050000,54849.713796,54849.962271,54850.012271
R754:54849.762220,0.050000,54849.762477,54850.012317,54850.062317
R755:54849.783026,0.050000,54849.802121,54850.062345,54850.112345
R756:54849.845880,0.050000,54849.845939,54850.112402,54850.162413
R757:54849.895752,0.050000,54849.895793,54850.162468,54850.212469
R758:54849.995164,0.050000,54849.995202,54850.212511,54850.262512
R759:54850.010599,0.050000,54850.012328,54850.262566,54850.312567
R760:54850.026683,0.050000,54850.053363,54850.312604,54850.362605
R761:54850.030934,0.050000,54850.053371,54850.362649,54850.412650
R762:54850.069240,0.050000,54850.069285,54850.412691,54850.462691
R763:54850.186687,0.050000,54850.186744,54850.462731,54850.512732
R764:54850.237137,0.050000,54850.237220,54850.512780,54850.562781
R765:54850.278290,0.050000,54850.278349,54850.562829,54850.612829
R766:54850.369238,0.050000,54850.369295,54850.612861,54850.662861
R767:54850.537852,0.050000,54850.537898,54850.662917,54850.712918
R768:54850.608395,0.050000,54850.608440,54850.712944,54850.762945
R769:54850.630940,0.050000,54850.631003,54850.762994,54850.812995
R770:54850.655242,0.050000,54850.662902,54850.813098,54850.863099
R771:54850.657908,0.050000,54850.662904,54850.863147,54850.913147
R772:54850.659365,0.050000,54850.662905,54850.913177,54850.963178
R773:54850.659860,0.050000,54850.662906,54850.963284,54851.013284
R774:54850.695454,0.050000,54850.704193,54851.013307,54851.063307
R775:54850.714456,0.050000,54850.714488,54851.063338,54851.113339
R776:54850.780003,0.050000,54850.780087,54851.113389,54851.163390
R777:54850.870917,0.050000,54850.870958,54851.163460,54851.213461
R778:54850.909142,0.050000,54850.909175,54851.213506,54851.263508
R779:54850.943231,0.050000,54850.943269,54851.263555,54851.313556
R780:54850.947944,0.050000,54850.963255,54851.313613,54851.364617
R781:54850.959150,0.050000,54850.963272,54851.364707,54851.414708
R782:54850.994563,0.050000,54851.005273,54851.414765,54851.464766
R783:54851.130885,0.050000,54851.130936,54851.464819,54851.514824
R784:54851.134427,0.050000,54851.163444,54851.514877,54851.564878
R785:54851.140217,0.050000,54851.163446,54851.564928,54851.614928
R786:54851.155647,0.050000,54851.163448,54851.614963,54851.664964
R787:54851.221410,0.050000,54851.221452,54851.664999,54851.715000
R788:54851.271298,0.050000,54851.271359,54851.715043,54851.765066
R789:54851.276606,0.050000,54851.276647,54851.765136,54851.815137
R790:54851.448673,0.050000,54851.448735,54851.815193,54851.865228
R791:54851.555361,0.050000,54851.555391,54851.865285,54851.915286
R792:54851.565160,0.050000,54851.565176,54851.915326,54851.965327
R793:54851.599647,0.050000,54851.606094,54851.965384,54852.015385
R794:54851.674726,0.050000,54851.674773,54852.015457,54852.065458
R795:54851.754061,0.050000,54851.754096,54852.065537,54852.115538
R796:54851.754607,0.050000,54851.765123,54852.115619,54852.165620
R797:54851.800478,0.050000,54851.807174,54852.165675,54852.215676
R798:54851.871471,0.050000,54851.871530,54852.215737,54852.265738
R799:54851.943465,0.050000,54851.946015,54852.265806,54852.315807
R800:54852.080842,0.050000,54852.080894,54852.315845,54852.365847
R801:54852.086296,0.050000,54852.115603,54852.365912,54852.415913
R802:54852.167980,0.050000,54852.168083,54852.415979,54852.465980
R803:54852.322385,0.050000,54852.322448,54852.466057,54852.516058
R804:54852.328481,0.050000,54852.328540,54852.516122,54852.566123
R805:54852.345752,0.050000,54852.345821,54852.566174,54852.616175
R806:54852.360715,0.050000,54852.360778,54852.616225,54852.666226
R807:54852.448266,0.050000,54852.448681,54852.666288,54852.716487
R808:54852.454258,0.050000,54852.466172,54852.716552,54852.768237
R809:54852.526934,0.050000,54852.526995,54852.801964,54852.852969
R810:54852.545795,0.050000,54852.545850,54852.853030,54852.911492
R811:54852.556382,0.050000,54852.556424,54852.911728,54852.961730
R812:54852.704874,0.050000,54852.704931,54852.961807,54853.011807
R813:54852.781616,0.050000,54852.781688,54853.011862,54853.061863
R814:54852.794828,0.050000,54852.823468,54853.061966,54853.111966
R815:54853.007230,0.050000,54853.007285,54853.112048,54853.162049
R816:54853.106573,0.050000,54853.106622,54853.162114,54853.212114
R817:54853.130715,0.050000,54853.130966,54853.212156,54853.289458
R818:54853.193778,0.050000,54853.193897,54853.289514,54853.339515
R819:54853.226256,0.050000,54853.226296,54853.339590,54853.389591
R820:54853.276777,0.050000,54853.276834,54853.389643,54853.439644
R821:54853.333135,0.050000,54853.333507,54853.439713,54853.489714
R822:54853.354353,0.050000,54853.354732,54853.489751,54853.540046
R823:54853.403430,0.050000,54853.403886,54853.540277,54853.590277
R824:54853.413619,0.050000,54853.439698,54853.590347,54853.652883
R825:54853.419194,0.050000,54853.439702,54853.652944,54853.702945
R826:54853.445476,0.050000,54853.481832,54853.703064,54853.753065
R827:54853.454626,0.050000,54853.481842,54853.753125,54853.803126
R828:54853.513388,0.050000,54853.513447,54853.803213,54853.853406
R829:54853.520641,0.050000,54853.540136,54853.853468,54853.926237
R830:54853.633028,0.050000,54853.633105,54853.926293,54853.976294
R831:54853.679230,0.050000,54853.679292,54853.976357,54854.034212
R832:54853.691837,0.050000,54853.703051,54854.034271,54854.084272
R833:54853.750050,0.050000,54853.750809,54854.084330,54854.134330
R834:54853.790561,0.050000,54853.791004,54854.134385,54854.184386
R835:54853.810870,0.050000,54853.811100,54854.184434,54854.234435
R836:54853.962538,0.050000,54853.962738,54854.234512,54854.284513
R837:54854.039995,0.050000,54854.040082,54854.284569,54854.334570
R838:54854.052885,0.050000,54854.080237,54854.334609,54854.384610
R839:54854.055475,0.050000,54854.080246,54854.384668,54854.434683
R840:54854.094325,0.050000,54854.094384,54854.434744,54854.484745
R841:54854.121634,0.050000,54854.134370,54854.484798,54854.534799
R842:54854.134299,0.050000,54854.134373,54854.534861,54854.584862
R843:54854.166771,0.050000,54854.174142,54854.584925,54854.634926
R844:54854.176355,0.050000,54854.176425,54854.635085,54854.685176
R845:54854.196144,0.050000,54854.196192,54854.685225,54854.735226
R846:54854.226577,0.050000,54854.234495,54854.735310,54854.785310
R847:54854.227832,0.050000,54854.234499,54854.785369,54854.835427
R848:54854.284973,0.050000,54854.285003,54854.835481,54854.885482
R849:54854.292628,0.050000,54854.292814,54854.885564,54854.935564
R850:54854.326421,0.050000,54854.326481,54854.935642,54854.985643
R851:54854.331838,0.050000,54854.331882,54854.985714,54855.035714
R852:54854.412633,0.050000,54854.412773,54855.035757,54855.085758
R853:54854.494471,0.050000,54854.494560,54855.085817,54855.135882
R854:54854.556188,0.050000,54854.556727,54855.135938,54855.185939
R855:54854.684288,0.050000,54854.684389,54855.185981,54855.235982
R856:54854.791008,0.050000,54854.791089,54855.236042,54855.286056
R857:54854.794812,0.050000,54854.833138,54855.286108,54855.336127
R858:54854.797457,0.050000,54854.833145,54855.336183,54855.386204
R859:54854.836942,0.050000,54854.837021,54855.386264,54855.436279
R860:54854.847399,0.050000,54854.878913,54855.436314,54855.486330
R861:54854.985798,0.050000,54854.985818,54855.486365,54855.536366
R862:54854.992040,0.050000,54855.026087,54855.536424,54855.586425
R863:54855.017951,0.050000,54855.026093,54855.586523,54855.636524
R864:54855.065935,0.050000,54855.066060,54855.636623,54855.686624
R865:54855.120411,0.050000,54855.120534,54855.686732,54855.736879
R866:54855.184541,0.050000,54855.184582,54855.736949,54855.786970
R867:54855.227986,0.050000,54855.228102,54855.787025,54855.837025
R868:54855.256670,0.050000,54855.256726,54855.837082,54855.887085
R869:54855.348568,0.050000,54855.348605,54855.887138,54855.938639
R870:54855.394442,0.050000,54855.394625,54855.938664,54855.988665
R871:54855.530304,0.050000,54855.530384,54855.989267,54856.039268
R872:54855.544956,0.050000,54855.544993,54856.039341,54856.089342
R873:54855.627454,0.050000,54855.627488,54856.089391,54856.139393
R874:54855.652514,0.050000,54855.652736,54856.139460,54856.189461
R875:54855.678146,0.050000,54855.686706,54856.189527,54856.239528
R876:54855.683621,0.050000,54855.686712,54856.239607,54856.289608
R877:54855.771040,0.050000,54855.771368,54856.289686,54856.339696
R878:54855.797229,0.050000,54855.797275,54856.339807,54856.389807
R879:54855.869823,0.050000,54855.869862,54856.389872,54856.439873
R880:54856.013270,0.050000,54856.013469,54856.439999,54856.490000
R881:54856.113439,0.050000,54856.113527,54856.490059,54856.540071
R882:54856.208032,0.050000,54856.208101,54856.540147,54856.590184
R883:54856.274360,0.050000,54856.274415,54856.590390,54856.640391
R884:54856.328862,0.050000,54856.328964,54856.640443,54856.690444
R885:54856.368986,0.050000,54856.369039,54856.690499,54856.741408
R886:54856.422994,0.050000,54856.423090,54856.741498,54856.791499
R887:54856.461240,0.050000,54856.461454,54856.791548,54856.841555
R888:54856.507283,0.050000,54856.509806,54856.841617,54856.891617
R889:54856.569104,0.050000,54856.569173,54856.891678,54856.941679
R890:54856.571161,0.050000,54856.590372,54856.941743,54856.991744
R891:54856.645676,0.050000,54856.645721,54856.991834,54857.041834
R892:54856.693978,0.050000,54856.694096,54857.041882,54857.091882
R893:54856.702154,0.050000,54856.702438,54857.091930,54857.141934
R894:54856.710700,0.050000,54856.710978,54857.141973,54857.191993
R895:54856.722527,0.050000,54856.722560,54857.192132,54857.242133
R896:54856.801973,0.050000,54856.802143,54857.242182,54857.292184
R897:54856.900145,0.050000,54856.900209,54857.292251,54857.342252
R898:54856.973793,0.050000,54856.973896,54857.342280,54857.392281
R899:54856.984810,0.050000,54856.984883,54857.392327,54857.442328
R900:54857.042762,0.050000,54857.042783,54857.442378,54857.492379
R901:54857.062601,0.050000,54857.083192,54857.492428,54857.542457
R902:54857.068536,0.050000,54857.083201,54857.542503,54857.592503
R903:54857.185005,0.050000,54857.185082,54857.592551,54857.642552
R904:54857.191747,0.050000,54857.192116,54857.642612,54857.692613
R905:54857.227316,0.050000,54857.234421,54857.692677,54857.742948
R906:54857.253123,0.050000,54857.253189,54857.743010,54857.793011
R907:54857.265464,0.050000,54857.292235,54857.793165,54857.843166
R908:54857.283812,0.050000,54857.292238,54857.843267,54857.893267
R909:54857.340482,0.050000,54857.340875,54857.893317,54857.943334
R910:54857.496303,0.050000,54857.496385,54857.943407,54857.993407
R911:54857.511004,0.050000,54857.537120,54857.993456,54858.043457
R912:54857.548799,0.050000,54857.548851,54858.043510,54858.093511
R913:54857.629207,0.050000,54857.629553,54858.093572,54858.143573
R914:54857.775474,0.050000,54857.775677,54858.143611,54858.193612
R915:54857.784621,0.050000,54857.793152,54858.193668,54858.243668
R916:54857.803181,0.050000,54857.834123,54858.243726,54858.293727
R917:54857.846615,0.050000,54857.846677,54858.293787,54858.343788
R918:54857.901322,0.050000,54857.901364,54858.343853,54858.393854
R919:54858.010332,0.050000,54858.010491,54858.393947,54858.443948
R920:54858.029299,0.050000,54858.029397,54858.444062,54858.494063
R921:54858.088492,0.050000,54858.088615,54858.494113,54858.544114
R922:54858.141730,0.050000,54858.141865,54858.544169,54858.594217
R923:54858.239447,0.050000,54858.239670,54858.594280,54858.644281
R924:54858.328729,0.050000,54858.328851,54858.644327,54858.694328
R925:54858.407128,0.050000,54858.407177,54858.694438,54858.744439
R926:54858.408753,0.050000,54858.444045,54858.744491,54858.794492
R927:54858.455824,0.050000,54858.482276,54858.794537,54858.844538
R928:54858.506612,0.050000,54858.506749,54858.844580,54858.894581
R929:54858.582864,0.050000,54858.582987,54858.894632,54858.944633
R930:54858.661444,0.050000,54858.661479,54858.944764,54858.994765
R931:54858.679148,0.050000,54858.694420,54858.994822,54859.044822
R932:54858.683410,0.050000,54858.694424,54859.044848,54859.094849
R933:54858.795091,0.050000,54858.795165,54859.095432,54859.145447
R934:54858.805259,0.050000,54858.805373,54859.145614,54859.195615
R935:54858.815853,0.050000,54858.815911,54859.195674,54859.245675
R936:54858.839465,0.050000,54858.839621,54859.245731,54859.295786
R937:54858.870668,0.050000,54858.870821,54859.295837,54859.345837
R938:54858.895972,0.050000,54858.896009,54859.345868,54859.395869
R939:54858.950945,0.050000,54858.951100,54859.396029,54859.446029
R940:54858.956907,0.050000,54858.956994,54859.446080,54859.496080
R941:54858.977798,0.050000,54858.977904,54859.496133,54859.546134
R942:54859.085190,0.050000,54859.085290,54859.546257,54859.596340
R943:54859.134775,0.050000,54859.134818,54859.596489,54859.646536
R944:54859.140892,0.050000,54859.145601,54859.646647,54859.696691
R945:54859.227264,0.050000,54859.227531,54859.696749,54859.746750
R946:54859.300501,0.050000,54859.300613,54859.746846,54859.797025
R947:54859.327460,0.050000,54859.342219,54859.797111,54859.847112
R948:54859.351623,0.050000,54859.351666,54859.847166,54859.897368
R949:54859.378223,0.050000,54859.393354,54859.897421,54859.947439
R950:54859.395092,0.050000,54859.395125,54859.947509,54859.997510
R951:54859.443473,0.050000,54859.443547,54859.997573,54860.047574
R952:54859.447319,0.050000,54859.447347,54860.047661,54860.097705
R953:54859.569419,0.050000,54859.569474,54860.097759,54860.147849
R954:54859.599398,0.050000,54859.599443,54860.148112,54860.198112
R955:54859.711664,0.050000,54859.711754,54860.198167,54860.248168
R956:54859.770964,0.050000,54859.771012,54860.248246,54860.298246
R957:54859.803575,0.050000,54859.803628,54860.298307,54860.348307
R958:54859.837286,0.050000,54859.844111,54860.348359,54860.398360
R959:54859.855597,0.050000,54859.855667,54860.398429,54860.448430
R960:54859.869246,0.050000,54859.896227,54860.448485,54860.498486
R961:54859.884202,0.050000,54859.896236,54860.498545,54860.548546
R962:54859.930222,0.050000,54859.930314,54860.548608,54860.598631
R963:54859.949247,0.050000,54859.949292,54860.598683,54860.648684
R964:54859.956462,0.050000,54859.989942,54860.648806,54860.698807
R965:54860.031269,0.050000,54860.031323,54860.698862,54860.748862
R966:54860.066073,0.050000,54860.066152,54860.748912,54860.798913
R967:54860.101265,0.050000,54860.101300,54860.799118,54860.849189
R968:54860.112628,0.050000,54860.143094,54860.849287,54860.899288
R969:54860.215755,0.050000,54860.215802,54860.899358,54860.949359
R970:54860.223401,0.050000,54860.248230,54860.949449,54860.999456
R971:54860.241734,0.050000,54860.248234,54860.999582,54861.049583
R972:54860.252661,0.050000,54860.290200,54861.049655,54861.099656
R973:54860.252839,0.050000,54860.290208,54861.099716,54861.149717
R974:54860.374778,0.050000,54860.374835,54861.149767,54861.199768
R975:54860.392844,0.050000,54860.398417,54861.199816,54861.249816
R976:54860.479937,0.050000,54860.479994,54861.249905,54861.299905
R977:54860.535385,0.050000,54860.535428,54861.299984,54861.349985
R978:54860.596719,0.050000,54860.596767,54861.350031,54861.400031
R979:54860.606994,0.050000,54860.607057,54861.400072,54861.450073
R980:54860.609516,0.050000,54860.647729,54861.450117,54861.500117
R981:54860.778616,0.050000,54860.778658,54861.500208,54861.550209
R982:54860.857263,0.050000,54860.857333,54861.550246,54861.600247
R983:54860.863784,0.050000,54860.897469,54861.600278,54861.650279
R984:54860.967845,0.050000,54860.967898,54861.650335,54861.700336
R985:54860.980210,0.050000,54860.999571,54861.700480,54861.750481
R986:54861.251793,0.050000,54861.251825,54861.750539,54861.800579
R987:54861.293090,0.050000,54861.293132,54861.800652,54861.850653
R988:54861.352232,0.050000,54861.352247,54861.850700,54861.900700
R989:54861.385452,0.050000,54861.391120,54861.900730,54861.950730
R990:54861.478460,0.050000,54861.478496,54861.950825,54862.000826
R991:54861.596015,0.050000,54861.596074,54862.000895,54862.050896
R992:54861.661690,0.050000,54861.661742,54862.050947,54862.100958
R993:54861.689153,0.050000,54861.700456,54862.101028,54862.151090
R994:54861.700490,0.050000,54861.741178,54862.151151,54862.201152
R995:54861.797720,0.050000,54861.797785,54862.201766,54862.251767
R996:54861.806708,0.050000,54861.806757,54862.251816,54862.301816
R997:54861.865759,0.050000,54861.865815,54862.301882,54862.351883
R998:54861.886480,0.050000,54861.886540,54862.351906,54862.401907
R999:54861.909046,0.050000,54861.909124,54862.401994,54862.451994
R1000:54861.949214,0.050000,54861.950804,54862.452027,54862.502028
R1001:54861.981462,0.050000,54861.991310,54862.502119,54862.552120
R1002:54862.035433,0.050000,54862.035485,54862.552170,54862.602213
R1003:54862.101990,0.050000,54862.102016,54862.602276,54862.652277
R1004:54862.134516,0.050000,54862.142292,54862.652344,54862.702345
R1005:54862.175793,0.050000,54862.175876,54862.702462,54862.752462
R1006:54862.176223,0.050000,54862.201199,54862.752726,54862.802727
R1007:54862.192751,0.050000,54862.201202,54862.802784,54862.852785
R1008:54862.203992,0.050000,54862.242278,54862.852841,54862.902841
R1009:54862.266290,0.050000,54862.266338,54862.902897,54862.952898
R1010:54862.297315,0.050000,54862.301869,54862.952964,54863.002965
R1011:54862.311567,0.050000,54862.348155,54863.003030,54863.053073
R1012:54862.367364,0.050000,54862.367408,54863.053104,54863.103105
R1013:54862.380491,0.050000,54862.401978,54863.103171,54863.153213
R1014:54862.403160,0.050000,54862.443090,54863.153269,54863.203270
R1015:54862.441241,0.050000,54862.443097,54863.203328,54863.253329
R1016:54862.470562,0.050000,54862.470627,54863.253386,54863.303426
R1017:54862.492903,0.050000,54862.502104,54863.303477,54863.353478
R1018:54862.495675,0.050000,54862.502107,54863.353546,54863.403546
R1019:54862.500942,0.050000,54862.502108,54863.403643,54863.453644
R1020:54862.588256,0.050000,54862.588332,54863.453690,54863.503691
R1021:54862.699564,0.050000,54862.699612,54863.503791,54863.553792
R1022:54862.931591,0.050000,54862.931648,54863.553838,54863.603838
R1023:54862.970491,0.050000,54862.970549,54863.603874,54863.653875
R1024:54862.988243,0.050000,54863.003016,54863.653924,54863.703925
R1025:54862.998767,0.050000,54863.003019,54863.703976,54863.753988
R1026:54863.022290,0.050000,54863.044186,54863.754088,54863.804155
R1027:54863.052942,0.050000,54863.052987,54863.804213,54863.854214
R1028:54863.154838,0.050000,54863.154914,54863.854261,54863.904262
R1029:54863.216341,0.050000,54863.216778,54863.904318,54863.954319
R1030:54863.299187,0.050000,54863.299269,54863.954378,54864.004379
R1031:54863.325753,0.050000,54863.325799,54864.004487,54864.054487
R1032:54863.334483,0.050000,54863.353532,54864.054570,54864.104571
R1033:54863.364435,0.050000,54863.395275,54864.104603,54864.154603
R1034:54863.370993,0.050000,54863.395279,54864.154658,54864.204659
R1035:54863.419569,0.050000,54863.419890,54864.204730,54864.254732
R1036:54863.600617,0.050000,54863.600961,54864.254825,54864.304826
R1037:54863.607108,0.050000,54863.607309,54864.304874,54864.354905
R1038:54863.714382,0.050000,54863.714432,54864.354962,54864.404963
R1039:54863.723695,0.050000,54863.723897,54864.405025,54864.455049
R1040:54863.809420,0.050000,54863.809461,54864.455104,54864.505105
R1041:54863.829289,0.050000,54863.850189,54864.505216,54864.555217
R1042:54863.855842,0.050000,54863.855874,54864.555286,54864.605287
R1043:54863.887973,0.050000,54863.896283,54864.605436,54864.655459
R1044:54863.928046,0.050000,54863.928096,54864.655527,54864.705528
R1045:54864.000085,0.050000,54864.000125,54864.705600,54864.755601
R1046:54864.185738,0.050000,54864.185786,54864.755663,54864.805664
R1047:54864.355233,0.050000,54864.355268,54864.805738,54864.855739
R1048:54864.361394,0.050000,54864.396218,54864.855788,54864.905789
R1049:54864.363172,0.050000,54864.396221,54864.905818,54864.955829
R1050:54864.367292,0.050000,54864.396229,54864.955883,54865.005884
R1051:54864.487862,0.050000,54864.487926,54865.005942,54865.055943
R1052:54864.608974,0.050000,54864.608998,54865.056011,54865.106012
R1053:54864.611247,0.050000,54864.649819,54865.106135,54865.156136
R1054:54864.640289,0.050000,54864.649833,54865.156193,54865.206193
R1055:54864.651684,0.050000,54864.651837,54865.206225,54865.256225
R1056:54864.665577,0.050000,54864.665628,54865.257214,54865.307215
R1057:54864.745624,0.050000,54864.745662,54865.307299,54865.357300
R1058:54864.797572,0.050000,54864.797652,54865.357356,54865.407357
R1059:54864.802190,0.050000,54864.805725,54865.407420,54865.457421
R1060:54864.835030,0.050000,54864.846207,54865.457476,54865.507481
R1061:54864.863030,0.050000,54864.863124,54865.507517,54865.557518
R1062:54864.896398,0.050000,54864.905188,54865.557593,54865.607594
R1063:54864.945286,0.050000,54864.945335,54865.607633,54865.657634
R1064:54865.040865,0.050000,54865.041015,54865.657703,54865.707704
R1065:54865.085332,0.050000,54865.085673,54865.707775,54865.757776
R1066:54865.098090,0.050000,54865.106122,54865.757835,54865.807836
R1067:54865.183945,0.050000,54865.184533,54865.807973,54865.858001
R1068:54865.244567,0.050000,54865.244618,54865.858061,54865.908071
R1069:54865.250112,0.050000,54865.256404,54865.908127,54865.958127
R1070:54865.423473,0.050000,54865.423525,54865.958203,54866.008212
R1071:54865.457725,0.050000,54865.458028,54866.008299,54866.058328
R1072:54865.484590,0.050000,54865.499218,54866.058373,54866.108374
R1073:54865.508418,0.050000,54865.508449,54866.108405,54866.158406
R1074:54865.649578,0.050000,54865.649913,54866.158462,54866.208463
R1075:54865.782580,0.050000,54865.782693,54866.208513,54866.258514
R1076:54865.790128,0.050000,54865.807953,54866.258568,54866.308643
R1077:54865.912006,0.050000,54865.912094,54866.308704,54866.358705
R1078:54866.023147,0.050000,54866.023250,54866.358741,54866.408742
R1079:54866.037475,0.050000,54866.037532,54866.408802,54866.458803
R1080:54866.172723,0.050000,54866.172761,54866.458882,54866.508883
R1081:54866.313066,0.050000,54866.313480,54866.508937,54866.558937
R1082:54866.321032,0.050000,54866.358506,54866.559074,54866.609075
R1083:54866.412833,0.050000,54866.412958,54866.609129,54866.659138
R1084:54866.596062,0.050000,54866.596126,54866.659227,54866.709438
R1085:54866.635620,0.050000,54866.635857,54866.709571,54866.759572
R1086:54866.637169,0.050000,54866.659210,54866.759660,54866.809660
R1087:54866.649977,0.050000,54866.659214,54866.809713,54866.859714
R1088:54866.668154,0.050000,54866.701747,54866.859767,54866.909828
R1089:54866.720289,0.050000,54866.720422,54866.910031,54866.960033
R1090:54866.737175,0.050000,54866.759644,54866.960099,54867.010107
R1091:54866.810008,0.050000,54866.810164,54867.010211,54867.060212
R1092:54866.812658,0.050000,54866.812814,54867.060325,54867.110326
R1093:54866.881160,0.050000,54866.881219,54867.110449,54867.160451
R1094:54866.904907,0.050000,54866.905318,54867.160551,54867.210553
R1095:54867.014555,0.050000,54867.014586,54867.210633,54867.262059
R1096:54867.032907,0.050000,54867.055747,54867.262133,54867.312133
R1097:54867.076888,0.050000,54867.076964,54867.312229,54867.362230
R1098:54867.137542,0.050000,54867.137696,54867.362274,54867.412275
R1099:54867.305535,0.050000,54867.305624,54867.412333,54867.462334
R1100:54867.358679,0.050000,54867.358826,54867.462379,54867.512449
R1101:54867.413567,0.050000,54867.413685,54867.512520,54867.562521
R1102:54867.444406,0.050000,54867.454376,54867.562578,54867.612579
R1103:54867.445718,0.050000,54867.454383,54867.612626,54867.662627
R1104:54867.737292,0.050000,54867.737338,54867.737447,54867.787448
R1105:54867.761204,0.050000,54867.778309,54867.787482,54867.837483
R1106:54867.897898,0.050000,54867.897947,54867.898429,54867.948430
R1107:54867.903518,0.050000,54867.938213,54867.948475,54867.998475
R1108:54867.919765,0.050000,54867.938247,54867.998535,54868.048535
R1109:54868.005224,0.050000,54868.005263,54868.048574,54868.098577
R1110:54868.023779,0.050000,54868.046133,54868.098628,54868.148628
R1111:54868.035489,0.050000,54868.046217,54868.148667,54868.198669
R1112:54868.105024,0.050000,54868.105109,54868.198761,54868.248762
R1113:54868.131138,0.050000,54868.146212,54868.248807,54868.298808
R1114:54868.132154,0.050000,54868.146216,54868.298850,54868.348850
R1115:54868.195918,0.050000,54868.195962,54868.348930,54868.398930
R1116:54868.313180,0.050000,54868.313315,54868.398972,54868.448973
R1117:54868.314582,0.050000,54868.348917,54868.449551,54868.499561
R1118:54868.429536,0.050000,54868.429623,54868.499593,54868.549594
R1119:54868.440058,0.050000,54868.440103,54868.549634,54868.599635
R1120:54868.494740,0.050000,54868.494773,54868.599678,54868.649679
R1121:54868.504124,0.050000,54868.504161,54868.649730,54868.699731
R1122:54868.642129,0.050000,54868.642180,54868.699769,54868.749770
R1123:54868.702380,0.050000,54868.702414,54868.749840,54868.799841
R1124:54868.810808,0.050000,54868.810853,54868.810974,54868.860975
R1125:54868.829145,0.050000,54868.829251,54868.861007,54868.911042
R1126:54868.871399,0.050000,54868.871564,54868.911091,54868.961095
R1127:54868.880762,0.050000,54868.911078,54868.961124,54869.011125
R1128:54868.973888,0.050000,54868.973950,54869.011162,54869.061163
R1129:54868.988280,0.050000,54868.988419,54869.061261,54869.111262
R1130:54868.995447,0.050000,54868.995493,54869.111298,54869.161299
R1131:54869.027877,0.050000,54869.027935,54869.161360,54869.211361
R1132:54869.133096,0.050000,54869.133139,54869.211416,54869.261417
R1133:54869.175927,0.050000,54869.175980,54869.261473,54869.311474
R1134:54869.209425,0.050000,54869.211405,54869.311521,54869.361521
R1135:54869.312953,0.050000,54869.312978,54869.361581,54869.411581
R1136:54869.439866,0.050000,54869.439934,54869.440678,54869.490679
R1137:54869.466073,0.050000,54869.466124,54869.490727,54869.540728
R1138:54869.630838,0.050000,54869.631088,54869.631954,54869.681956
R1139:54869.641297,0.050000,54869.672363,54869.682020,54869.732021
R1140:54869.652308,0.050000,54869.672366,54869.732081,54869.782099
R1141:54869.667315,0.050000,54869.672383,54869.782155,54869.832156
R1142:54869.690881,0.050000,54869.691116,54869.832214,54869.882215
R1143:54869.823523,0.050000,54869.823574,54869.882260,54869.932261
R1144:54869.877015,0.050000,54869.877110,54869.932320,54869.982321
R1145:54869.902176,0.050000,54869.902229,54869.982370,54870.032371
R1146:54869.953444,0.050000,54869.953489,54870.032438,54870.082439
R1147:54869.992032,0.050000,54869.992059,54870.082527,54870.132528
R1148:54870.017528,0.050000,54870.032427,54870.132615,54870.182616
R1149:54870.055040,0.050000,54870.073463,54870.182667,54870.232672
R1150:54870.118612,0.050000,54870.118667,54870.232720,54870.282722
R1151:54870.120098,0.050000,54870.132599,54870.282773,54870.332774
R1152:54870.175697,0.050000,54870.175739,54870.332833,54870.382834
R1153:54870.227291,0.050000,54870.227323,54870.382886,54870.432886
R1154:54870.296836,0.050000,54870.296883,54870.432922,54870.483525
R1155:54870.335574,0.050000,54870.335634,54870.483589,54870.533599
R1156:54870.454581,0.050000,54870.454666,54870.533657,54870.584030
R1157:54870.469550,0.050000,54870.469610,54870.584115,54870.634116
R1158:54870.529817,0.050000,54870.529874,54870.634268,54870.684694
R1159:54870.598766,0.050000,54870.598939,54870.684741,54870.734742
R1160:54870.632415,0.050000,54870.634242,54870.734830,54870.784831
R1161:54870.716329,0.050000,54870.716764,54870.784911,54870.834912
R1162:54870.727627,0.050000,54870.727752,54870.834959,54870.884960
R1163:54870.749592,0.050000,54870.749803,54870.885008,54870.935009
R1164:54870.771787,0.050000,54870.784897,54870.935077,54870.997984
R1165:54870.826463,0.050000,54870.826501,54870.998035,54871.048036
R1166:54870.838569,0.050000,54870.839065,54871.048156,54871.098157
R1167:54870.854930,0.050000,54870.880799,54871.098200,54871.148201
R1168:54870.857920,0.050000,54870.880802,54871.148231,54871.198256
R1169:54870.866755,0.050000,54870.880808,54871.198315,54871.248330
R1170:54870.896304,0.050000,54870.896347,54871.248361,54871.298362
R1171:54870.909565,0.050000,54870.935063,54871.298423,54871.348442
R1172:54870.935310,0.050000,54870.983016,54871.348484,54871.398485
R1173:54871.025041,0.050000,54871.025078,54871.398543,54871.448545
R1174:54871.033045,0.050000,54871.048135,54871.448618,54871.498619
R1175:54871.033958,0.050000,54871.048139,54871.498673,54871.548674
R1176:54871.050332,0.050000,54871.087178,54871.548755,54871.598756
R1177:54871.123364,0.050000,54871.123424,54871.598812,54871.648813
R1178:54871.165431,0.050000,54871.165495,54871.648879,54871.699508
R1179:54871.206512,0.050000,54871.206561,54871.702217,54871.752241
R1180:54871.224996,0.050000,54871.248080,54871.752357,54871.802358
R1181:54871.239936,0.050000,54871.248088,54871.802413,54871.852413
R1182:54871.281605,0.050000,54871.281674,54871.852473,54871.902474
R1183:54871.401991,0.050000,54871.402093,54871.902529,54871.952532
R1184:54871.500899,0.050000,54871.500933,54871.952577,54872.002577
R1185:54871.517079,0.050000,54871.517128,54872.002683,54872.052683
R1186:54871.547125,0.050000,54871.547182,54872.052735,54872.102736
R1187:54871.620123,0.050000,54871.620185,54872.102769,54872.152770
R1188:54871.666424,0.050000,54871.666470,54872.152820,54872.202820
R1189:54871.691051,0.050000,54871.699565,54872.202864,54872.252865
R1190:54871.725566,0.050000,54871.727175,54872.252943,54872.302944
R1191:54871.875251,0.050000,54871.875626,54872.303000,54872.353000
R1192:54871.988659,0.050000,54871.989138,54872.353098,54872.403099
R1193:54872.043494,0.050000,54872.044068,54872.403161,54872.453162
R1194:54872.060474,0.050000,54872.060521,54872.453232,54872.503246
R1195:54872.073893,0.050000,54872.102276,54872.503322,54872.553323
R1196:54872.091182,0.050000,54872.102283,54872.553384,54872.603385
R1197:54872.122607,0.050000,54872.123412,54872.603441,54872.653442
R1198:54872.155793,0.050000,54872.155974,54872.653510,54872.703511
R1199:54872.175661,0.050000,54872.197374,54872.703589,54872.753590
R1200:54872.222250,0.050000,54872.222489,54872.753647,54872.803648
R1201:54872.332554,0.050000,54872.332752,54872.803692,54872.853693
R1202:54872.371319,0.050000,54872.371608,54872.853743,54872.903759
R1203:54872.559863,0.050000,54872.560027,54872.903811,54872.953811
R1204:54872.615955,0.050000,54872.616596,54872.953878,54873.003879
R1205:54872.671228,0.050000,54872.671461,54873.003929,54873.053930
R1206:54872.892817,0.050000,54872.893046,54873.054000,54873.104000
R1207:54872.978150,0.050000,54872.978315,54873.104052,54873.154052
R1208:54873.004755,0.050000,54873.004787,54873.154113,54873.204114
R1209:54873.043174,0.050000,54873.046264,54873.204213,54873.254214
R1210:54873.063764,0.050000,54873.063798,54873.254271,54873.304271
R1211:54873.117170,0.050000,54873.117359,54873.304374,54873.354375
R1212:54873.189570,0.050000,54873.189622,54873.354445,54873.404446
R1213:54873.295625,0.050000,54873.295693,54873.404605,54873.454606
R1214:54873.335951,0.050000,54873.336009,54873.454673,54873.504674
R1215:54873.382268,0.050000,54873.382311,54873.504723,54873.554724
R1216:54873.387924,0.050000,54873.404589,54873.554792,54873.604793
R1217:54873.546871,0.050000,54873.546921,54873.604856,54873.654856
R1218:54873.567608,0.050000,54873.567655,54873.654905,54873.704913
R1219:54873.613777,0.050000,54873.613842,54873.705021,54873.755023
R1220:54873.617684,0.050000,54873.654338,54873.755096,54873.805097
R1221:54873.700057,0.050000,54873.700093,54873.805157,54873.855161
R1222:54873.738639,0.050000,54873.738780,54873.855201,54873.905202
R1223:54873.874675,0.050000,54873.874773,54873.905281,54873.955281
R1224:54873.904347,0.050000,54873.905269,54873.955348,54874.005349
R1225:54873.985444,0.050000,54873.985485,54874.005444,54874.055444
R1226:54873.993424,0.050000,54873.993481,54874.055594,54874.106045
R1227:54874.057919,0.050000,54874.057993,54874.106222,54874.156222
R1228:54874.072212,0.050000,54874.106199,54874.156288,54874.206321
R1229:54874.120711,0.050000,54874.120878,54874.206396,54874.256397
R1230:54874.122127,0.050000,54874.122169,54874.256443,54874.306444
R1231:54874.214102,0.050000,54874.214158,54874.306507,54874.356508
R1232:54874.249292,0.050000,54874.255235,54874.356566,54874.406567
R1233:54874.289613,0.050000,54874.289660,54874.406659,54874.456659
R1234:54874.372970,0.050000,54874.373020,54874.457432,54874.507585
R1235:54874.380803,0.050000,54874.406641,54874.507654,54874.557765
R1236:54874.391000,0.050000,54874.406645,54874.557828,54874.607839
R1237:54874.470294,0.050000,54874.470378,54874.607979,54874.657979
R1238:54874.608030,0.050000,54874.608215,54874.658152,54874.708153
R1239:54874.651859,0.050000,54874.651944,54874.708241,54874.758242
R1240:54874.671276,0.050000,54874.671347,54874.759074,54874.809075
R1241:54874.688395,0.050000,54874.708222,54874.809167,54874.859168
R1242:54874.700158,0.050000,54874.708224,54874.859235,54874.909236
R1243:54874.702170,0.050000,54874.708227,54874.909287,54874.959288
R1244:54874.709214,0.050000,54874.748181,54874.959342,54875.009343
R1245:54874.777879,0.050000,54874.777935,54875.009412,54875.059413
R1246:54874.828799,0.050000,54874.828835,54875.059472,54875.109472
R1247:54874.842001,0.050000,54874.859285,54875.109527,54875.159528
R1248:54874.902521,0.050000,54874.902566,54875.159580,54875.209581
R1249:54875.050534,0.050000,54875.050680,54875.209643,54875.259644
R1250:54875.132497,0.050000,54875.132544,54875.259699,54875.309699
R1251:54875.199976,0.050000,54875.200441,54875.309821,54875.359821
R1252:54875.269453,0.050000,54875.269607,54875.359865,54875.409866
R1253:54875.289420,0.050000,54875.309796,54875.409929,54875.459930
R1254:54875.344461,0.050000,54875.350099,54875.459989,54875.509989
R1255:54875.353970,0.050000,54875.354466,54875.510046,54875.560047
R1256:54875.360326,0.050000,54875.360354,54875.560106,54875.610107
R1257:54875.442284,0.050000,54875.442422,54875.610141,54875.660142
R1258:54875.546138,0.050000,54875.546290,54875.660187,54875.710188
R1259:54875.567460,0.050000,54875.567513,54875.710217,54875.760258
R1260:54875.594885,0.050000,54875.608142,54875.760308,54875.810309
R1261:54875.702119,0.050000,54875.702167,54875.810355,54875.860356
R1262:54875.710730,0.050000,54875.710951,54875.860444,54875.910445
R1263:54875.812971,0.050000,54875.813004,54875.910547,54875.960548
R1264:54875.839721,0.050000,54875.839788,54875.960600,54876.010602
R1265:54875.982571,0.050000,54875.982623,54876.010660,54876.060661
R1266:54876.192592,0.050000,54876.192679,54876.192876,54876.242877
R1267:54876.235695,0.050000,54876.235757,54876.242944,54876.292945
R1268:54876.300763,0.050000,54876.300799,54876.301256,54876.351257
R1269:54876.425875,0.050000,54876.425936,54876.426648,54876.476649
R1270:54876.432415,0.050000,54876.432469,54876.476728,54876.526729
R1271:54876.432523,0.050000,54876.432541,54876.526786,54876.576786
R1272:54876.441492,0.050000,54876.441565,54876.576893,54876.626894
R1273:54876.461011,0.050000,54876.461060,54876.626946,54876.676991
R1274:54876.462822,0.050000,54876.462846,54876.677049,54876.727050
R1275:54876.479275,0.050000,54876.479319,54876.727087,54876.777129
R1276:54876.481262,0.050000,54876.520353,54876.777231,54876.827232
R1277:54876.536374,0.050000,54876.536414,54876.827412,54876.877412
R1278:54876.571928,0.050000,54876.576879,54876.877467,54876.927468
R1279:54876.638064,0.050000,54876.638250,54876.927528,54876.977529
R1280:54876.684999,0.050000,54876.685035,54876.977584,54877.027590
R1281:54876.701640,0.050000,54876.726245,54877.027672,54877.077673
R1282:54876.731896,0.050000,54876.731938,54877.077722,54877.127723
R1283:54876.752007,0.050000,54876.773237,54877.127785,54877.177786
R1284:54876.796991,0.050000,54876.797046,54877.177844,54877.227845
R1285:54876.801605,0.050000,54876.827302,54877.227894,54877.277895
R1286:54876.834914,0.050000,54876.868301,54877.277954,54877.327965
R1287:54876.892312,0.050000,54876.892355,54877.328011,54877.378024
R1288:54876.997792,0.050000,54876.997858,54877.378122,54877.428124
R1289:54877.018827,0.050000,54877.027657,54877.428174,54877.478187
R1290:54877.243588,0.050000,54877.243631,54877.478236,54877.528237
R1291:54877.258865,0.050000,54877.258960,54877.528291,54877.578292
R1292:54877.271001,0.050000,54877.271125,54877.578347,54877.628348
R1293:54877.279338,0.050000,54877.279372,54877.628405,54877.678405
R1294:54877.286598,0.050000,54877.320244,54877.678472,54877.728472
R1295:54877.333787,0.050000,54877.333816,54877.728512,54877.778530
R1296:54877.337753,0.050000,54877.374284,54877.778579,54877.828579
R1297:54877.342618,0.050000,54877.374287,54877.828631,54877.878632
R1298:54877.350892,0.050000,54877.374289,54877.878692,54877.928701
R1299:54877.428332,0.050000,54877.428356,54877.928773,54877.978773
R1300:54877.668931,0.050000,54877.668977,54877.978807,54878.028808
R1301:54877.684728,0.050000,54877.684783,54878.029327,54878.079327
R1302:54877.762053,0.050000,54877.762108,54878.079370,54878.129371
R1303:54877.770381,0.050000,54877.770429,54878.129416,54878.179417
R1304:54877.814239,0.050000,54877.814288,54878.179488,54878.229696
R1305:54877.899717,0.050000,54877.899748,54878.229765,54878.279766
R1306:54877.928471,0.050000,54877.928757,54878.279818,54878.329819
R1307:54877.978411,0.050000,54877.978695,54878.329870,54878.379931
R1308:54878.010472,0.050000,54878.010519,54878.379959,54878.429960
R1309:54878.126992,0.050000,54878.127027,54878.430022,54878.480023
R1310:54878.146959,0.050000,54878.147049,54878.480076,54878.530077
R1311:54878.149057,0.050000,54878.179474,54878.530196,54878.580197
R1312:54878.158213,0.050000,54878.179477,54878.580243,54878.630244
R1313:54878.230785,0.050000,54878.231201,54878.630319,54878.680321
R1314:54878.254647,0.050000,54878.254700,54878.680386,54878.730387
R1315:54878.324005,0.050000,54878.324080,54878.730499,54878.780500
R1316:54878.417570,0.050000,54878.417615,54878.780559,54878.830560
R1317:54878.508095,0.050000,54878.508463,54878.830627,54878.880628
R1318:54878.535229,0.050000,54878.535397,54878.880688,54878.930700
R1319:54878.597893,0.050000,54878.597937,54878.930740,54878.980741
R1320:54878.607970,0.050000,54878.608018,54878.980833,54879.030833
R1321:54878.633987,0.050000,54878.634097,54879.030859,54879.080860
R1322:54878.782033,0.050000,54878.782208,54879.080895,54879.130895
R1323:54878.804413,0.050000,54878.804464,54879.130954,54879.180955
R1324:54878.842035,0.050000,54878.842100,54879.181009,54879.231046
R1325:54878.845083,0.050000,54878.880676,54879.231086,54879.281087
R1326:54878.982083,0.050000,54878.982119,54879.281146,54879.331146
R1327:54879.026826,0.050000,54879.026874,54879.331198,54879.381199
R1328:54879.034581,0.050000,54879.034700,54879.381233,54879.431233
R1329:54879.040016,0.050000,54879.075318,54879.431272,54879.481273
R1330:54879.062321,0.050000,54879.075321,54879.481349,54879.531351
R1331:54879.068827,0.050000,54879.075325,54879.531393,54879.581394
R1332:54879.089674,0.050000,54879.089713,54879.581448,54879.631448
R1333:54879.095793,0.050000,54879.130120,54879.631506,54879.681506
R1334:54879.111622,0.050000,54879.130126,54879.681555,54879.731555
R1335:54879.227254,0.050000,54879.227293,54879.731582,54879.781583
R1336:54879.352714,0.050000,54879.352756,54879.781623,54879.831623
R1337:54879.411202,0.050000,54879.411242,54879.831672,54879.881673
R1338:54879.446775,0.050000,54879.446828,54879.881729,54879.931730
R1339:54879.470408,0.050000,54879.481337,54879.931808,54879.981810
R1340:54879.514013,0.050000,54879.522178,54879.981962,54880.031963
R1341:54879.599953,0.050000,54879.600009,54880.032028,54880.082028
R1342:54879.627339,0.050000,54879.631494,54880.082063,54880.132064
R1343:54879.694285,0.050000,54879.694339,54880.132096,54880.182151
R1344:54879.736248,0.050000,54879.736286,54880.182280,54880.232281
R1345:54879.807497,0.050000,54879.807554,54880.232369,54880.282370
R1346:54879.839252,0.050000,54879.839486,54880.282417,54880.332418
R1347:54879.864934,0.050000,54879.880128,54880.332477,54880.382478
R1348:54879.908785,0.050000,54879.908823,54880.382515,54880.432515
R1349:54880.005987,0.050000,54880.006022,54880.432569,54880.482570
R1350:54880.010488,0.050000,54880.032019,54880.482626,54880.532627
R1351:54880.075618,0.050000,54880.075665,54880.532678,54880.582679
R1352:54880.089300,0.050000,54880.089386,54880.582742,54880.632743
R1353:54880.090367,0.050000,54880.130355,54880.632842,54880.682843
R1354:54880.093821,0.050000,54880.130363,54880.682926,54880.732927
R1355:54880.163128,0.050000,54880.163212,54880.733017,54880.783018
R1356:54880.166797,0.050000,54880.182234,54880.783077,54880.833078
R1357:54880.350966,0.050000,54880.351012,54880.833143,54880.883388
R1358:54880.369997,0.050000,54880.370123,54880.883457,54880.933458
R1359:54880.380469,0.050000,54880.380511,54880.933530,54880.983531
R1360:54880.383462,0.050000,54880.383510,54880.983578,54881.033579
R1361:54880.437074,0.050000,54880.437128,54881.033624,54881.083625
R1362:54880.454888,0.050000,54880.455043,54881.084218,54881.134237
R1363:54880.479120,0.050000,54880.479169,54881.134291,54881.184292
R1364:54880.550462,0.050000,54880.550508,54881.184332,54881.234333
R1365:54880.591393,0.050000,54880.591439,54881.234397,54881.284398
R1366:54880.608436,0.050000,54880.632192,54881.284460,54881.334476
R1367:54880.664267,0.050000,54880.664481,54881.334567,54881.384568
R1368:54880.677823,0.050000,54880.682911,54881.384619,54881.434734
R1369:54880.748971,0.050000,54880.749138,54881.434788,54881.484826
R1370:54880.749351,0.050000,54880.749430,54881.484906,54881.534907
R1371:54880.826273,0.050000,54880.826302,54881.534970,54881.584970
R1372:54880.867585,0.050000,54880.867679,54881.585045,54881.635049
R1373:54880.894374,0.050000,54880.894420,54881.635106,54881.685106
R1374:54880.929527,0.050000,54880.933517,54881.685164,54881.735164
R1375:54880.934760,0.050000,54880.974352,54881.735249,54881.785250
R1376:54880.942972,0.050000,54880.974359,54881.785383,54881.835390
R1377:54881.082058,0.050000,54881.082148,54881.835524,54881.885524
R1378:54881.115125,0.050000,54881.115174,54881.885553,54881.935553
R1379:54881.177377,0.050000,54881.177415,54881.935661,54881.985662
R1380:54881.254722,0.050000,54881.254762,54881.985780,54882.035781
R1381:54881.294321,0.050000,54881.294418,54882.035831,54882.085832
R1382:54881.321199,0.050000,54881.334537,54882.085934,54882.135935
R1383:54881.561456,0.050000,54881.561513,54882.136033,54882.186034
R1384:54881.602657,0.050000,54881.602708,54882.186203,54882.236242
R1385:54881.634414,0.050000,54881.635094,54882.236288,54882.286289
R1386:54881.701405,0.050000,54881.701453,54882.286338,54882.336339
R1387:54881.747400,0.050000,54881.747469,54882.336400,54882.386401
R1388:54881.780485,0.050000,54881.785308,54882.386440,54882.436440
R1389:54881.782955,0.050000,54881.785312,54882.436489,54882.486490
R1390:54881.858425,0.050000,54881.858571,54882.486526,54882.536526
R1391:54881.890840,0.050000,54881.890887,54882.536629,54882.586631
R1392:54881.946779,0.050000,54881.946877,54882.586748,54882.636748
R1393:54881.949308,0.050000,54881.949406,54882.636788,54882.686789
R1394:54882.036522,0.050000,54882.036546,54882.686845,54882.736846
R1395:54882.063121,0.050000,54882.077402,54882.736934,54882.786944
R1396:54882.107681,0.050000,54882.107726,54882.787001,54882.837002
R1397:54882.110781,0.050000,54882.136014,54882.837061,54882.887125
R1398:54882.112658,0.050000,54882.136018,54882.887252,54882.937253
R1399:54882.191335,0.050000,54882.191469,54882.937314,54882.987315
R1400:54882.274630,0.050000,54882.274703,54882.987362,54883.037362
R1401:54882.277594,0.050000,54882.277637,54883.037419,54883.087419
R1402:54882.319504,0.050000,54882.319557,54883.087480,54883.137484
R1403:54882.341108,0.050000,54882.341148,54883.137529,54883.187529
R1404:54882.370945,0.050000,54882.383342,54883.187672,54883.237673
R1405:54882.372148,0.050000,54882.383353,54883.237762,54883.287763
R1406:54882.400503,0.050000,54882.400551,54883.287823,54883.337824
R1407:54882.444463,0.050000,54882.444604,54883.337881,54883.387882
R1408:54882.601646,0.050000,54882.601742,54883.387936,54883.437937
R1409:54882.710632,0.050000,54882.710673,54883.438033,54883.488034
R1410:54882.726390,0.050000,54882.736918,54883.488189,54883.538190
R1411:54882.793159,0.050000,54882.793274,54883.538233,54883.588234
R1412:54882.825469,0.050000,54882.825507,54883.588302,54883.638303
R1413:54882.884051,0.050000,54882.884780,54883.638406,54883.688408
R1414:54882.951621,0.050000,54882.951676,54883.688466,54883.738467
R1415:54883.095028,0.050000,54883.095080,54883.738516,54883.788522
R1416:54883.100468,0.050000,54883.135139,54883.788672,54883.838673
R1417:54883.129883,0.050000,54883.135186,54883.838734,54883.888736
R1418:54883.168799,0.050000,54883.168848,54883.888800,54883.938801
R1419:54883.205830,0.050000,54883.205876,54883.938866,54883.988867
R1420:54883.236502,0.050000,54883.237745,54883.988904,54884.038905
R1421:54883.253224,0.050000,54883.278322,54884.038961,54884.088961
R1422:54883.404423,0.050000,54883.404462,54884.089015,54884.139015
R1423:54883.409358,0.050000,54883.438018,54884.139799,54884.189800
R1424:54883.427949,0.050000,54883.438021,54884.189849,54884.239850
R1425:54883.501008,0.050000,54883.501457,54884.239915,54884.289916
R1426:54883.535564,0.050000,54883.536532,54884.289981,54884.339982
R1427:54883.641106,0.050000,54883.641148,54884.340055,54884.390056
R1428:54883.727635,0.050000,54883.727710,54884.390099,54884.440100
R1429:54883.765761,0.050000,54883.765812,54884.440151,54884.490152
R1430:54883.823639,0.050000,54883.823711,54884.490329,54884.540330
R1431:54883.873048,0.050000,54883.873124,54884.540393,54884.590394
R1432:54883.916335,0.050000,54883.916421,54884.590501,54884.640502
R1433:54883.928608,0.050000,54883.938855,54884.640553,54884.690554
R1434:54884.067277,0.050000,54884.067320,54884.690613,54884.740614
R1435:54884.261117,0.050000,54884.261487,54884.740672,54884.790673
R1436:54884.273027,0.050000,54884.289969,54884.790732,54884.840733
R1437:54884.294950,0.050000,54884.330404,54884.840792,54884.890820
R1438:54884.335646,0.050000,54884.335954,54884.890880,54884.940881
R1439:54884.344205,0.050000,54884.344564,54884.940942,54884.990972
R1440:54884.357277,0.050000,54884.385318,54884.991019,54885.041020
R1441:54884.441055,0.050000,54884.441175,54885.041097,54885.091098
R1442:54884.545805,0.050000,54884.546167,54885.091145,54885.141146
R1443:54884.596204,0.050000,54884.597044,54885.141224,54885.191234
R1444:54884.627905,0.050000,54884.628232,54885.191348,54885.241349
R1445:54884.672558,0.050000,54884.672678,54885.241406,54885.291407
R1446:54884.714338,0.050000,54884.714519,54885.291457,54885.341458
R1447:54884.754590,0.050000,54884.754746,54885.341519,54885.391520
R1448:54885.020538,0.050000,54885.020596,54885.391625,54885.441859
R1449:54885.023973,0.050000,54885.041082,54885.443084,54885.493274
R1450:54885.025706,0.050000,54885.041085,54885.493347,54885.543348
R1451:54885.055835,0.050000,54885.081114,54885.543408,54885.593409
R1452:54885.076522,0.050000,54885.081118,54885.593464,54885.643465
R1453:54885.267007,0.050000,54885.267046,54885.643531,54885.693532
R1454:54885.305638,0.050000,54885.305685,54885.693598,54885.743599
R1455:54885.355804,0.050000,54885.355869,54885.743652,54885.793653
R1456:54885.423448,0.050000,54885.423513,54885.793788,54885.843789
R1457:54885.685575,0.050000,54885.685626,54885.843835,54885.893835
R1458:54885.719525,0.050000,54885.719573,54885.893893,54885.943894
R1459:54885.759073,0.050000,54885.759119,54885.943929,54885.993941
R1460:54885.796324,0.050000,54885.796361,54885.994002,54886.044063
R1461:54885.802562,0.050000,54885.837564,54886.044111,54886.094112
R1462:54885.809662,0.050000,54885.837568,54886.094178,54886.144179
R1463:54885.812322,0.050000,54885.837569,54886.144277,54886.194278
R1464:54885.829991,0.050000,54885.837569,54886.194337,54886.244338
R1465:54885.833724,0.050000,54885.837570,54886.244392,54886.294393
R1466:54885.835071,0.050000,54885.837572,54886.294450,54886.344451
R1467:54885.869641,0.050000,54885.869754,54886.344543,54886.394543
R1468:54885.895908,0.050000,54885.895956,54886.394597,54886.444598
R1469:54885.945461,0.050000,54885.945513,54886.444668,54886.494669
R1470:54885.997113,0.050000,54885.997173,54886.494768,54886.544769
R1471:54886.046108,0.050000,54886.046218,54886.544826,54886.594827
R1472:54886.072297,0.050000,54886.072454,54886.594882,54886.644883
R1473:54886.107929,0.050000,54886.108058,54886.644943,54886.694944
R1474:54886.121034,0.050000,54886.144327,54886.695005,54886.745007
R1475:54886.204279,0.050000,54886.204427,54886.745095,54886.795096
R1476:54886.207380,0.050000,54886.207537,54886.795153,54886.845162
R1477:54886.283285,0.050000,54886.283422,54886.845274,54886.895275
R1478:54886.304303,0.050000,54886.304426,54886.895323,54886.945324
R1479:54886.307230,0.050000,54886.344622,54886.945401,54886.995408
R1480:54886.398086,0.050000,54886.398234,54886.995450,54887.045451
R1481:54886.421447,0.050000,54886.421659,54887.045507,54887.095508
R1482:54886.456022,0.050000,54886.456147,54887.095566,54887.145568
R1483:54886.464294,0.050000,54886.494842,54887.145627,54887.195628
R1484:54886.485439,0.050000,54886.494847,54887.196294,54887.246295
R1485:54886.863601,0.050000,54886.863823,54887.246350,54887.296351
R1486:54886.938127,0.050000,54886.938313,54887.296431,54887.346432
R1487:54886.941158,0.050000,54886.945503,54887.346505,54887.396506
R1488:54887.197721,0.050000,54887.197822,54887.396567,54887.446568
R1489:54887.211590,0.050000,54887.211709,54887.446631,54887.496631
R1490:54887.257290,0.050000,54887.257356,54887.496686,54887.546687
R1491:54887.293292,0.050000,54887.296508,54887.546720,54887.596721
R1492:54887.315158,0.050000,54887.338448,54887.596866,54887.646871
R1493:54887.379155,0.050000,54887.379277,54887.646934,54887.696935
R1494:54887.420263,0.050000,54887.420427,54887.696991,54887.747006
R1495:54887.471752,0.050000,54887.471912,54887.747061,54887.797062
R1496:54887.545562,0.050000,54887.545699,54887.797122,54887.847123
R1497:54887.589039,0.050000,54887.589184,54887.847182,54887.897183
R1498:54887.594889,0.050000,54887.596890,54887.897269,54887.947277
R1499:54887.603108,0.050000,54887.637191,54887.947335,54887.997336
