R0:54207.748799,0.025075,54207.748928,54207.748932,54207.774008
R1:54207.890235,0.080083,54207.890981,54207.890990,54207.974454
R2:54208.007950,0.011004,54208.008695,54208.008705,54208.019710
R3:54208.194828,0.073100,54208.195331,54208.195341,54208.268442
R4:54208.226335,0.040368,54208.236311,54208.268559,54208.308928
R5:54208.251453,0.049560,54208.251928,54208.308983,54208.358581
R6:54208.301866,0.036016,54208.301992,54208.358636,54208.394700
R7:54208.337454,0.123963,54208.337836,54208.394723,54208.518687
R8:54208.571844,0.063168,54208.571952,54208.571964,54208.635133
R9:54208.649828,0.046693,54208.649956,54208.649967,54208.696661
R10:54208.661873,0.013912,54208.661958,54208.696712,54208.710625
R11:54208.663373,0.081527,54208.663478,54208.710680,54208.792237
R12:54208.675086,0.025620,54208.675191,54208.792309,54208.817930
R13:54208.688684,0.005760,54208.689217,54208.817986,54208.823746
R14:54208.700378,0.012311,54208.700492,54208.823798,54208.836110
R15:54209.226379,0.091352,54209.226645,54209.226653,54209.318006
R16:54209.281836,0.017551,54209.282453,54209.318070,54209.335622
R17:54209.354893,0.037147,54209.354974,54209.355490,54209.392638
R18:54209.433106,0.180181,54209.433252,54209.433742,54209.613924
R19:54209.485616,0.073780,54209.485746,54209.613984,54209.687765
R20:54209.512665,0.073465,54209.513118,54209.687811,54209.761334
R21:54209.570504,0.111064,54209.571024,54209.761424,54209.872489
R22:54209.610547,0.021729,54209.610897,54209.872539,54209.894268
R23:54209.636470,0.125682,54209.636705,54209.894291,54210.019974
R24:54209.763572,0.149118,54209.763748,54210.020009,54210.169128
R25:54209.769796,0.004499,54209.769970,54210.169204,54210.173704
R26:54209.828231,0.054417,54209.828372,54210.173728,54210.228146
R27:54209.845421,0.021454,54209.845618,54210.228243,54210.249698
R28:54210.015925,0.001011,54210.016327,54210.249794,54210.250806
R29:54210.021313,0.003259,54210.021889,54210.250832,54210.254091
R30:54210.068809,0.176396,54210.069325,54210.254124,54210.430521
R31:54210.090356,0.095164,54210.090985,54210.430574,54210.525738
R32:54210.270855,0.038800,54210.271135,54210.525790,54210.564591
R33:54210.295829,0.071408,54210.295930,54210.564658,54210.636067
R34:54210.332528,0.055089,54210.332682,54210.636125,54210.691215
R35:54210.388793,0.002004,54210.388928,54210.691270,54210.693310
R36:54210.448834,0.134291,54210.448935,54210.693341,54210.827637
R37:54210.493927,0.063819,54210.494007,54210.827709,54210.891530
R38:54210.700371,0.067073,54210.700564,54210.891589,54210.958663
R39:54210.726766,0.021852,54210.742325,54210.958721,54210.980573
R40:54210.806248,0.009075,54210.806381,54210.980622,54210.989719
R41:54210.896364,0.106045,54210.896674,54210.989747,54211.095792
R42:54210.941861,0.020049,54210.942002,54211.095916,54211.115965
R43:54211.079030,0.111921,54211.079130,54211.116015,54211.227936
R44:54211.099631,0.058025,54211.099772,54211.228002,54211.286147
R45:54211.133725,0.044414,54211.133861,54211.286217,54211.330632
R46:54211.375236,0.097835,54211.375366,54211.375679,54211.473515
R47:54211.457718,0.128831,54211.457884,54211.473573,54211.602405
R48:54211.502559,0.084307,54211.503198,54211.602464,54211.686771
R49:54211.541991,0.120940,54211.543195,54211.686838,54211.807779
R50:54211.630763,0.012156,54211.631382,54211.807837,54211.819994
R51:54211.681547,0.126367,54211.681699,54211.820041,54211.946408
R52:54211.912635,0.106458,54211.912812,54211.946639,54212.053098
R53:54211.925229,0.028278,54211.946672,54212.053174,54212.081452
R54:54212.004563,0.016499,54212.004654,54212.081480,54212.097980
R55:54212.079109,0.018369,54212.079558,54212.098009,54212.116379
R56:54212.197819,0.012816,54212.198097,54212.198132,54212.210949
R57:54212.243556,0.016164,54212.243711,54212.244426,54212.260591
R58:54212.259672,0.026936,54212.260680,54212.260928,54212.287864
R59:54212.322287,0.118652,54212.322440,54212.323384,54212.442037
R60:54212.336726,0.006738,54212.364165,54212.442098,54212.448836
R61:54212.345181,0.071455,54212.364171,54212.448851,54212.520306
R62:54212.397868,0.136671,54212.397950,54212.520352,54212.657034
R63:54212.719785,0.024160,54212.719978,54212.720410,54212.744570
R64:54212.808635,0.022996,54212.808776,54212.809220,54212.832216
R65:54212.915322,0.013215,54212.915471,54212.915846,54212.929062
R66:54212.942243,0.014013,54212.942394,54212.942926,54212.956939
R67:54213.009911,0.065866,54213.009979,54213.010358,54213.076225
R68:54213.022742,0.078866,54213.050115,54213.076267,54213.155134
R69:54213.033132,0.068339,54213.050118,54213.155256,54213.223595
R70:54213.046974,0.149891,54213.050120,54213.223668,54213.373559
R71:54213.052975,0.036862,54213.053033,54213.373643,54213.410505
R72:54213.057208,0.013726,54213.057348,54213.410557,54213.424313
R73:54213.072227,0.065961,54213.072391,54213.424369,54213.490330
R74:54213.195749,0.171180,54213.195861,54213.490384,54213.661565
R75:54213.278635,0.071301,54213.278760,54213.661633,54213.732935
R76:54213.358169,0.007246,54213.358220,54213.732992,54213.740239
R77:54213.366290,0.004073,54213.366347,54213.740333,54213.744407
R78:54213.423489,0.011449,54213.423557,54213.744448,54213.755898
R79:54213.430146,0.085650,54213.430249,54213.755941,54213.841592
R80:54213.478317,0.070444,54213.478411,54213.841655,54213.912099
R81:54213.544144,0.008587,54213.544569,54213.912159,54213.920748
R82:54213.548320,0.011428,54213.585458,54213.920808,54213.932299
R83:54214.467977,0.006703,54214.468108,54214.468122,54214.474827
R84:54214.637830,0.002779,54214.637881,54214.638332,54214.641111
R85:54215.108629,0.003754,54215.108683,54215.109368,54215.113123
R86:54215.266034,0.128242,54215.266074,54215.266744,54215.394987
R87:54215.266410,0.009945,54215.307185,54215.395110,54215.405056
R88:54215.335806,0.024854,54215.335864,54215.405107,54215.429962
R89:54215.349625,0.085655,54215.349676,54215.430024,54215.515681
R90:54215.537732,0.040202,54215.537779,54215.537881,54215.578085
R91:54215.572364,0.030127,54215.572418,54215.578135,54215.608269
R92:54215.639230,0.005248,54215.639276,54215.639548,54215.644796
R93:54215.728872,0.070795,54215.728944,54215.729710,54215.800507
R94:54215.787315,0.242864,54215.787347,54215.800565,54216.043430
R95:54215.815371,0.105029,54215.815407,54216.043490,54216.148519
R96:54215.882076,0.049566,54215.882264,54216.148581,54216.198147
R97:54215.988467,0.068877,54215.988531,54216.198237,54216.267116
R98:54215.991357,0.129765,54215.991405,54216.267176,54216.396942
R99:54216.129258,0.088904,54216.129330,54216.396998,54216.485903
R100:54216.289874,0.068092,54216.290087,54216.485960,54216.554053
R101:54216.589972,0.205511,54216.590243,54216.590289,54216.795801
R102:54216.769885,0.034384,54216.769937,54216.795861,54216.830246
R103:54216.854575,0.088601,54216.854619,54216.854706,54216.943308
R104:54216.868530,0.004006,54216.896269,54216.943379,54216.947390
R105:54217.037669,0.014254,54217.037726,54217.037777,54217.052032
R106:54217.118548,0.013012,54217.118695,54217.119474,54217.132487
R107:54217.195125,0.019053,54217.195182,54217.195577,54217.214631
R108:54217.288024,0.013161,54217.288164,54217.288320,54217.301482
R109:54217.318928,0.050130,54217.318981,54217.319125,54217.369255
R110:54217.325096,0.052653,54217.359258,54217.369314,54217.421968
R111:54217.344664,0.177832,54217.359265,54217.422044,54217.599878
R112:54217.399732,0.039495,54217.399791,54217.599943,54217.639439
R113:54217.425207,0.006011,54217.425265,54217.639469,54217.645481
R114:54217.523184,0.044891,54217.523251,54217.645530,54217.690421
R115:54217.572629,0.029975,54217.572681,54217.690472,54217.720449
R116:54217.794919,0.094090,54217.795008,54217.795109,54217.889199
R117:54217.826661,0.000162,54217.835299,54217.889345,54217.889525
R118:54217.870588,0.045625,54217.870762,54217.889545,54217.935194
R119:54217.903385,0.013322,54217.903454,54217.935253,54217.948575
R120:54218.041418,0.032981,54218.041512,54218.041731,54218.074712
R121:54218.128194,0.018189,54218.128272,54218.128297,54218.146487
R122:54218.178957,0.010079,54218.179025,54218.179565,54218.189644
R123:54218.275010,0.002086,54218.275393,54218.275400,54218.277487
R124:54218.350040,0.059534,54218.350914,54218.350924,54218.410458
R125:54218.391279,0.050756,54218.392204,54218.410509,54218.461266
R126:54218.478028,0.010205,54218.478095,54218.478398,54218.488604
R127:54218.511009,0.049330,54218.511068,54218.511854,54218.561207
R128:54218.583450,0.019903,54218.583511,54218.583731,54218.603635
R129:54218.684540,0.011296,54218.684592,54218.685210,54218.696507
R130:54218.788461,0.057721,54218.788515,54218.789057,54218.846778
R131:54218.983784,0.014871,54218.983867,54218.984610,54218.999494
R132:54219.065475,0.004586,54219.065529,54219.066449,54219.071104
R133:54219.124196,0.104935,54219.124270,54219.124442,54219.229378
R134:54219.147592,0.004921,54219.166556,54219.229525,54219.234447
R135:54219.236782,0.022440,54219.236821,54219.237152,54219.259593
R136:54219.246190,0.044973,54219.246241,54219.259656,54219.304630
R137:54219.312607,0.017039,54219.312658,54219.312740,54219.329780
R138:54219.397323,0.017011,54219.397375,54219.397573,54219.414585
R139:54219.512478,0.010521,54219.512530,54219.513000,54219.523522
R140:54219.543395,0.000179,54219.543456,54219.543919,54219.544099
R141:54219.863433,0.020134,54219.863512,54219.864521,54219.884657
R142:54219.998718,0.028679,54219.998807,54219.998941,54220.027621
R143:54220.014944,0.125622,54220.027686,54220.027698,54220.153321
R144:54220.260044,0.060045,54220.260248,54220.260259,54220.320305
R145:54220.371583,0.057884,54220.371648,54220.371775,54220.429660
R146:54220.381715,0.074422,54220.381776,54220.429723,54220.504145
R147:54220.419158,0.124010,54220.419233,54220.504207,54220.628245
R148:54220.639732,0.011379,54220.639789,54220.639939,54220.651320
R149:54220.792166,0.039708,54220.792272,54220.792419,54220.832128
R150:54220.913859,0.117658,54220.913946,54220.914009,54221.031711
R151:54220.941285,0.103565,54220.956157,54221.031787,54221.135353
R152:54221.126552,0.042925,54221.126600,54221.135500,54221.178425
R153:54221.179793,0.016004,54221.179832,54221.179948,54221.195953
R154:54221.193675,0.033903,54221.196006,54221.196017,54221.229921
R155:54221.347542,0.094505,54221.347604,54221.347936,54221.442442
R156:54221.395632,0.017199,54221.395698,54221.442500,54221.459700
R157:54221.448458,0.057629,54221.448494,54221.459737,54221.517366
R158:54221.463869,0.007486,54221.463956,54221.517423,54221.525686
R159:54221.564281,0.033905,54221.564329,54221.564679,54221.598585
R160:54221.635501,0.064413,54221.635562,54221.635650,54221.700064
R161:54221.775755,0.012549,54221.775963,54221.776311,54221.788860
R162:54221.790958,0.006463,54221.791193,54221.791201,54221.797665
R163:54221.844165,0.022349,54221.844228,54221.844308,54221.866658
R164:54221.855773,0.134335,54221.866700,54221.866712,54222.001048
R165:54221.886046,0.048656,54221.907162,54222.001092,54222.049748
R166:54222.070057,0.085223,54222.070247,54222.070259,54222.155482
R167:54222.209687,0.020396,54222.209950,54222.209960,54222.230358
R168:54222.262552,0.053769,54222.262735,54222.262813,54222.316584
R169:54222.301327,0.014981,54222.304108,54222.316638,54222.331620
R170:54222.373603,0.003766,54222.374080,54222.374092,54222.377858
R171:54222.386354,0.052094,54222.386411,54222.386874,54222.438969
R172:54222.395284,0.017003,54222.427314,54222.439022,54222.456208
R173:54222.430123,0.004779,54222.430140,54222.456229,54222.461008
R174:54222.461152,0.136281,54222.461230,54222.461496,54222.597778
R175:54222.504528,0.015426,54222.504550,54222.597832,54222.613258
R176:54222.572231,0.071728,54222.572263,54222.613299,54222.685028
R177:54222.655683,0.008556,54222.655728,54222.685083,54222.693639
R178:54222.707420,0.049130,54222.707450,54222.707757,54222.756888
R179:54222.872715,0.011650,54222.873438,54222.873462,54222.885112
R180:54222.928960,0.027774,54222.929282,54222.929292,54222.957067
R181:54222.991841,0.025076,54222.991902,54222.991959,54223.017035
R182:54223.128313,0.019727,54223.128370,54223.128660,54223.148388
R183:54223.149998,0.050896,54223.150051,54223.150124,54223.201021
R184:54223.250678,0.020643,54223.250730,54223.251558,54223.272201
R185:54223.573064,0.007313,54223.573156,54223.573736,54223.581063
R186:54223.748526,0.000271,54223.748578,54223.749142,54223.749413
R187:54223.789357,0.074447,54223.789430,54223.790363,54223.864810
R188:54223.907148,0.006090,54223.907265,54223.907874,54223.913964
R189:54223.934184,0.063828,54223.934239,54223.935134,54223.998963
R190:54224.088703,0.029811,54224.088763,54224.088792,54224.118603
R191:54224.092711,0.061535,54224.092763,54224.118664,54224.180207
R192:54224.423798,0.032113,54224.423852,54224.424433,54224.456547
R193:54224.442134,0.004931,54224.456591,54224.456602,54224.461534
R194:54224.596331,0.024136,54224.596379,54224.596867,54224.621003
R195:54224.604525,0.053519,54224.621042,54224.621600,54224.675146
R196:54224.632215,0.007061,54224.661201,54224.675197,54224.682259
R197:54224.759672,0.002745,54224.760449,54224.760484,54224.763230
R198:54224.763881,0.075904,54224.764309,54224.764318,54224.840223
R199:54224.811061,0.029220,54224.811126,54224.840282,54224.869503
R200:54224.901801,0.044536,54224.901910,54224.901974,54224.946511
R201:54224.911691,0.037740,54224.942589,54224.946558,54224.984299
R202:54224.978268,0.022464,54224.978335,54224.984345,54225.006810
R203:54225.047939,0.109787,54225.047991,54225.048101,54225.157889
R204:54225.075996,0.009306,54225.088203,54225.157921,54225.167228
R205:54225.125860,0.037301,54225.125916,54225.167255,54225.204557
R206:54225.198816,0.045341,54225.198840,54225.204603,54225.249946
R207:54225.273309,0.088541,54225.273348,54225.273512,54225.362055
R208:54225.293889,0.005203,54225.315257,54225.362114,54225.367318
R209:54225.299525,0.009295,54225.315262,54225.367332,54225.376628
R210:54225.497546,0.012776,54225.497608,54225.498302,54225.511079
R211:54225.548258,0.017183,54225.548300,54225.548800,54225.565984
R212:54225.683277,0.105301,54225.683346,54225.683886,54225.789188
R213:54225.717433,0.084345,54225.724301,54225.789277,54225.873623
R214:54225.749988,0.001850,54225.750044,54225.873729,54225.875579
R215:54225.832986,0.075312,54225.833051,54225.875627,54225.950940
R216:54225.856017,0.090426,54225.873715,54225.951002,54226.041428
R217:54225.931873,0.012488,54225.931918,54226.041520,54226.054009
R218:54225.960580,0.047394,54225.960610,54226.054031,54226.101427
R219:54225.977848,0.056136,54226.002339,54226.101536,54226.157672
R220:54225.986967,0.063552,54226.002347,54226.157703,54226.221256
R221:54226.104471,0.025640,54226.104514,54226.221305,54226.246946
R222:54226.121987,0.028459,54226.145237,54226.246987,54226.275446
R223:54226.151405,0.024368,54226.151449,54226.275469,54226.299837
R224:54226.172002,0.008405,54226.172106,54226.299864,54226.308270
R225:54226.230949,0.000734,54226.230983,54226.308284,54226.309018
R226:54226.293849,0.024077,54226.293883,54226.309021,54226.333098
R227:54226.331794,0.066858,54226.331849,54226.333119,54226.399978
R228:54226.360684,0.052442,54226.360776,54226.400038,54226.452481
R229:54226.384376,0.126031,54226.384424,54226.452544,54226.578576
R230:54226.447244,0.082980,54226.447291,54226.578610,54226.661591
R231:54226.537135,0.018695,54226.537178,54226.661667,54226.680363
R232:54226.630081,0.000301,54226.630129,54226.680445,54226.680746
R233:54226.710908,0.092866,54226.710960,54226.711024,54226.803892
R234:54226.775553,0.051458,54226.775617,54226.803961,54226.855419
R235:54226.850624,0.025600,54226.850658,54226.855453,54226.881055
R236:54226.906944,0.063446,54226.907032,54226.907136,54226.970583
R237:54226.941744,0.056631,54226.948418,54226.970648,54227.027280
R238:54227.066514,0.001672,54227.066566,54227.066642,54227.068315
R239:54227.079535,0.057874,54227.079587,54227.079703,54227.137578
R240:54227.084691,0.048242,54227.121385,54227.137627,54227.185870
R241:54227.100740,0.041947,54227.121397,54227.185918,54227.227866
R242:54227.193490,0.000286,54227.193532,54227.227995,54227.228282
R243:54227.193697,0.015161,54227.228196,54227.228302,54227.243484
R244:54227.222024,0.097440,54227.228200,54227.243510,54227.340951
R245:54227.304292,0.020878,54227.304329,54227.341040,54227.361945
R246:54227.320258,0.105602,54227.341201,54227.362326,54227.467929
R247:54227.405195,0.018788,54227.405225,54227.467988,54227.486777
R248:54227.486804,0.010306,54227.486830,54227.486892,54227.497199
R249:54227.653313,0.035005,54227.653374,54227.653437,54227.688442
R250:54227.666619,0.056297,54227.666674,54227.689006,54227.745304
R251:54227.802569,0.010605,54227.802986,54227.803034,54227.813640
R252:54227.983346,0.061220,54227.983546,54227.983559,54228.044780
R253:54228.022057,0.039637,54228.024577,54228.044840,54228.084478
R254:54228.178442,0.134770,54228.178515,54228.178891,54228.313661
R255:54228.288251,0.130575,54228.288326,54228.313730,54228.444306
R256:54228.308839,0.135468,54228.308908,54228.444370,54228.579839
R257:54228.371184,0.040212,54228.371246,54228.579909,54228.620121
R258:54228.425473,0.080383,54228.425708,54228.620162,54228.700546
R259:54228.641646,0.045131,54228.641692,54228.700591,54228.745723
R260:54228.771872,0.268009,54228.771936,54228.772031,54229.040231
R261:54228.854691,0.019618,54228.854742,54229.040318,54229.059936
R262:54229.066321,0.044477,54229.066369,54229.067089,54229.111575
R263:54229.226203,0.071215,54229.226325,54229.226538,54229.297755
R264:54229.304514,0.079215,54229.304565,54229.304667,54229.383884
R265:54229.419543,0.046365,54229.419598,54229.420101,54229.466466
R266:54229.443164,0.009133,54229.443296,54229.466500,54229.475634
R267:54229.492303,0.100156,54229.492353,54229.492569,54229.592725
R268:54229.614607,0.054594,54229.614682,54229.614843,54229.669437
R269:54229.774542,0.047335,54229.774613,54229.775286,54229.822622
R270:54229.815648,0.051867,54229.815716,54229.822678,54229.874545
R271:54229.885674,0.008029,54229.885764,54229.885839,54229.893869
R272:54229.945354,0.001676,54229.945469,54229.945655,54229.947332
R273:54230.012177,0.036506,54230.012225,54230.019644,54230.056151
R274:54230.105281,0.036185,54230.105668,54230.105751,54230.141937
R275:54230.242884,0.033649,54230.242944,54230.243686,54230.277335
R276:54230.252248,0.002486,54230.277396,54230.277775,54230.280261
R277:54230.307274,0.024279,54230.307344,54230.307363,54230.331643
R278:54230.436984,0.030085,54230.437049,54230.437615,54230.467701
R279:54230.515204,0.026643,54230.515237,54230.515683,54230.542327
R280:54230.527234,0.026108,54230.542396,54230.542410,54230.568519
R281:54230.549143,0.063221,54230.568581,54230.568595,54230.631817
R282:54230.550540,0.083818,54230.568584,54230.631866,54230.715686
R283:54230.616212,0.029597,54230.616250,54230.715722,54230.745319
R284:54230.683680,0.266592,54230.683710,54230.745379,54231.011973
R285:54230.734067,0.003858,54230.734109,54231.012033,54231.015891
R286:54230.738896,0.045476,54230.745367,54231.015920,54231.061396
R287:54230.817782,0.012409,54230.817841,54231.061454,54231.073864
R288:54230.837344,0.128532,54230.837399,54231.073921,54231.202529
R289:54230.914045,0.031074,54230.914125,54231.202604,54231.233679
R290:54231.017293,0.095052,54231.017355,54231.233735,54231.328787
R291:54231.061863,0.148709,54231.061889,54231.328843,54231.477553
R292:54231.296775,0.072839,54231.296818,54231.477618,54231.550458
R293:54231.473614,0.038474,54231.473670,54231.550535,54231.589009
R294:54231.505290,0.032461,54231.505400,54231.589043,54231.622401
R295:54231.525228,0.031384,54231.546268,54231.622452,54231.653836
R296:54231.755845,0.170984,54231.755891,54231.764431,54231.935416
R297:54231.925861,0.030628,54231.925936,54231.935457,54231.966085
R298:54231.942741,0.072717,54231.942796,54231.966146,54232.038864
R299:54232.059885,0.014892,54232.059943,54232.073384,54232.088277
R300:54232.241024,0.165529,54232.241121,54232.241206,54232.406735
R301:54232.351552,0.025740,54232.351610,54232.406818,54232.432559
R302:54232.382680,0.040422,54232.382717,54232.432595,54232.473018
R303:54232.446075,0.010600,54232.446140,54232.473077,54232.483678
R304:54232.521093,0.022323,54232.521141,54232.521246,54232.543570
R305:54232.571348,0.124159,54232.571412,54232.571584,54232.695744
R306:54232.653149,0.046639,54232.653225,54232.695828,54232.742467
R307:54232.671530,0.005814,54232.671638,54232.742508,54232.748323
R308:54232.826005,0.011095,54232.826217,54232.826245,54232.837340
R309:54232.862108,0.044909,54232.862678,54232.863084,54232.907995
R310:54232.942266,0.045359,54232.943314,54232.943341,54232.988710
R311:54233.032585,0.041148,54233.032817,54233.032828,54233.073978
R312:54233.037402,0.013895,54233.037586,54233.076279,54233.090174
R313:54233.101480,0.021068,54233.102008,54233.102098,54233.123167
R314:54233.103114,0.128649,54233.123217,54233.123242,54233.251892
R315:54233.103909,0.073633,54233.123220,54233.251946,54233.325580
R316:54233.174871,0.135357,54233.175384,54233.325643,54233.461001
R317:54233.343427,0.029709,54233.343602,54233.461047,54233.490778
R318:54233.358742,0.079294,54233.358847,54233.490805,54233.570099
R319:54233.410710,0.168604,54233.410804,54233.570183,54233.738788
R320:54233.490075,0.017328,54233.490245,54233.738864,54233.756193
R321:54233.505880,0.022788,54233.506144,54233.756320,54233.782476
R322:54233.671937,0.068844,54233.672279,54233.782540,54233.856339
R323:54233.849277,0.015941,54233.849424,54233.856385,54233.872327
R324:54233.901664,0.006524,54233.901768,54233.902217,54233.908742
R325:54234.127310,0.048801,54234.127904,54234.128022,54234.176824
R326:54234.281930,0.129207,54234.282062,54234.282076,54234.411284
R327:54234.379638,0.016584,54234.379693,54234.411350,54234.427936
R328:54234.395407,0.011344,54234.395461,54234.427992,54234.439337
R329:54234.409595,0.009694,54234.409647,54234.439392,54234.449087
R330:54234.488581,0.012910,54234.488630,54234.490247,54234.503157
R331:54234.499169,0.000698,54234.503353,54234.503370,54234.504667
R332:54234.725103,0.006391,54234.725579,54234.725591,54234.731982
R333:54234.738691,0.052284,54234.739142,54234.739174,54234.791458
R334:54234.786461,0.005316,54234.786528,54234.791493,54234.796810
R335:54234.976391,0.003658,54234.976934,54234.976944,54234.980603
R336:54235.049773,0.034302,54235.049828,54235.050492,54235.084795
R337:54235.088402,0.017349,54235.088430,54235.088928,54235.106278
R338:54235.132622,0.121743,54235.132698,54235.133297,54235.255042
R339:54235.154292,0.010580,54235.174253,54235.255098,54235.265679
R340:54235.218602,0.028268,54235.218656,54235.265695,54235.293964
R341:54235.221423,0.069996,54235.221457,54235.293989,54235.363986
R342:54235.350966,0.309983,54235.351007,54235.364041,54235.674057
R343:54235.385185,0.037069,54235.385233,54235.674111,54235.711181
R344:54235.388254,0.054205,54235.426287,54235.711265,54235.765470
R345:54235.405856,0.019846,54235.426295,54235.765515,54235.785363
R346:54235.498559,0.052024,54235.498612,54235.785428,54235.837453
R347:54235.668063,0.002574,54235.668121,54235.837509,54235.840090
R348:54235.700425,0.081311,54235.700474,54235.840110,54235.921432
R349:54235.812518,0.057273,54235.812565,54235.921585,54235.978960
R350:54235.904975,0.018767,54235.905034,54235.979061,54235.997828
R351:54236.085521,0.017686,54236.085577,54236.085638,54236.103325
R352:54236.193106,0.010478,54236.193151,54236.193200,54236.203691
R353:54236.320717,0.002746,54236.320799,54236.320920,54236.323666
R354:54236.389704,0.008556,54236.390158,54236.390190,54236.398837
R355:54236.398199,0.007319,54236.399156,54236.399177,54236.406497
R356:54236.419844,0.002990,54236.419913,54236.420104,54236.423094
R357:54236.488436,0.145479,54236.488488,54236.489177,54236.634657
R358:54236.658052,0.129660,54236.658147,54236.658291,54236.787952
R359:54236.662664,0.014851,54236.662699,54236.788029,54236.802881
R360:54236.711586,0.009246,54236.711648,54236.802907,54236.812154
R361:54236.780698,0.032347,54236.780819,54236.812176,54236.844524
R362:54236.849132,0.130230,54236.849174,54236.849353,54236.979583
R363:54236.979808,0.043644,54236.979831,54236.979927,54237.023571
R364:54237.037521,0.012760,54237.037561,54237.037609,54237.050369
R365:54237.138483,0.050199,54237.138562,54237.139280,54237.189481
R366:54237.162245,0.000840,54237.179118,54237.189530,54237.190370
R367:54237.221781,0.021351,54237.222507,54237.222518,54237.243869
R368:54237.428221,0.036973,54237.428296,54237.428427,54237.465401
R369:54237.446305,0.018348,54237.465442,54237.465752,54237.484102
R370:54237.485819,0.051801,54237.485871,54237.486761,54237.538562
R371:54237.573557,0.015669,54237.573614,54237.574711,54237.590380
R372:54237.618803,0.020240,54237.618848,54237.619340,54237.639581
R373:54237.712387,0.071191,54237.712447,54237.712705,54237.783897
R374:54237.731119,0.057533,54237.754236,54237.783952,54237.841486
R375:54237.754299,0.093256,54237.754316,54237.842183,54237.935440
R376:54237.755635,0.045910,54237.755657,54237.935487,54237.981398
R377:54237.903258,0.055125,54237.903301,54237.981440,54238.036566
R378:54237.933575,0.094194,54237.935476,54238.036616,54238.130810
R379:54237.991405,0.014801,54237.991491,54238.130859,54238.145661
R380:54238.013974,0.036117,54238.014026,54238.145718,54238.181836
R381:54238.020092,0.047262,54238.020143,54238.181894,54238.229157
R382:54238.190085,0.086111,54238.190130,54238.229241,54238.315352
R383:54238.248630,0.066732,54238.248664,54238.315391,54238.382123
R384:54238.494463,0.022310,54238.494686,54238.495637,54238.517948
R385:54238.527195,0.001208,54238.527260,54238.527951,54238.529184
R386:54238.530774,0.033399,54238.530802,54238.531121,54238.564521
R387:54238.531266,0.061595,54238.564588,54238.564604,54238.626200
R388:54238.558016,0.035404,54238.564591,54238.626292,54238.661696
R389:54238.690094,0.004074,54238.690150,54238.690500,54238.694575
R390:54238.738703,0.033048,54238.739342,54238.739352,54238.772401
R391:54238.755208,0.002218,54238.772468,54238.772486,54238.774715
R392:54238.952883,0.014042,54238.952995,54238.953503,54238.967547
R393:54238.959789,0.047240,54238.967610,54238.967623,54239.014864
R394:54239.055436,0.162940,54239.055591,54239.055602,54239.218542
R395:54239.063154,0.009082,54239.063247,54239.218610,54239.227693
R396:54239.218746,0.070793,54239.218776,54239.227745,54239.298538
R397:54239.268573,0.000350,54239.268629,54239.298597,54239.298948
R398:54239.384329,0.066678,54239.384413,54239.384448,54239.451127
R399:54239.450965,0.127920,54239.451013,54239.451156,54239.579077
R400:54239.555890,0.077474,54239.555936,54239.579130,54239.656605
R401:54239.563801,0.005350,54239.579145,54239.656682,54239.662032
R402:54239.789013,0.013677,54239.789102,54239.789147,54239.802826
R403:54239.813901,0.004993,54239.813956,54239.814074,54239.819068
R404:54239.941706,0.016232,54239.941866,54239.941877,54239.958110
R405:54240.047487,0.138801,54240.047634,54240.047644,54240.186460
R406:54240.062283,0.005084,54240.088343,54240.186529,54240.191614
R407:54240.172412,0.093305,54240.172500,54240.191649,54240.284954
R408:54240.477927,0.058958,54240.477997,54240.478077,54240.537036
R409:54240.510303,0.028493,54240.518338,54240.537071,54240.565565
R410:54240.557303,0.019577,54240.557352,54240.565633,54240.585211
R411:54240.639195,0.006962,54240.639264,54240.639273,54240.646235
R412:54240.709947,0.023741,54240.710007,54240.710488,54240.734230
R413:54240.716626,0.053922,54240.734482,54240.734784,54240.788707
R414:54240.728106,0.106299,54240.734489,54240.788760,54240.895066
R415:54240.737534,0.011841,54240.776146,54240.895122,54240.906964
R416:54240.804780,0.037633,54240.804831,54240.906979,54240.944613
R417:54240.890180,0.143430,54240.890234,54240.944635,54241.088066
R418:54240.919489,0.006510,54240.919543,54241.088126,54241.094637
R419:54241.033404,0.036174,54241.033491,54241.094687,54241.130861
R420:54241.037877,0.011885,54241.075298,54241.130897,54241.142783
R421:54241.078199,0.008727,54241.078223,54241.142801,54241.151529
R422:54241.125086,0.028437,54241.125212,54241.151545,54241.179982
R423:54241.154368,0.052461,54241.154419,54241.180082,54241.232544
R424:54241.155692,0.030990,54241.155728,54241.232597,54241.263587
R425:54241.166884,0.075763,54241.180067,54241.263609,54241.339374
R426:54241.174183,0.057708,54241.180070,54241.339423,54241.397132
R427:54241.293423,0.100945,54241.293466,54241.397180,54241.498125
R428:54241.479530,0.002417,54241.479617,54241.498256,54241.500673
R429:54241.485181,0.009748,54241.485215,54241.500702,54241.510451
R430:54241.543408,0.005800,54241.543460,54241.543581,54241.549381
R431:54241.745901,0.045341,54241.746426,54241.746473,54241.791814
R432:54241.783819,0.060255,54241.786186,54241.791883,54241.852139
R433:54241.862155,0.026096,54241.862248,54241.862579,54241.888675
R434:54241.922080,0.043099,54241.922138,54241.922322,54241.965423
R435:54242.055206,0.012534,54242.055304,54242.055392,54242.067927
R436:54242.251183,0.023436,54242.251225,54242.251275,54242.274712
R437:54242.371204,0.005129,54242.371909,54242.371920,54242.377050
R438:54242.408339,0.024496,54242.408908,54242.409137,54242.433634
R439:54242.535427,0.136042,54242.535515,54242.535924,54242.671967
R440:54242.641362,0.089030,54242.641534,54242.672022,54242.761052
R441:54242.787102,0.050421,54242.787615,54242.788236,54242.838658
R442:54242.883616,0.048996,54242.883725,54242.884184,54242.933205
R443:54242.939540,0.043234,54242.939801,54242.940389,54242.983624
R444:54242.993390,0.001496,54242.993558,54242.993854,54242.995350
R445:54243.079304,0.045778,54243.079403,54243.079931,54243.125710
R446:54243.187970,0.007771,54243.188072,54243.188530,54243.196337
R447:54243.199587,0.075121,54243.199686,54243.200096,54243.275218
R448:54243.216467,0.066460,54243.241337,54243.275333,54243.341794
R449:54243.359706,0.054937,54243.359823,54243.360140,54243.415077
R450:54243.375567,0.005579,54243.401474,54243.415158,54243.420738
R451:54243.404618,0.005392,54243.404745,54243.420937,54243.426330
R452:54243.573508,0.015757,54243.573683,54243.573693,54243.589452
R453:54243.623883,0.016965,54243.624019,54243.624360,54243.641679
R454:54243.641131,0.146874,54243.641890,54243.642167,54243.789042
R455:54243.723671,0.035354,54243.723752,54243.789168,54243.824522
R456:54243.743346,0.137717,54243.743455,54243.824551,54243.962269
R457:54243.859608,0.017450,54243.859916,54243.962331,54243.979781
R458:54243.871878,0.051714,54243.872296,54243.979809,54244.031524
R459:54243.935631,0.013254,54243.936352,54244.031617,54244.044871
R460:54244.095186,0.049626,54244.095441,54244.095989,54244.145616
R461:54244.181587,0.083831,54244.182368,54244.182417,54244.266253
R462:54244.319172,0.001443,54244.320511,54244.320523,54244.321967
R463:54244.433527,0.048062,54244.434388,54244.434417,54244.482483
R464:54244.502274,0.074457,54244.502811,54244.502822,54244.577279
R465:54244.613368,0.003993,54244.614195,54244.614203,54244.618197
R466:54244.639281,0.009481,54244.639874,54244.639955,54244.649437
R467:54244.802497,0.022298,54244.802639,54244.802657,54244.824955
R468:54244.817771,0.023798,54244.825019,54244.825031,54244.848830
R469:54244.862880,0.005306,54244.863643,54244.863651,54244.868958
R470:54244.943338,0.101796,54244.943841,54244.943852,54245.045649
R471:54244.973791,0.005500,54244.984183,54245.045688,54245.051200
R472:54245.046633,0.069259,54245.046795,54245.051218,54245.120477
R473:54245.173267,0.022848,54245.173945,54245.174106,54245.196955
R474:54245.212570,0.015886,54245.213183,54245.213266,54245.229152
R475:54245.251295,0.003534,54245.252179,54245.252260,54245.255795
R476:54245.321930,0.028299,54245.322413,54245.322656,54245.350956
R477:54245.500399,0.056173,54245.500458,54245.500946,54245.557151
R478:54245.664441,0.031899,54245.664496,54245.664936,54245.696836
R479:54245.712056,0.012707,54245.712107,54245.712637,54245.725344
R480:54245.738801,0.042986,54245.738839,54245.739288,54245.782275
R481:54245.760637,0.006738,54245.779325,54245.782311,54245.789053
R482:54245.788307,0.032711,54245.788361,54245.789082,54245.821794
R483:54245.894885,0.010690,54245.894925,54245.895367,54245.906057
R484:54245.946216,0.007158,54245.946369,54245.946694,54245.953853
R485:54246.096949,0.010202,54246.096999,54246.097432,54246.107635
R486:54246.123769,0.115517,54246.123853,54246.124930,54246.240447
R487:54246.124099,0.082674,54246.164254,54246.240489,54246.323175
R488:54246.150374,0.058162,54246.164261,54246.323233,54246.381396
R489:54246.231305,0.002288,54246.231362,54246.381476,54246.383765
R490:54246.246271,0.074596,54246.246322,54246.383879,54246.458475
R491:54246.493479,0.098759,54246.493544,54246.493678,54246.592439
R492:54246.502900,0.257460,54246.502949,54246.592498,54246.849958
R493:54246.521000,0.055117,54246.521051,54246.850002,54246.905120
R494:54246.580375,0.088172,54246.580411,54246.905185,54246.993358
R495:54246.628838,0.062223,54246.628876,54246.993416,54247.055641
R496:54246.800539,0.010752,54246.800592,54247.055696,54247.066449
R497:54246.840675,0.008404,54246.840730,54247.066504,54247.074909
R498:54246.980809,0.019567,54246.980860,54247.074958,54247.094526
R499:54247.067018,0.038019,54247.067044,54247.095065,54247.133085
R500:54247.099937,0.051134,54247.099969,54247.133110,54247.184244
R501:54247.147019,0.030816,54247.147043,54247.184306,54247.215122
R502:54247.244246,0.000293,54247.244280,54247.244587,54247.244880
R503:54247.304261,0.010637,54247.304300,54247.304806,54247.315443
R504:54247.328422,0.029358,54247.328458,54247.329019,54247.358378
R505:54247.419481,0.052934,54247.419731,54247.419988,54247.472922
R506:54247.440404,0.021487,54247.460188,54247.472967,54247.494455
R507:54247.459508,0.027792,54247.460205,54247.494511,54247.522304
R508:54247.515143,0.002589,54247.515954,54247.522348,54247.524938
R509:54247.547651,0.082867,54247.548072,54247.548083,54247.630951
R510:54247.555330,0.215788,54247.555376,54247.631012,54247.846801
R511:54247.717900,0.016723,54247.717952,54247.846849,54247.863574
R512:54247.774780,0.022256,54247.774836,54247.863617,54247.885873
R513:54247.790274,0.096134,54247.790317,54247.885919,54247.982054
R514:54247.834932,0.077133,54247.834984,54247.982096,54248.059230
R515:54247.923565,0.007561,54247.923606,54248.059319,54248.066880
R516:54247.961332,0.005457,54247.965180,54248.066891,54248.072348
R517:54248.004241,0.171625,54248.004273,54248.072368,54248.243995
R518:54248.075175,0.101662,54248.075283,54248.244055,54248.345718
R519:54248.084535,0.081127,54248.084572,54248.345776,54248.426904
R520:54248.098452,0.025183,54248.125266,54248.426975,54248.452171
R521:54248.127559,0.038001,54248.127575,54248.452217,54248.490219
R522:54248.174696,0.175398,54248.174790,54248.490256,54248.665655
R523:54248.280600,0.004635,54248.280647,54248.665685,54248.670320
R524:54248.526097,0.002727,54248.526142,54248.670336,54248.673063
R525:54248.527996,0.114890,54248.528039,54248.673069,54248.787960
R526:54248.703909,0.027163,54248.703944,54248.788009,54248.815173
R527:54248.707306,0.012414,54248.707323,54248.815202,54248.827616
R528:54248.723221,0.048748,54248.749114,54248.827638,54248.876387
R529:54248.839558,0.030947,54248.839671,54248.876458,54248.907406
R530:54248.845989,0.030803,54248.876445,54248.907459,54248.938263
R531:54248.887004,0.090252,54248.907449,54248.938296,54249.028549
R532:54248.958370,0.011297,54248.958416,54249.028596,54249.039893
R533:54249.022476,0.055823,54249.022585,54249.039913,54249.095737
R534:54249.147765,0.164239,54249.147815,54249.147935,54249.312175
R535:54249.153629,0.024267,54249.189286,54249.312224,54249.336492
R536:54249.203288,0.133577,54249.203319,54249.336562,54249.470139
R537:54249.237718,0.005449,54249.237765,54249.470221,54249.475670
R538:54249.429839,0.104214,54249.429957,54249.475723,54249.579939
R539:54249.608771,0.127172,54249.609026,54249.609110,54249.736283
R540:54249.625423,0.004697,54249.650237,54249.736332,54249.741048
R541:54249.828640,0.172722,54249.828841,54249.828852,54250.001575
R542:54249.961095,0.000237,54249.961156,54250.001638,54250.001875
R543:54250.015902,0.016927,54250.015960,54250.016064,54250.033017
R544:54250.032102,0.015183,54250.032157,54250.033096,54250.048280
R545:54250.108176,0.001859,54250.108237,54250.108290,54250.110221
R546:54250.214553,0.021578,54250.214601,54250.214648,54250.236227
R547:54250.313132,0.016784,54250.313168,54250.313558,54250.330343
R548:54250.471403,0.056236,54250.471448,54250.471893,54250.528130
R549:54250.533473,0.048916,54250.533537,54250.534351,54250.585942
R550:54250.776929,0.028359,54250.776983,54250.777484,54250.805844
R551:54250.855170,0.276595,54250.855203,54250.855796,54251.132392
R552:54250.855912,0.129794,54250.897265,54251.132438,54251.262233
R553:54250.890750,0.015369,54250.897269,54251.262283,54251.277652
R554:54250.898841,0.017199,54250.898858,54251.277674,54251.294884
R555:54251.023123,0.065411,54251.023163,54251.294949,54251.360361
R556:54251.039435,0.000349,54251.039483,54251.360441,54251.360820
R557:54251.077258,0.110142,54251.077308,54251.360834,54251.470976
R558:54251.170490,0.108729,54251.170541,54251.471038,54251.579768
R559:54251.171868,0.050971,54251.214839,54251.579828,54251.630800
R560:54251.187616,0.129766,54251.214842,54251.630847,54251.760620
R561:54251.202768,0.102031,54251.214844,54251.761196,54251.863228
R562:54251.289618,0.039673,54251.289665,54251.863270,54251.902943
R563:54251.314706,0.088194,54251.314740,54251.902996,54251.991204
R564:54251.327935,0.005991,54251.327982,54251.991260,54251.997251
R565:54251.347531,0.098587,54251.360429,54251.997279,54252.095866
R566:54251.394079,0.030925,54251.394118,54252.095898,54252.126824
R567:54251.455315,0.120127,54251.455424,54252.126853,54252.246981
R568:54251.605400,0.156304,54251.605438,54252.247016,54252.403321
R569:54251.643315,0.010394,54251.643425,54252.403452,54252.413847
R570:54251.658393,0.022327,54251.688385,54252.413864,54252.436193
R571:54251.680608,0.049427,54251.688396,54252.436218,54252.485645
R572:54251.872876,0.047789,54251.873008,54252.485694,54252.533484
R573:54251.908817,0.023805,54251.908888,54252.533551,54252.557357
R574:54251.965357,0.059223,54251.965393,54252.557404,54252.616628
R575:54252.019224,0.052500,54252.019264,54252.616700,54252.669202
R576:54252.020789,0.059158,54252.020806,54252.669336,54252.728495
R577:54252.095426,0.112858,54252.095581,54252.728553,54252.841413
R578:54252.152313,0.056246,54252.152358,54252.841459,54252.897705
R579:54252.173812,0.031218,54252.194297,54252.897733,54252.928951
R580:54252.273023,0.009719,54252.273069,54252.928987,54252.938707
R581:54252.392696,0.020324,54252.392746,54252.938734,54252.959059
R582:54252.423232,0.010045,54252.423280,54252.959142,54252.969188
R583:54252.501688,0.001244,54252.501731,54252.969257,54252.970502
R584:54252.523332,0.027035,54252.533539,54252.970554,54252.997590
R585:54252.534827,0.024330,54252.557392,54252.997648,54253.021978
R586:54252.553378,0.006944,54252.557395,54253.022034,54253.028979
R587:54252.669359,0.007830,54252.669410,54253.029063,54253.036893
R588:54252.670562,0.037810,54252.670585,54253.036912,54253.074722
R589:54252.775958,0.014184,54252.776000,54253.074751,54253.088935
R590:54252.833576,0.039016,54252.833607,54253.088954,54253.127971
R591:54252.853637,0.092931,54252.853772,54253.128024,54253.220956
R592:54253.029022,0.026993,54253.029080,54253.221016,54253.248011
R593:54253.049933,0.032394,54253.049988,54253.248037,54253.280432
R594:54253.153775,0.031129,54253.153856,54253.280490,54253.311620
R595:54253.161616,0.106316,54253.194349,54253.311681,54253.417999
R596:54253.379944,0.015491,54253.379990,54253.418054,54253.433545
R597:54253.458758,0.016287,54253.458797,54253.458869,54253.475157
R598:54253.477470,0.030649,54253.477498,54253.477590,54253.508241
R599:54253.523408,0.044159,54253.523442,54253.523506,54253.567666
R600:54253.551447,0.036165,54253.564098,54253.567690,54253.603855
R601:54253.712063,0.053031,54253.712177,54253.712205,54253.765237
R602:54253.986730,0.209917,54253.986783,54253.986951,54254.196869
R603:54254.066460,0.024687,54254.066513,54254.196942,54254.221631
R604:54254.190008,0.019464,54254.190085,54254.221678,54254.241143
R605:54254.246051,0.067387,54254.246100,54254.246400,54254.313788
R606:54254.324282,0.038148,54254.324326,54254.324663,54254.362811
R607:54254.477989,0.005247,54254.478020,54254.478409,54254.483657
R608:54254.545601,0.019560,54254.545639,54254.546076,54254.565637
R609:54254.777595,0.002217,54254.777649,54254.778657,54254.780875
R610:54254.843852,0.036462,54254.843966,54254.844853,54254.881362
R611:54254.963110,0.027869,54254.963182,54254.963909,54254.992180
R612:54255.161680,0.007474,54255.161806,54255.162168,54255.169643
R613:54255.279837,0.013235,54255.279885,54255.280355,54255.293591
R614:54255.373978,0.000396,54255.374039,54255.374708,54255.375104
R615:54255.444039,0.032032,54255.444097,54255.444623,54255.476656
R616:54255.575749,0.078252,54255.575796,54255.576258,54255.654511
R617:54255.632759,0.009151,54255.632806,54255.654542,54255.663693
R618:54255.643293,0.129855,54255.643338,54255.663729,54255.793642
R619:54255.758703,0.017225,54255.758742,54255.793696,54255.810922
R620:54255.821661,0.010757,54255.822342,54255.822384,54255.833142
R621:54255.844655,0.005948,54255.844699,54255.845137,54255.851091
R622:54255.847436,0.047842,54255.851139,54255.851152,54255.898995
R623:54255.947482,0.056685,54255.948031,54255.948077,54256.004764
R624:54255.966099,0.077621,54255.966152,54256.004822,54256.082444
R625:54256.182240,0.064886,54256.182291,54256.183179,54256.248065
R626:54256.280702,0.051873,54256.280761,54256.281042,54256.333422
R627:54256.308971,0.004723,54256.309116,54256.333482,54256.338212
R628:54256.322222,0.098107,54256.322319,54256.338228,54256.436335
R629:54256.440563,0.024031,54256.440626,54256.440984,54256.465016
R630:54256.470697,0.007646,54256.470732,54256.470919,54256.478565
R631:54256.626163,0.024719,54256.626196,54256.626622,54256.651342
R632:54256.774646,0.199373,54256.774699,54256.775119,54256.974493
R633:54256.982563,0.061656,54256.982617,54256.982924,54257.044580
R634:54257.045401,0.006063,54257.045432,54257.045639,54257.051745
R635:54257.228222,0.008417,54257.228274,54257.228630,54257.237052
R636:54257.228323,0.001608,54257.237085,54257.237097,54257.238706
R637:54257.256675,0.001783,54257.256736,54257.257471,54257.259255
R638:54257.280706,0.032588,54257.280761,54257.281060,54257.313648
R639:54257.361045,0.044239,54257.361078,54257.361571,54257.405927
R640:54257.457215,0.028523,54257.457271,54257.457617,54257.486165
R641:54257.481244,0.042563,54257.481297,54257.486208,54257.528772
R642:54257.510816,0.031573,54257.510864,54257.528856,54257.560430
R643:54257.517813,0.100077,54257.528842,54257.560487,54257.660564
R644:54257.602140,0.213244,54257.602176,54257.660615,54257.873859
R645:54257.633182,0.010842,54257.644226,54257.873919,54257.884762
R646:54257.655413,0.005330,54257.655555,54257.884796,54257.890127
R647:54257.666624,0.003118,54257.666681,54257.890155,54257.893274
R648:54257.734678,0.007674,54257.734797,54257.893296,54257.900979
R649:54257.741772,0.228016,54257.741899,54257.900995,54258.129012
R650:54257.863278,0.073293,54257.863413,54258.129077,54258.202379
R651:54257.886276,0.041535,54257.886391,54258.202714,54258.244258
R652:54257.898469,0.026513,54257.898597,54258.244453,54258.270967
R653:54258.023495,0.029740,54258.023541,54258.271053,54258.300793
R654:54258.094462,0.018734,54258.094574,54258.300850,54258.320706
R655:54258.264839,0.008572,54258.264880,54258.320751,54258.329324
R656:54258.267894,0.021506,54258.271038,54258.329350,54258.350857
R657:54258.374018,0.087901,54258.374174,54258.374470,54258.462372
R658:54258.475286,0.025038,54258.475393,54258.475860,54258.500899
R659:54258.606434,0.007855,54258.606483,54258.606830,54258.614685
R660:54258.697247,0.139814,54258.697288,54258.699912,54258.839727
R661:54258.734115,0.035425,54258.738184,54258.839767,54258.875193
R662:54258.766197,0.129726,54258.766233,54258.875288,54259.005015
R663:54258.769433,0.006543,54258.769466,54259.005069,54259.011612
R664:54258.834331,0.020560,54258.834398,54259.011643,54259.032213
R665:54258.840268,0.019585,54258.840290,54259.032238,54259.051824
R666:54258.849864,0.014831,54258.875267,54259.051855,54259.066687
R667:54258.861819,0.118783,54258.875270,54259.066709,54259.185493
R668:54259.030789,0.033436,54259.030894,54259.185553,54259.218990
R669:54259.115995,0.040895,54259.116048,54259.219051,54259.259947
R670:54259.150051,0.024788,54259.156402,54259.260010,54259.284799
R671:54259.274167,0.039633,54259.274572,54259.284850,54259.324484
R672:54259.371682,0.029609,54259.371805,54259.371906,54259.401515
R673:54259.475683,0.040845,54259.475727,54259.475784,54259.516629
R674:54259.512143,0.003492,54259.516101,54259.516657,54259.520150
R675:54259.653641,0.012467,54259.653681,54259.654094,54259.666562
R676:54259.747278,0.002244,54259.747329,54259.747796,54259.750040
R677:54259.747849,0.002381,54259.750386,54259.750399,54259.752781
R678:54259.848171,0.017575,54259.848226,54259.849040,54259.866616
R679:54260.116026,0.001876,54260.116084,54260.116651,54260.118527
R680:54260.130542,0.016521,54260.130664,54260.131398,54260.147920
R681:54260.207939,0.067314,54260.207973,54260.208351,54260.275666
R682:54260.242478,0.014335,54260.248163,54260.275719,54260.290055
R683:54260.301957,0.011551,54260.302010,54260.302489,54260.314040
R684:54260.382143,0.000111,54260.382217,54260.382297,54260.382408
R685:54260.485028,0.038505,54260.485112,54260.485185,54260.523690
R686:54260.596555,0.032805,54260.596597,54260.597548,54260.630354
R687:54260.635073,0.007167,54260.635110,54260.635885,54260.643115
R688:54260.641968,0.030751,54260.643148,54260.643158,54260.673909
R689:54260.844502,0.073225,54260.844667,54260.844729,54260.917955
R690:54260.935191,0.025152,54260.935247,54260.936105,54260.961273
R691:54260.992877,0.038098,54260.992940,54260.993466,54261.031565
R692:54261.343405,0.063253,54261.343463,54261.344113,54261.407367
R693:54261.388052,0.026248,54261.388092,54261.407427,54261.433675
R694:54261.454844,0.069104,54261.454903,54261.455726,54261.524830
R695:54261.456086,0.052160,54261.495209,54261.524895,54261.577056
R696:54261.501472,0.082033,54261.501497,54261.577140,54261.659193
R697:54261.504067,0.042010,54261.504098,54261.659246,54261.701256
R698:54261.542082,0.001745,54261.542118,54261.701284,54261.703030
R699:54261.546738,0.078586,54261.577124,54261.703044,54261.781630
R700:54261.661643,0.038781,54261.661691,54261.781697,54261.820479
R701:54261.664716,0.028072,54261.664745,54261.820503,54261.848576
R702:54261.695634,0.026699,54261.695683,54261.848630,54261.875330
R703:54261.697481,0.148511,54261.697501,54261.875364,54262.023876
R704:54261.761267,0.014712,54261.761323,54262.023929,54262.038671
R705:54261.920203,0.025535,54261.920242,54262.038698,54262.064279
R706:54262.017549,0.061378,54262.017684,54262.064301,54262.125680
R707:54262.098592,0.004684,54262.098645,54262.125742,54262.130427
R708:54262.306871,0.035969,54262.307100,54262.307112,54262.343082
R709:54262.349553,0.028895,54262.349710,54262.349720,54262.378616
R710:54262.402678,0.143307,54262.402737,54262.402890,54262.546197
R711:54262.426163,0.017280,54262.443208,54262.546228,54262.563509
R712:54262.433193,0.032129,54262.443216,54262.563528,54262.595657
R713:54262.539762,0.081646,54262.539798,54262.595736,54262.677383
R714:54262.691435,0.050427,54262.691464,54262.691635,54262.742063
R715:54262.746150,0.039360,54262.746180,54262.746301,54262.785663
R716:54262.816133,0.130383,54262.816165,54262.816231,54262.946616
R717:54262.831014,0.010879,54262.857090,54262.946673,54262.957553
R718:54263.113448,0.038573,54263.113585,54263.113596,54263.152170
R719:54263.145550,0.011984,54263.145608,54263.152211,54263.164195
R720:54263.157634,0.098938,54263.157657,54263.164226,54263.263165
R721:54263.278713,0.029241,54263.278762,54263.278865,54263.308106
R722:54263.351895,0.039507,54263.352047,54263.352060,54263.391588
R723:54263.416703,0.252011,54263.416877,54263.416888,54263.668901
R724:54263.475298,0.001526,54263.475393,54263.668947,54263.670474
R725:54263.480169,0.019360,54263.480254,54263.670483,54263.689844
R726:54263.524486,0.036599,54263.524562,54263.689865,54263.726465
R727:54263.802889,0.064074,54263.803108,54263.803119,54263.867194
R728:54263.876199,0.032108,54263.876365,54263.876375,54263.908484
R729:54264.259218,0.034806,54264.259365,54264.259796,54264.294603
R730:54264.317021,0.006618,54264.317054,54264.317501,54264.324120
R731:54264.325985,0.016698,54264.326011,54264.326298,54264.343350
R732:54264.329687,0.001054,54264.343421,54264.343459,54264.344514
R733:54264.333714,0.024739,54264.343428,54264.344581,54264.369320
R734:54264.383998,0.048869,54264.384056,54264.384732,54264.433602
R735:54264.447137,0.021623,54264.447175,54264.447280,54264.468904
R736:54264.518410,0.012196,54264.518454,54264.518510,54264.530707
R737:54264.569694,0.002787,54264.569742,54264.569774,54264.572561
R738:54264.691289,0.019733,54264.691333,54264.691381,54264.711115
R739:54264.802056,0.086254,54264.802096,54264.802914,54264.889169
R740:54264.805911,0.032715,54264.843147,54264.889222,54264.922024
R741:54264.839845,0.019972,54264.843151,54264.922073,54264.942046
R742:54264.851786,0.070559,54264.851831,54264.942088,54265.012647
R743:54265.404492,0.243663,54265.404570,54265.404922,54265.648585
R744:54265.408696,0.043221,54265.445093,54265.648657,54265.691879
R745:54265.428857,0.020705,54265.445097,54265.691928,54265.712634
R746:54265.481294,0.038848,54265.481343,54265.712654,54265.751502
R747:54265.574705,0.069905,54265.574754,54265.752190,54265.822160
R748:54265.650193,0.005404,54265.650230,54265.822209,54265.827888
R749:54265.714064,0.006368,54265.714135,54265.827931,54265.834299
R750:54265.726447,0.068646,54265.726604,54265.834321,54265.902968
R751:54265.827297,0.011888,54265.827340,54265.903026,54265.914915
R752:54265.877436,0.015364,54265.877517,54265.914932,54265.930297
R753:54266.132141,0.064690,54266.132186,54266.132317,54266.197007
R754:54266.156049,0.018812,54266.173276,54266.197075,54266.215888
R755:54266.224820,0.146696,54266.224863,54266.225196,54266.371892
R756:54266.285959,0.058640,54266.286004,54266.371934,54266.430575
R757:54266.407523,0.078751,54266.407570,54266.430677,54266.509428
R758:54266.432531,0.019860,54266.432586,54266.509478,54266.529358
R759:54266.478205,0.056448,54266.478266,54266.529388,54266.585836
R760:54266.596871,0.016368,54266.596951,54266.597036,54266.613405
R761:54266.779446,0.046975,54266.779528,54266.779679,54266.826655
R762:54266.780852,0.050901,54266.820203,54266.826709,54266.877611
R763:54266.912547,0.023937,54266.912591,54266.912617,54266.936555
R764:54266.947240,0.035194,54266.947271,54266.947662,54266.982857
R765:54267.051256,0.031487,54267.051286,54267.051874,54267.083362
R766:54267.104671,0.176496,54267.104721,54267.105195,54267.281692
R767:54267.127138,0.012108,54267.145272,54267.281777,54267.305342
R768:54267.215063,0.144746,54267.215183,54267.305375,54267.450122
R769:54267.236094,0.087405,54267.236150,54267.450176,54267.537582
R770:54267.453786,0.033515,54267.453833,54267.537632,54267.571148
R771:54267.476875,0.002671,54267.476930,54267.571166,54267.573904
R772:54267.591086,0.002503,54267.591141,54267.591260,54267.593763
R773:54267.606749,0.049121,54267.606802,54267.607002,54267.656123
R774:54267.750354,0.049760,54267.750402,54267.750476,54267.800237
R775:54267.786904,0.016644,54267.786988,54267.800286,54267.816930
R776:54267.815831,0.019131,54267.815869,54267.816963,54267.836103
R777:54268.001610,0.065264,54268.001665,54268.001828,54268.067094
R778:54268.173367,0.014680,54268.173462,54268.173573,54268.188294
R779:54268.414951,0.059824,54268.415062,54268.415517,54268.475342
R780:54268.424064,0.046998,54268.455250,54268.475393,54268.522402
R781:54268.533858,0.000591,54268.533902,54268.534007,54268.534626
R782:54268.547896,0.092861,54268.547956,54268.548060,54268.640921
R783:54268.614809,0.084449,54268.614874,54268.640976,54268.725426
R784:54268.634972,0.009175,54268.635136,54268.725476,54268.734651
R785:54268.754961,0.002399,54268.755084,54268.755199,54268.757598
R786:54268.834181,0.026713,54268.834235,54268.835570,54268.862283
R787:54268.916465,0.090106,54268.916530,54268.916601,54269.006988
R788:54268.924650,0.143998,54268.967461,54269.007051,54269.151077
R789:54268.986483,0.091427,54268.986556,54269.151130,54269.242557
R790:54269.034743,0.071958,54269.034793,54269.242618,54269.314576
R791:54269.100824,0.033057,54269.100897,54269.314734,54269.347793
R792:54269.111555,0.000746,54269.111618,54269.347824,54269.348571
R793:54269.118809,0.001906,54269.118945,54269.348594,54269.350500
R794:54269.137572,0.019429,54269.137618,54269.350515,54269.371416
R795:54269.162027,0.001472,54269.162075,54269.371499,54269.373652
R796:54269.265097,0.115211,54269.265228,54269.373689,54269.488901
R797:54269.471559,0.035809,54269.471642,54269.488941,54269.524751
R798:54269.475263,0.015569,54269.475392,54269.524804,54269.540374
R799:54269.580824,0.038033,54269.580852,54269.580984,54269.619019
R800:54269.611438,0.171895,54269.619079,54269.619092,54269.790988
R801:54269.655539,0.004788,54269.660114,54269.791045,54269.795834
R802:54269.734131,0.056715,54269.734190,54269.795857,54269.852572
R803:54269.772949,0.093050,54269.773019,54269.852624,54269.945675
R804:54269.973803,0.024470,54269.973858,54269.973917,54269.998388
R805:54270.048870,0.010934,54270.049114,54270.049171,54270.060106
R806:54270.137621,0.082078,54270.137671,54270.138014,54270.220092
R807:54270.150276,0.013112,54270.185431,54270.220149,54270.233363
R808:54270.238036,0.111660,54270.238087,54270.240222,54270.351883
R809:54270.370618,0.004736,54270.370670,54270.373500,54270.378237
R810:54270.394816,0.000162,54270.394866,54270.395336,54270.395498
R811:54270.413539,0.007899,54270.413636,54270.414288,54270.422187
R812:54270.424678,0.008726,54270.424851,54270.426746,54270.435473
R813:54270.615193,0.052128,54270.615249,54270.619767,54270.671896
R814:54270.697763,0.207392,54270.697849,54270.699008,54270.906430
R815:54270.743230,0.099359,54270.743320,54270.906462,54271.005823
R816:54270.758741,0.071271,54270.758839,54271.005911,54271.077183
R817:54270.993498,0.020311,54270.993582,54271.077277,54271.097589
R818:54271.231656,0.106262,54271.231783,54271.231868,54271.338131
R819:54271.276191,0.003102,54271.276313,54271.338194,54271.349606
R820:54271.291490,0.099078,54271.291540,54271.349654,54271.448733
R821:54271.315843,0.027020,54271.315914,54271.448794,54271.475815
R822:54271.339864,0.138036,54271.339957,54271.475887,54271.613924
R823:54271.434998,0.033628,54271.435042,54271.613995,54271.647624
R824:54271.515594,0.123996,54271.515624,54271.647801,54271.771798
R825:54271.651933,0.002269,54271.651981,54271.771848,54271.774117
R826:54271.720032,0.060089,54271.720117,54271.774145,54271.834235
R827:54271.914230,0.086545,54271.914300,54271.914731,54272.001277
R828:54271.930672,0.094201,54271.930709,54272.001325,54272.095528
R829:54272.081950,0.016926,54272.082008,54272.095585,54272.112512
R830:54272.131146,0.052551,54272.131189,54272.133978,54272.186530
R831:54272.268603,0.076692,54272.268661,54272.268740,54272.345433
R832:54272.281232,0.005509,54272.281277,54272.345485,54272.350995
R833:54272.321934,0.094178,54272.321991,54272.351083,54272.445288
R834:54272.331742,0.017580,54272.331825,54272.445347,54272.462927
R835:54272.654582,0.014553,54272.654626,54272.654676,54272.669230
R836:54272.838401,0.008998,54272.838665,54272.838681,54272.847680
R837:54272.851843,0.087739,54272.851969,54272.851979,54272.939719
R838:54272.937260,0.019150,54272.937318,54272.939753,54272.958904
R839:54272.945599,0.133693,54272.945633,54272.958963,54273.092656
R840:54272.974996,0.113466,54272.975053,54273.092705,54273.206172
R841:54272.995662,0.008357,54273.021585,54273.206290,54273.214648
R842:54273.283575,0.009069,54273.283663,54273.284022,54273.293091
R843:54273.353442,0.030389,54273.353489,54273.353559,54273.383948
R844:54273.643176,0.029631,54273.643244,54273.643845,54273.673477
R845:54273.644365,0.093582,54273.673540,54273.673553,54273.767136
R846:54273.748843,0.111616,54273.748900,54273.767184,54273.878802
R847:54273.756833,0.035419,54273.756883,54273.878861,54273.914280
R848:54273.833521,0.069026,54273.833617,54273.914323,54273.983349
R849:54274.281948,0.200813,54274.282078,54274.282092,54274.482906
R850:54274.315878,0.015300,54274.315936,54274.482990,54274.498291
R851:54274.319554,0.011381,54274.319592,54274.498335,54274.510746
R852:54274.340247,0.117452,54274.340302,54274.510793,54274.628246
R853:54274.383415,0.037725,54274.383482,54274.628391,54274.666117
R854:54274.385990,0.021331,54274.386094,54274.666165,54274.687497
R855:54274.405579,0.030548,54274.405633,54274.687576,54274.718125
R856:54274.453500,0.028648,54274.453542,54274.718195,54274.746843
R857:54274.475267,0.091588,54274.475307,54274.746869,54274.838457
R858:54274.548050,0.044323,54274.548098,54274.838491,54274.882815
R859:54274.619025,0.047847,54274.619093,54274.882883,54274.930731
R860:54274.646704,0.001934,54274.646742,54274.930784,54274.932718
R861:54274.650786,0.007110,54274.666155,54274.932742,54274.939852
R862:54274.702798,0.004852,54274.703320,54274.939858,54274.944711
R863:54274.909897,0.131351,54274.909942,54274.944722,54275.076089
R864:54274.989602,0.271541,54274.989660,54275.076139,54275.347680
R865:54275.134993,0.108591,54275.135065,54275.347710,54275.456303
R866:54275.323007,0.007786,54275.323103,54275.456341,54275.464134
R867:54275.346366,0.058165,54275.346412,54275.464163,54275.543292
R868:54275.353841,0.006405,54275.354178,54275.543359,54275.549803
R869:54275.358641,0.015836,54275.395353,54275.549839,54275.565675
R870:54275.378760,0.056671,54275.395393,54275.565694,54275.622918
R871:54275.429226,0.062142,54275.429296,54275.623673,54275.685816
R872:54275.530672,0.020755,54275.530735,54275.688569,54275.709325
R873:54275.545419,0.062983,54275.545470,54275.709397,54275.772381
R874:54275.607394,0.093739,54275.607439,54275.772451,54275.866191
R875:54275.810529,0.164354,54275.810583,54275.866217,54276.030572
R876:54275.844892,0.079054,54275.851224,54276.030649,54276.109703
R877:54276.011926,0.084423,54276.011985,54276.109743,54276.194167
R878:54276.019841,0.066459,54276.030635,54276.194251,54276.260711
R879:54276.187458,0.065057,54276.187512,54276.260798,54276.325856
R880:54276.292078,0.052862,54276.292150,54276.325911,54276.378773
R881:54276.393264,0.231088,54276.393334,54276.393570,54276.624659
R882:54276.466595,0.060771,54276.466653,54276.624706,54276.685478
R883:54276.589361,0.093387,54276.589414,54276.685541,54276.778929
R884:54276.676950,0.112694,54276.676991,54276.778993,54276.893600
R885:54276.811021,0.017208,54276.811312,54276.893717,54276.910930
R886:54276.823414,0.093421,54276.852303,54276.910989,54277.004411
R887:54276.889865,0.058125,54276.889992,54277.004459,54277.068200
R888:54276.891247,0.040363,54276.891299,54277.068375,54277.108739
R889:54276.907768,0.005995,54276.907844,54277.108782,54277.114777
R890:54276.949296,0.066538,54276.949393,54277.115027,54277.181565
R891:54276.989300,0.016779,54276.990097,54277.181623,54277.198403
R892:54276.995549,0.009366,54276.995754,54277.198464,54277.207830
R893:54277.054176,0.026953,54277.054242,54277.207866,54277.234820
R894:54277.062576,0.092633,54277.068336,54277.234890,54277.327523
R895:54277.244731,0.050675,54277.244781,54277.327595,54277.378271
R896:54277.259451,0.071001,54277.285337,54277.378328,54277.449329
R897:54277.312775,0.017305,54277.312833,54277.449358,54277.466664
R898:54277.388863,0.018187,54277.388904,54277.466702,54277.484890
R899:54277.436688,0.016799,54277.436792,54277.484915,54277.501715
R900:54277.448342,0.014724,54277.448382,54277.501742,54277.516512
R901:54277.465676,0.074144,54277.465807,54277.516615,54277.590759
R902:54277.532099,0.043277,54277.532225,54277.590791,54277.634069
R903:54277.540518,0.016849,54277.573510,54277.634131,54277.650981
R904:54277.588376,0.099700,54277.588524,54277.651028,54277.750729
R905:54277.599636,0.038139,54277.599683,54277.750773,54277.788913
R906:54277.639546,0.032188,54277.639596,54277.788994,54277.821453
R907:54277.710170,0.006937,54277.710215,54277.821584,54277.828521
R908:54277.841857,0.125661,54277.841904,54277.844176,54277.969839
R909:54277.921945,0.040107,54277.921983,54277.969920,54278.010028
R910:54277.982980,0.058677,54277.983030,54278.010113,54278.068791
R911:54278.093680,0.014916,54278.093734,54278.093745,54278.108662
R912:54278.109902,0.084615,54278.109936,54278.110000,54278.194652
R913:54278.156438,0.120802,54278.156481,54278.194710,54278.315513
R914:54278.218724,0.058330,54278.218919,54278.315577,54278.373908
R915:54278.228967,0.019340,54278.259370,54278.373964,54278.393335
R916:54278.245904,0.074062,54278.259377,54278.393395,54278.468496
R917:54278.467685,0.002269,54278.467745,54278.468546,54278.470816
R918:54278.475787,0.040383,54278.475840,54278.475903,54278.516287
R919:54278.511447,0.033172,54278.516385,54278.516399,54278.549610
R920:54278.542596,0.065374,54278.549676,54278.549705,54278.615080
R921:54278.584467,0.000884,54278.591082,54278.615236,54278.616209
R922:54278.586299,0.090784,54278.591088,54278.616317,54278.707102
R923:54278.604603,0.094753,54278.604759,54278.707142,54278.802922
R924:54278.617274,0.059096,54278.617348,54278.803043,54278.862140
R925:54278.726103,0.036536,54278.726177,54278.862230,54278.898791
R926:54278.765830,0.044581,54278.766180,54278.898818,54278.943400
R927:54278.803238,0.089507,54278.803443,54278.943458,54279.032972
R928:54278.919006,0.019791,54278.919229,54279.033051,54279.052843
R929:54278.959362,0.037407,54278.959578,54279.052879,54279.090286
R930:54279.079101,0.140569,54279.079244,54279.090442,54279.231265
R931:54279.080540,0.159827,54279.088406,54279.231945,54279.391773
R932:54279.225698,0.141775,54279.225860,54279.391837,54279.533612
R933:54279.322034,0.003325,54279.322128,54279.534396,54279.537722
R934:54279.322444,0.020315,54279.363282,54279.537784,54279.558100
R935:54279.375282,0.122297,54279.375411,54279.558150,54279.680448
R936:54279.436821,0.041945,54279.436917,54279.680483,54279.722429
R937:54279.442084,0.015570,54279.478226,54279.722535,54279.738105
R938:54279.647687,0.004057,54279.647780,54279.738154,54279.742212
R939:54279.687717,0.008798,54279.687787,54279.742265,54279.751064
R940:54279.697422,0.036552,54279.722516,54279.751092,54279.787645
R941:54279.810983,0.008438,54279.813938,54279.813951,54279.822391
R942:54279.898733,0.030455,54279.898783,54279.899225,54279.929681
R943:54279.907702,0.036131,54279.929721,54279.929734,54279.965866
R944:54280.250305,0.065864,54280.250407,54280.250875,54280.316740
R945:54280.368053,0.080092,54280.368148,54280.368839,54280.448932
R946:54280.371447,0.109821,54280.371478,54280.448987,54280.558808
R947:54280.457397,0.024269,54280.457435,54280.558871,54280.583141
R948:54280.566913,0.071571,54280.566960,54280.583184,54280.654756
R949:54280.703799,0.019691,54280.703851,54280.703949,54280.723641
R950:54280.749767,0.314409,54280.749801,54280.750545,54281.064955
R951:54280.757542,0.008618,54280.791290,54281.065009,54281.073627
R952:54280.778622,0.009301,54280.791295,54281.073658,54281.082960
R953:54280.843163,0.177105,54280.843225,54281.082983,54281.260095
R954:54280.886198,0.039172,54280.886255,54281.260158,54281.299330
R955:54280.908828,0.000956,54280.908859,54281.299393,54281.300349
R956:54280.920265,0.083616,54280.920361,54281.300379,54281.383996
R957:54280.926153,0.009339,54280.926265,54281.384050,54281.393389
R958:54280.941832,0.008871,54280.941969,54281.393426,54281.402298
R959:54280.966608,0.002637,54280.966650,54281.402395,54281.405034
R960:54281.055802,0.064762,54281.055839,54281.405131,54281.469895
R961:54281.229286,0.041819,54281.229331,54281.469951,54281.511771
R962:54281.375510,0.046752,54281.375583,54281.511901,54281.558662
R963:54281.449222,0.029446,54281.449284,54281.558746,54281.588392
R964:54281.681813,0.025554,54281.681864,54281.682390,54281.707965
R965:54281.717308,0.031123,54281.717355,54281.717791,54281.748915
R966:54281.830728,0.000476,54281.830777,54281.832106,54281.832582
R967:54281.870270,0.166558,54281.870364,54281.871155,54282.037715
R968:54281.945208,0.002438,54281.945258,54282.037780,54282.040223
R969:54281.960540,0.027835,54281.960588,54282.040231,54282.073020
R970:54282.171350,0.003505,54282.171471,54282.171773,54282.175279
R971:54282.240413,0.052851,54282.240498,54282.240999,54282.293852
R972:54282.286059,0.048387,54282.286096,54282.293920,54282.342308
R973:54282.449278,0.008022,54282.449357,54282.449542,54282.457565
R974:54282.585527,0.035441,54282.585583,54282.587937,54282.623379
R975:54282.703053,0.056558,54282.703110,54282.703574,54282.760133
R976:54282.720276,0.002537,54282.743468,54282.760194,54282.762955
R977:54282.740865,0.094495,54282.743473,54282.762987,54282.857482
R978:54282.762442,0.010867,54282.762468,54282.857534,54282.868401
R979:54282.845236,0.001284,54282.845282,54282.868444,54282.869729
R980:54282.872441,0.003338,54282.872475,54282.872618,54282.875960
R981:54282.942307,0.253950,54282.942359,54282.942875,54283.196826
R982:54282.994081,0.005851,54282.994115,54283.196869,54283.202746
R983:54283.000096,0.014603,54283.000120,54283.202787,54283.217390
R984:54283.244236,0.111895,54283.244284,54283.244641,54283.356537
R985:54283.257694,0.069069,54283.257737,54283.356579,54283.425649
R986:54283.345722,0.006735,54283.345808,54283.425711,54283.432446
R987:54283.597454,0.091911,54283.597546,54283.597707,54283.689619
R988:54283.637126,0.012691,54283.638295,54283.689669,54283.702360
R989:54283.742859,0.037614,54283.742967,54283.743021,54283.780635
R990:54284.091039,0.010459,54284.091155,54284.091185,54284.101644
R991:54284.192508,0.168897,54284.192578,54284.193706,54284.362604
R992:54284.210467,0.029902,54284.237848,54284.362670,54284.393962
R993:54284.234601,0.112749,54284.237855,54284.394171,54284.506921
R994:54284.364394,0.005758,54284.364424,54284.506971,54284.512760
R995:54284.444464,0.013784,54284.444511,54284.513778,54284.527594
R996:54284.644094,0.026315,54284.644213,54284.644701,54284.671017
R997:54284.659320,0.014213,54284.659411,54284.671100,54284.685314
R998:54284.680116,0.010705,54284.680148,54284.685362,54284.696068
R999:54284.736612,0.056607,54284.736677,54284.737743,54284.794351
R1000:54284.790178,0.009977,54284.790232,54284.794387,54284.804364
R1001:54284.797242,0.002410,54284.797268,54284.804425,54284.806836
R1002:54284.841020,0.087927,54284.841090,54284.845106,54284.933081
R1003:54284.869804,0.002722,54284.869883,54284.933132,54284.935855
R1004:54285.038342,0.104819,54285.038399,54285.038482,54285.143302
R1005:54285.042607,0.076579,54285.042721,54285.143350,54285.219930
R1006:54285.109789,0.077495,54285.109836,54285.219980,54285.297476
R1007:54285.115443,0.018126,54285.115496,54285.297544,54285.315671
R1008:54285.222271,0.041561,54285.222307,54285.315700,54285.370661
R1009:54285.243640,0.107407,54285.264099,54285.370728,54285.478136
R1010:54285.261143,0.006373,54285.264107,54285.478185,54285.484559
R1011:54285.347586,0.093749,54285.347618,54285.484583,54285.578333
R1012:54285.358351,0.022232,54285.370714,54285.578394,54285.600627
R1013:54285.417137,0.002487,54285.417290,54285.600686,54285.606507
R1014:54285.425101,0.045166,54285.425137,54285.606532,54285.651699
R1015:54285.487060,0.050769,54285.487137,54285.663175,54285.713945
R1016:54285.586881,0.008280,54285.586934,54285.713988,54285.722269
R1017:54285.701963,0.004309,54285.702000,54285.722335,54285.726645
R1018:54285.790890,0.042521,54285.790954,54285.791078,54285.833600
R1019:54286.093412,0.001636,54286.093497,54286.093656,54286.095299
R1020:54286.104823,0.063155,54286.104859,54286.105282,54286.168439
R1021:54286.151981,0.036254,54286.152048,54286.168512,54286.207225
R1022:54286.282334,0.041699,54286.282388,54286.282890,54286.324590
R1023:54286.336564,0.067895,54286.336647,54286.337020,54286.404916
R1024:54286.468534,0.000959,54286.468629,54286.469209,54286.470168
R1025:54286.479426,0.081338,54286.479466,54286.479859,54286.561197
R1026:54286.555198,0.069382,54286.555239,54286.561251,54286.630634
R1027:54286.566873,0.055065,54286.566949,54286.630693,54286.685759
R1028:54286.648006,0.068158,54286.648052,54286.685833,54286.753992
R1029:54286.657556,0.054083,54286.657701,54286.754053,54286.808136
R1030:54286.755433,0.029195,54286.755462,54286.808270,54286.837466
R1031:54286.788620,0.006085,54286.796122,54286.837508,54286.843594
R1032:54286.817391,0.205211,54286.817472,54286.843603,54287.048814
R1033:54286.887588,0.042807,54286.887610,54287.048842,54287.091650
R1034:54286.904853,0.020226,54286.938586,54287.091707,54287.111934
R1035:54286.967670,0.000307,54286.967722,54287.111989,54287.112333
R1036:54287.040076,0.027528,54287.040114,54287.112339,54287.139868
R1037:54287.044708,0.040472,54287.044836,54287.139885,54287.180357
R1038:54287.102097,0.020899,54287.102163,54287.180414,54287.201313
R1039:54287.449864,0.006348,54287.450617,54287.450668,54287.457017
R1040:54287.477187,0.128714,54287.477223,54287.477585,54287.606300
R1041:54287.511686,0.034585,54287.519259,54287.606342,54287.640928
R1042:54287.708653,0.042518,54287.708688,54287.709029,54287.751589
R1043:54287.795037,0.076488,54287.795146,54287.795668,54287.872157
R1044:54287.809341,0.107248,54287.809402,54287.872264,54287.980254
R1045:54287.838787,0.053328,54287.838842,54287.980304,54288.033654
R1046:54287.884403,0.067949,54287.884466,54288.033697,54288.101664
R1047:54287.914833,0.126345,54287.925179,54288.101697,54288.228061
R1048:54288.029043,0.171431,54288.029208,54288.228112,54288.399544
R1049:54288.130307,0.016622,54288.130643,54288.399620,54288.416244
R1050:54288.185430,0.005417,54288.185565,54288.416275,54288.421693
R1051:54288.214489,0.021555,54288.214539,54288.421708,54288.443396
R1052:54288.242110,0.083245,54288.242165,54288.443483,54288.526841
R1053:54288.300570,0.036193,54288.300623,54288.526872,54288.572789
R1054:54288.482125,0.011332,54288.482264,54288.572824,54288.584156
R1055:54288.495352,0.035977,54288.495462,54288.584267,54288.620490
R1056:54288.573912,0.040710,54288.573964,54288.621393,54288.662103
R1057:54288.584677,0.080649,54288.584696,54288.662180,54288.742830
R1058:54288.585920,0.009870,54288.620918,54288.742890,54288.758256
R1059:54288.596770,0.029586,54288.620935,54288.758470,54288.788083
R1060:54288.664419,0.001446,54288.664457,54288.788143,54288.791287
R1061:54288.669554,0.024492,54288.669587,54288.801408,54288.825900
R1062:54288.678071,0.103116,54288.678108,54288.825951,54288.936346
R1063:54288.803755,0.034473,54288.804108,54288.936402,54288.970876
R1064:54288.832646,0.081142,54288.832820,54288.970965,54289.052108
R1065:54288.974150,0.007581,54288.974488,54289.052159,54289.059741
R1066:54289.091429,0.003626,54289.091474,54289.091729,54289.095355
R1067:54289.273131,0.028230,54289.273226,54289.273359,54289.301589
R1068:54289.325328,0.025208,54289.325391,54289.325555,54289.350764
R1069:54289.489071,0.001686,54289.489267,54289.490116,54289.491802
R1070:54289.714521,0.043479,54289.714567,54289.714943,54289.758423
R1071:54289.784906,0.064614,54289.784957,54289.785952,54289.850567
R1072:54289.845796,0.040876,54289.845843,54289.850629,54289.891505
R1073:54289.857337,0.015572,54289.857387,54289.891555,54289.907128
R1074:54289.914934,0.005837,54289.914997,54289.915262,54289.921127
R1075:54290.018059,0.080391,54290.018237,54290.018253,54290.098645
R1076:54290.114573,0.084823,54290.114827,54290.114895,54290.199719
R1077:54290.126234,0.120543,54290.129854,54290.199784,54290.320328
R1078:54290.142393,0.034092,54290.143267,54290.320389,54290.354482
R1079:54290.232695,0.037742,54290.232762,54290.354512,54290.392255
R1080:54290.273451,0.010499,54290.273511,54290.392303,54290.402803
R1081:54290.300765,0.011303,54290.300820,54290.402839,54290.414143
R1082:54290.386270,0.008807,54290.386646,54290.414168,54290.422975
R1083:54290.410294,0.007546,54290.410348,54290.422995,54290.430542
R1084:54290.488369,0.043406,54290.488429,54290.488504,54290.531911
R1085:54290.551366,0.008495,54290.551430,54290.551922,54290.560419
R1086:54290.566133,0.063541,54290.566194,54290.566904,54290.633243
R1087:54290.579778,0.017763,54290.607225,54290.633351,54290.651114
R1088:54290.743988,0.026185,54290.744044,54290.744709,54290.770895
R1089:54290.769163,0.000780,54290.770991,54290.770996,54290.771777
R1090:54290.833553,0.016484,54290.834269,54290.834279,54290.850765
R1091:54290.889765,0.053434,54290.890467,54290.890477,54290.943912
R1092:54291.019876,0.000106,54291.020563,54291.020572,54291.020678
R1093:54291.027971,0.077330,54291.028407,54291.028416,54291.105746
R1094:54291.092426,0.184876,54291.092536,54291.105801,54291.290678
R1095:54291.145292,0.078851,54291.145384,54291.290740,54291.369592
R1096:54291.174994,0.219290,54291.186187,54291.369631,54291.588921
R1097:54291.189306,0.027579,54291.189452,54291.588983,54291.625178
R1098:54291.612554,0.049641,54291.625170,54291.625226,54291.674873
R1099:54291.625276,0.061298,54291.629591,54291.674939,54291.736238
R1100:54291.689419,0.066831,54291.689488,54291.736330,54291.803162
R1101:54291.707951,0.023170,54291.708031,54291.803211,54291.826382
R1102:54291.860957,0.068205,54291.861137,54291.861150,54291.929355
R1103:54291.908375,0.066315,54291.908399,54291.929412,54291.995728
R1104:54291.993884,0.013491,54291.993912,54291.995761,54292.009253
R1105:54292.006896,0.055421,54292.006931,54292.009295,54292.064716
R1106:54292.114077,0.041642,54292.114128,54292.114229,54292.155872
R1107:54292.170400,0.047707,54292.170448,54292.170850,54292.218558
R1108:54292.200923,0.111867,54292.200977,54292.218618,54292.330486
R1109:54292.265569,0.003293,54292.265603,54292.330539,54292.333832
R1110:54292.305651,0.063440,54292.306487,54292.333873,54292.397314
R1111:54292.461810,0.001683,54292.461866,54292.462198,54292.463881
R1112:54292.611909,0.095825,54292.611993,54292.612758,54292.708584
R1113:54292.706363,0.096696,54292.706417,54292.708620,54292.805316
R1114:54292.753484,0.001066,54292.753529,54292.805352,54292.806419
R1115:54292.804504,0.058896,54292.804644,54292.806443,54292.865340
R1116:54292.868230,0.027645,54292.868263,54292.868345,54292.895990
R1117:54292.977953,0.012106,54292.978001,54292.978087,54292.990193
R1118:54292.983146,0.065991,54292.990254,54292.990266,54293.056258
R1119:54292.997470,0.019369,54293.031269,54293.056308,54293.075678
R1120:54293.227324,0.060133,54293.227501,54293.227510,54293.287644
R1121:54293.495443,0.033340,54293.495503,54293.495585,54293.528925
R1122:54293.858717,0.019103,54293.858763,54293.858811,54293.877915
R1123:54293.882535,0.089218,54293.882576,54293.882624,54293.971847
R1124:54293.890855,0.034998,54293.923249,54293.971917,54294.006916
R1125:54293.909114,0.004130,54293.923253,54294.006949,54294.011079
R1126:54294.083156,0.069912,54294.083279,54294.083365,54294.153278
R1127:54294.102651,0.131975,54294.102704,54294.153339,54294.285315
R1128:54294.111934,0.042132,54294.111978,54294.285430,54294.327562
R1129:54294.183899,0.004617,54294.183942,54294.327607,54294.332224
R1130:54294.302696,0.021230,54294.302798,54294.332249,54294.353479
R1131:54294.372100,0.021453,54294.372150,54294.372230,54294.393683
R1132:54294.488817,0.092649,54294.488852,54294.489398,54294.582048
R1133:54294.602334,0.140497,54294.602377,54294.602830,54294.743327
R1134:54294.666600,0.036025,54294.666641,54294.743402,54294.779429
R1135:54294.733634,0.039412,54294.733706,54294.779520,54294.818933
R1136:54294.757361,0.014521,54294.757481,54294.818975,54294.833497
R1137:54294.776334,0.032494,54294.779617,54294.833520,54294.866014
R1138:54294.779198,0.007165,54294.779621,54294.866058,54294.873224
R1139:54294.844413,0.075799,54294.844518,54294.873241,54294.949042
R1140:54294.873404,0.011522,54294.873448,54294.949109,54294.960632
R1141:54294.951453,0.097996,54294.951476,54294.960689,54295.058686
R1142:54295.102597,0.178882,54295.102693,54295.103164,54295.282047
R1143:54295.348104,0.041578,54295.348210,54295.348558,54295.390137
R1144:54295.467501,0.042403,54295.467596,54295.468019,54295.510422
R1145:54295.527639,0.007078,54295.527721,54295.528132,54295.535220
R1146:54295.609192,0.028380,54295.609275,54295.609322,54295.637702
R1147:54295.801486,0.058302,54295.801530,54295.802152,54295.860454
R1148:54295.852043,0.002292,54295.852079,54295.860495,54295.862787
R1149:54295.877035,0.095660,54295.877063,54295.877729,54295.973390
R1150:54295.953469,0.109981,54295.953597,54295.973462,54296.083443
R1151:54296.016975,0.073785,54296.017003,54296.083489,54296.157275
R1152:54296.056392,0.028084,54296.057096,54296.157319,54296.185404
R1153:54296.068624,0.062033,54296.068725,54296.185424,54296.247458
R1154:54296.091608,0.040964,54296.091643,54296.247523,54296.288487
R1155:54296.155965,0.011168,54296.156027,54296.288508,54296.299676
R1156:54296.208453,0.021609,54296.208501,54296.299730,54296.321340
R1157:54296.320286,0.064338,54296.320392,54296.321383,54296.385722
R1158:54296.325818,0.093876,54296.325865,54296.385766,54296.479643
R1159:54296.356262,0.099918,54296.365241,54296.479685,54296.579604
R1160:54296.383978,0.141765,54296.384258,54296.579664,54296.721430
R1161:54296.426921,0.020511,54296.427025,54296.721507,54296.742019
R1162:54296.860934,0.032440,54296.860987,54296.861179,54296.893620
R1163:54296.897131,0.052599,54296.897173,54296.897296,54296.949897
R1164:54296.899195,0.052935,54296.938323,54296.949950,54297.002886
R1165:54296.956172,0.004191,54296.956208,54297.002932,54297.007124
R1166:54297.010265,0.115579,54297.010362,54297.010674,54297.126254
R1167:54297.070772,0.057514,54297.070816,54297.126311,54297.183826
R1168:54297.217893,0.005327,54297.217927,54297.218011,54297.223339
R1169:54297.248888,0.112173,54297.248965,54297.249076,54297.361250
R1170:54297.287595,0.108348,54297.289097,54297.361308,54297.469882
R1171:54297.370734,0.027701,54297.370780,54297.469960,54297.497690
R1172:54297.378633,0.008325,54297.378672,54297.497743,54297.506068
R1173:54297.404676,0.040973,54297.404796,54297.506086,54297.547061
R1174:54297.417697,0.028783,54297.417977,54297.547109,54297.575893
R1175:54297.418049,0.027167,54297.418107,54297.575969,54297.603137
R1176:54297.460583,0.027255,54297.460635,54297.603197,54297.630453
R1177:54297.497396,0.069995,54297.497423,54297.630513,54297.711559
R1178:54297.605977,0.075842,54297.606042,54297.711616,54297.787459
R1179:54297.781375,0.027207,54297.781439,54297.789513,54297.816721
R1180:54297.821347,0.118911,54297.821407,54297.821559,54297.940471
R1181:54297.865262,0.186348,54297.865293,54297.940531,54298.126882
R1182:54297.918675,0.021682,54297.918711,54298.126951,54298.148633
R1183:54298.056028,0.007473,54298.056892,54298.148681,54298.156155
R1184:54298.139816,0.002757,54298.139868,54298.156179,54298.158937
R1185:54298.186331,0.006007,54298.186392,54298.187091,54298.194119
R1186:54298.189015,0.006780,54298.189072,54298.194194,54298.200975
R1187:54298.404435,0.009649,54298.404490,54298.404984,54298.414634
R1188:54298.464011,0.058200,54298.464039,54298.465100,54298.523302
R1189:54298.489396,0.016466,54298.504296,54298.523442,54298.539909
R1190:54298.591577,0.008635,54298.591649,54298.592390,54298.601086
R1191:54298.602034,0.035099,54298.602075,54298.603499,54298.638599
R1192:54298.694701,0.030392,54298.694750,54298.695296,54298.725690
R1193:54298.761374,0.032348,54298.761512,54298.762392,54298.794749
R1194:54298.784521,0.054223,54298.794800,54298.795239,54298.849462
R1195:54298.805365,0.055397,54298.836274,54298.849516,54298.904913
R1196:54298.979580,0.025217,54298.979635,54298.980162,54299.005379
R1197:54299.044519,0.023691,54299.044603,54299.045339,54299.069030
R1198:54299.124527,0.018198,54299.124582,54299.125155,54299.143354
R1199:54299.230685,0.011210,54299.230737,54299.231240,54299.242450
R1200:54299.286686,0.039808,54299.286737,54299.287270,54299.327079
R1201:54299.321007,0.017680,54299.327147,54299.327161,54299.344842
R1202:54299.350093,0.095738,54299.350137,54299.350737,54299.446479
R1203:54299.441926,0.156108,54299.441985,54299.446533,54299.602642
R1204:54299.492287,0.011671,54299.492372,54299.602719,54299.614390
R1205:54299.553368,0.054804,54299.553469,54299.614440,54299.669245
R1206:54299.575967,0.137690,54299.576105,54299.669311,54299.807002
R1207:54299.619967,0.145577,54299.620001,54299.807077,54299.952655
R1208:54299.635309,0.027931,54299.664593,54299.952741,54299.980672
R1209:54299.677203,0.049425,54299.677293,54299.980721,54300.030147
R1210:54299.720085,0.019136,54299.720249,54300.030207,54300.049344
R1211:54299.728116,0.053810,54299.728331,54300.049391,54300.103202
R1212:54299.755858,0.143512,54299.755904,54300.103253,54300.246766
R1213:54299.852699,0.030998,54299.852742,54300.246821,54300.277819
R1214:54299.856319,0.040225,54299.893901,54300.277898,54300.318125
R1215:54299.879471,0.046713,54299.893916,54300.318184,54300.364897
R1216:54299.964994,0.188471,54299.965057,54300.364952,54300.553425
R1217:54299.973566,0.075114,54299.973617,54300.553480,54300.638016
R1218:54300.155046,0.023766,54300.155092,54300.638079,54300.662983
R1219:54300.291694,0.023097,54300.291754,54300.663083,54300.686208
R1220:54300.393587,0.175077,54300.393632,54300.686231,54300.865381
R1221:54300.469809,0.153173,54300.469871,54300.866062,54301.019236
R1222:54300.472758,0.011533,54300.472815,54301.019304,54301.030837
R1223:54300.654868,0.017688,54300.654925,54301.030891,54301.048580
R1224:54300.831253,0.019346,54300.831321,54301.048649,54301.067995
R1225:54300.908715,0.064350,54300.908766,54301.068057,54301.132408
R1226:54301.109339,0.012644,54301.109392,54301.132457,54301.145102
R1227:54301.188124,0.021766,54301.188169,54301.188244,54301.210012
R1228:54301.225487,0.027193,54301.225542,54301.227113,54301.254307
R1229:54301.239679,0.026820,54301.254402,54301.254415,54301.281332
R1230:54301.369537,0.032491,54301.369573,54301.369624,54301.402116
R1231:54301.645269,0.003835,54301.645326,54301.645798,54301.649633
R1232:54301.647130,0.131032,54301.649699,54301.650114,54301.781147
R1233:54301.693856,0.016728,54301.693893,54301.781218,54301.797948
R1234:54301.840518,0.043916,54301.841164,54301.841174,54301.885115
R1235:54301.868727,0.111305,54301.868823,54301.885164,54301.996469
R1236:54301.950714,0.058570,54301.950790,54301.996530,54302.055101
R1237:54302.013020,0.030859,54302.013135,54302.055185,54302.086059
R1238:54302.156771,0.068169,54302.156916,54302.156954,54302.225124
R1239:54302.331057,0.037756,54302.331221,54302.331234,54302.368991
R1240:54302.440508,0.057650,54302.440556,54302.440688,54302.498339
R1241:54302.445826,0.060856,54302.481661,54302.498407,54302.559264
R1242:54302.468443,0.050662,54302.481669,54302.559365,54302.610028
R1243:54302.651924,0.003871,54302.652003,54302.652564,54302.656436
R1244:54302.656666,0.102728,54302.656687,54302.657289,54302.760018
R1245:54302.661240,0.001454,54302.700547,54302.760111,54302.761566
R1246:54302.713068,0.035865,54302.713122,54302.761580,54302.797446
R1247:54302.746579,0.081612,54302.746642,54302.797471,54302.879083
R1248:54302.755254,0.153612,54302.755308,54302.879142,54303.032755
R1249:54302.800043,0.068272,54302.800108,54303.032842,54303.101244
R1250:54302.807430,0.067966,54302.807643,54303.101299,54303.169266
R1251:54302.867615,0.004857,54302.867668,54303.169313,54303.174170
R1252:54302.946359,0.032899,54302.946428,54303.174216,54303.207116
R1253:54302.990814,0.019971,54302.990935,54303.207169,54303.227142
R1254:54303.053631,0.018669,54303.053692,54303.227202,54303.245873
R1255:54303.074152,0.017222,54303.074262,54303.245888,54303.263110
R1256:54303.226089,0.006011,54303.226196,54303.263138,54303.269150
R1257:54303.649881,0.116995,54303.649943,54303.650003,54303.766999
R1258:54304.062383,0.002679,54304.062452,54304.062471,54304.065682
R1259:54304.169266,0.082174,54304.169355,54304.170013,54304.252187
R1260:54304.463654,0.031539,54304.463742,54304.464082,54304.495622
R1261:54304.662124,0.015992,54304.662267,54304.662944,54304.678937
R1262:54304.801102,0.138891,54304.801232,54304.801669,54304.941116
R1263:54305.101178,0.027144,54305.101226,54305.101615,54305.128760
R1264:54305.107566,0.009142,54305.107619,54305.128824,54305.137967
R1265:54305.278533,0.028081,54305.278583,54305.278630,54305.306721
R1266:54305.292457,0.080582,54305.306794,54305.306808,54305.387390
R1267:54305.477983,0.021041,54305.478202,54305.478214,54305.499256
R1268:54305.534981,0.003920,54305.535162,54305.535172,54305.539093
R1269:54305.560644,0.035551,54305.560781,54305.560791,54305.596343
R1270:54305.646702,0.037976,54305.647503,54305.647516,54305.685493
R1271:54305.684479,0.024137,54305.685550,54305.685655,54305.709794
R1272:54305.808477,0.079368,54305.808520,54305.809126,54305.889139
R1273:54305.888383,0.025177,54305.888449,54305.889177,54305.914355
R1274:54305.914442,0.015377,54305.914460,54305.914624,54305.930002
R1275:54306.061469,0.073860,54306.061520,54306.065126,54306.138987
R1276:54306.079006,0.001919,54306.105310,54306.139055,54306.145012
R1277:54306.180539,0.062295,54306.180595,54306.181204,54306.243500
R1278:54306.184284,0.006602,54306.221232,54306.243552,54306.250155
R1279:54306.469631,0.100868,54306.469699,54306.470339,54306.571208
R1280:54306.480591,0.017471,54306.509099,54306.571283,54306.588754
R1281:54306.507187,0.011224,54306.509103,54306.588815,54306.600040
R1282:54306.534509,0.085462,54306.534574,54306.600102,54306.685564
R1283:54306.542566,0.023732,54306.542620,54306.685618,54306.709351
R1284:54306.603621,0.012253,54306.603660,54306.709380,54306.721634
R1285:54306.780804,0.016523,54306.780907,54306.781098,54306.797622
R1286:54306.948569,0.058076,54306.948611,54306.949129,54307.007205
R1287:54307.055178,0.025113,54307.055282,54307.055385,54307.080499
R1288:54307.139454,0.150688,54307.139654,54307.139666,54307.290356
R1289:54307.190315,0.020041,54307.190363,54307.290420,54307.310462
R1290:54307.310597,0.246465,54307.310716,54307.310725,54307.557192
R1291:54307.329778,0.148024,54307.329827,54307.557246,54307.705271
R1292:54307.340584,0.007974,54307.340671,54307.705346,54307.714820
R1293:54307.344157,0.000296,54307.344221,54307.714915,54307.715212
R1294:54307.428087,0.078456,54307.428124,54307.715247,54307.793703
R1295:54307.453158,0.041266,54307.453412,54307.793776,54307.835174
R1296:54307.613306,0.009293,54307.613369,54307.835216,54307.844510
R1297:54307.621637,0.010045,54307.621674,54307.844566,54307.854612
R1298:54307.733105,0.018375,54307.733209,54307.854662,54307.873037
R1299:54308.077476,0.107281,54308.077532,54308.077644,54308.184926
R1300:54308.140847,0.029588,54308.140900,54308.184990,54308.214579
R1301:54308.198365,0.016033,54308.198407,54308.215205,54308.231256
R1302:54308.212589,0.088223,54308.212641,54308.231307,54308.319532
R1303:54308.223915,0.047877,54308.223959,54308.319587,54308.367465
R1304:54308.309319,0.030776,54308.309367,54308.367520,54308.398296
R1305:54308.425946,0.267508,54308.425996,54308.426192,54308.693700
R1306:54308.651453,0.002478,54308.651492,54308.693761,54308.696239
R1307:54308.698077,0.032969,54308.698126,54308.698138,54308.731108
R1308:54308.919218,0.046315,54308.919265,54308.919373,54308.965690
R1309:54308.936102,0.031448,54308.965796,54308.965816,54308.997265
R1310:54308.989860,0.022443,54308.997371,54308.997387,54309.019831
R1311:54309.028830,0.032930,54309.028896,54309.029390,54309.063448
R1312:54309.031486,0.078445,54309.063517,54309.063536,54309.141996
R1313:54309.090102,0.036684,54309.103405,54309.142069,54309.178755
R1314:54309.184509,0.012702,54309.184527,54309.184595,54309.200796
R1315:54309.192677,0.048926,54309.200887,54309.200906,54309.249833
R1316:54309.232560,0.041882,54309.241129,54309.249900,54309.291784
R1317:54309.318310,0.081642,54309.318366,54309.318500,54309.407389
R1318:54309.494438,0.041926,54309.494517,54309.494564,54309.536491
R1319:54309.533452,0.009655,54309.533519,54309.536543,54309.546199
R1320:54309.575620,0.022878,54309.575684,54309.576802,54309.599682
R1321:54309.577886,0.032666,54309.600162,54309.600232,54309.632899
R1322:54309.592381,0.006070,54309.600172,54309.632977,54309.639068
R1323:54309.633747,0.047245,54309.633788,54309.639137,54309.686383
R1324:54309.886467,0.030006,54309.886520,54309.886647,54309.916654
R1325:54309.984045,0.006055,54309.984134,54309.984315,54309.990371
R1326:54309.990471,0.005652,54309.990486,54309.990584,54309.996237
R1327:54310.119509,0.021092,54310.119542,54310.119556,54310.140648
R1328:54310.189450,0.015117,54310.189506,54310.189978,54310.205096
R1329:54310.365681,0.307689,54310.365751,54310.366680,54310.674371
R1330:54310.519645,0.015522,54310.519760,54310.674431,54310.689966
R1331:54310.571158,0.008495,54310.571257,54310.690021,54310.698516
R1332:54310.646787,0.036749,54310.646837,54310.698555,54310.735304
R1333:54310.785271,0.013077,54310.785315,54310.785994,54310.799092
R1334:54311.034675,0.024035,54311.034721,54311.035428,54311.059464
R1335:54311.041913,0.006132,54311.060192,54311.060212,54311.066344
R1336:54311.082032,0.042972,54311.082071,54311.082555,54311.125528
R1337:54311.188420,0.008978,54311.188573,54311.189215,54311.198213
R1338:54311.258152,0.040779,54311.258387,54311.259104,54311.299884
R1339:54311.348665,0.026315,54311.348722,54311.349156,54311.375472
R1340:54311.463756,0.096131,54311.463989,54311.464329,54311.560461
R1341:54311.464574,0.086236,54311.504292,54311.560516,54311.646753
R1342:54311.521633,0.006378,54311.521686,54311.646802,54311.653180
R1343:54311.770653,0.098051,54311.770711,54311.771195,54311.869247
R1344:54311.784956,0.001520,54311.784999,54311.869321,54311.870841
R1345:54311.821924,0.100468,54311.821978,54311.870867,54311.971336
R1346:54311.971998,0.032617,54311.972363,54311.972461,54312.005078
R1347:54312.001579,0.007019,54312.005120,54312.005161,54312.012181
R1348:54312.004209,0.203842,54312.005123,54312.012267,54312.216110
R1349:54312.617081,0.004594,54312.617204,54312.617458,54312.622052
R1350:54312.651774,0.072806,54312.651830,54312.652364,54312.725171
R1351:54312.686785,0.006025,54312.692234,54312.725202,54312.731228
R1352:54312.704319,0.080048,54312.704364,54312.731253,54312.811302
R1353:54312.736931,0.001749,54312.737155,54312.811335,54312.813201
R1354:54312.762479,0.002751,54312.762519,54312.813216,54312.815968
R1355:54312.797250,0.022690,54312.803254,54312.815977,54312.838696
R1356:54312.844414,0.170363,54312.844616,54312.844735,54313.015099
R1357:54313.028285,0.101239,54313.028323,54313.028426,54313.129666
R1358:54313.044658,0.021732,54313.069142,54313.129713,54313.151446
R1359:54313.051820,0.031489,54313.069146,54313.151470,54313.182959
R1360:54313.152183,0.043904,54313.152281,54313.182983,54313.226888
R1361:54313.190396,0.056860,54313.190477,54313.226934,54313.283795
R1362:54313.222593,0.021955,54313.222634,54313.284335,54313.306292
R1363:54313.228683,0.003267,54313.228715,54313.306322,54313.309589
R1364:54313.357087,0.009400,54313.357180,54313.357334,54313.366735
R1365:54313.389220,0.060721,54313.389295,54313.389651,54313.450373
R1366:54313.402028,0.021865,54313.430201,54313.450429,54313.472542
R1367:54313.616366,0.016544,54313.616411,54313.616895,54313.633440
R1368:54313.747081,0.004966,54313.747126,54313.748001,54313.752971
R1369:54313.760082,0.035508,54313.760137,54313.760709,54313.796217
R1370:54313.789428,0.071291,54313.796285,54313.796298,54313.867590
R1371:54313.801832,0.002849,54313.838166,54313.867633,54313.870482
R1372:54313.960770,0.003083,54313.961273,54313.961282,54313.964366
R1373:54314.060633,0.083880,54314.060830,54314.061181,54314.145062
R1374:54314.258375,0.052581,54314.258542,54314.258597,54314.311179
R1375:54314.299540,0.079179,54314.299706,54314.311233,54314.390413
R1376:54314.324982,0.047555,54314.325065,54314.390466,54314.438022
R1377:54314.345694,0.017737,54314.365279,54314.438054,54314.455792
R1378:54314.395225,0.016726,54314.395404,54314.455812,54314.472539
R1379:54314.662759,0.018372,54314.662934,54314.662994,54314.681367
R1380:54314.697478,0.035965,54314.705135,54314.705149,54314.741115
R1381:54314.744386,0.025040,54314.744563,54314.744573,54314.771132
R1382:54314.745282,0.087801,54314.745361,54314.771196,54314.858998
R1383:54314.900640,0.000992,54314.900802,54314.900813,54314.901805
R1384:54314.987397,0.239881,54314.987540,54314.987552,54315.227434
R1385:54315.183662,0.003623,54315.183794,54315.227499,54315.231122
R1386:54315.241727,0.025650,54315.241851,54315.241916,54315.267567
R1387:54315.348953,0.032504,54315.349011,54315.349022,54315.381527
R1388:54315.359328,0.002493,54315.381591,54315.382202,54315.384695
R1389:54315.406937,0.103341,54315.407355,54315.407364,54315.510705
R1390:54315.433494,0.042390,54315.447318,54315.510745,54315.553156
R1391:54315.525988,0.136142,54315.526091,54315.553212,54315.689355
R1392:54315.610973,0.007671,54315.611051,54315.689405,54315.697077
R1393:54315.626857,0.008385,54315.653219,54315.697116,54315.705502
R1394:54315.647315,0.045173,54315.653235,54315.705530,54315.750723
R1395:54315.690133,0.106956,54315.690226,54315.750770,54315.857727
R1396:54315.738088,0.031981,54315.738203,54315.857783,54315.889764
R1397:54315.747124,0.184175,54315.747231,54315.889795,54316.073972
R1398:54315.772437,0.151672,54315.772548,54316.074031,54316.225704
R1399:54315.800096,0.012525,54315.813204,54316.225741,54316.238267
R1400:54316.200630,0.036969,54316.200713,54316.238307,54316.275276
R1401:54316.421984,0.059379,54316.422102,54316.422116,54316.481495
R1402:54316.448657,0.026957,54316.463384,54316.481552,54316.508510
R1403:54316.646883,0.024307,54316.646947,54316.647552,54316.671860
R1404:54316.661923,0.031200,54316.671951,54316.672684,54316.703899
R1405:54316.710218,0.008995,54316.710310,54316.711111,54316.720107
R1406:54316.733400,0.130584,54316.733457,54316.734036,54316.864620
R1407:54316.736379,0.012498,54316.774314,54316.864670,54316.877182
R1408:54316.744511,0.020167,54316.774318,54316.877203,54316.897370
R1409:54316.750220,0.034195,54316.774320,54316.897388,54316.931584
R1410:54316.787017,0.090840,54316.787093,54316.931640,54317.022481
R1411:54316.988810,0.001755,54316.988860,54317.022540,54317.024320
R1412:54317.026010,0.053035,54317.026130,54317.026156,54317.079211
R1413:54317.054952,0.047047,54317.067371,54317.079265,54317.126313
R1414:54317.055801,0.000193,54317.067378,54317.126347,54317.126571
R1415:54317.127514,0.039841,54317.127542,54317.127687,54317.167528
R1416:54317.264604,0.006551,54317.264646,54317.264692,54317.271244
R1417:54317.322235,0.029923,54317.322288,54317.323138,54317.353062
R1418:54317.343892,0.027005,54317.353110,54317.353551,54317.380557
R1419:54317.403612,0.000248,54317.403667,54317.404222,54317.404471
R1420:54317.542537,0.004922,54317.542597,54317.543039,54317.547963
R1421:54317.706765,0.124668,54317.706809,54317.707245,54317.831914
R1422:54317.721273,0.015637,54317.747157,54317.831969,54317.847606
R1423:54317.722943,0.004669,54317.747160,54317.848459,54317.853129
R1424:54317.734467,0.036088,54317.747164,54317.853195,54317.889284
R1425:54317.805128,0.037457,54317.805183,54317.889340,54317.926797
R1426:54317.872945,0.163656,54317.872995,54317.926857,54318.090514
R1427:54317.906627,0.054164,54317.906673,54318.090567,54318.144732
R1428:54317.970683,0.042322,54317.970713,54318.144800,54318.187124
R1429:54318.044705,0.012522,54318.044756,54318.187179,54318.199702
R1430:54318.069319,0.005411,54318.069376,54318.199741,54318.205153
R1431:54318.135913,0.005345,54318.135958,54318.205234,54318.210579
R1432:54318.249425,0.000758,54318.249459,54318.249953,54318.250711
R1433:54318.269231,0.072392,54318.269292,54318.269333,54318.341726
R1434:54318.331085,0.024475,54318.331138,54318.341760,54318.366250
R1435:54318.374789,0.018835,54318.374844,54318.374942,54318.393778
R1436:54318.487917,0.140218,54318.488004,54318.488155,54318.628413
R1437:54318.538515,0.034775,54318.538550,54318.628477,54318.663253
R1438:54318.558844,0.023085,54318.558901,54318.663310,54318.686396
R1439:54318.576900,0.082640,54318.576950,54318.686425,54318.769083
R1440:54318.645773,0.009610,54318.645812,54318.769141,54318.778751
R1441:54318.811610,0.013424,54318.811639,54318.811731,54318.825156
R1442:54318.843324,0.113858,54318.843371,54318.843447,54318.957305
R1443:54318.855139,0.069890,54318.884212,54318.957360,54319.027251
R1444:54319.030174,0.009210,54319.030260,54319.030333,54319.039543
R1445:54319.078995,0.002219,54319.079088,54319.079222,54319.081442
R1446:54319.361290,0.068358,54319.361360,54319.361373,54319.429732
R1447:54319.385684,0.034277,54319.402114,54319.429787,54319.464064
R1448:54319.397802,0.059621,54319.402119,54319.464125,54319.523746
R1449:54319.507717,0.010696,54319.507765,54319.523793,54319.534489
R1450:54319.531086,0.001573,54319.531113,54319.534534,54319.536107
R1451:54319.537866,0.041552,54319.537889,54319.537944,54319.579497
R1452:54319.592303,0.066918,54319.592353,54319.592556,54319.659476
R1453:54319.863263,0.009827,54319.863424,54319.863436,54319.873264
R1454:54319.868590,0.053343,54319.868619,54319.873302,54319.926647
R1455:54319.877413,0.237876,54319.877436,54319.926700,54320.164578
R1456:54320.211186,0.019477,54320.211269,54320.211554,54320.231032
R1457:54320.348139,0.171675,54320.348184,54320.348515,54320.520223
R1458:54320.368208,0.006610,54320.389090,54320.520263,54320.526874
R1459:54320.387524,0.058325,54320.389094,54320.526906,54320.585231
R1460:54320.486042,0.059370,54320.486083,54320.585292,54320.644699
R1461:54320.512987,0.041376,54320.513038,54320.644747,54320.686123
R1462:54320.614729,0.104676,54320.614754,54320.686210,54320.790887
R1463:54320.660294,0.011181,54320.660327,54320.790944,54320.802128
R1464:54320.665185,0.019294,54320.686196,54320.802196,54320.821490
R1465:54320.731919,0.053478,54320.732100,54320.821507,54320.874986
R1466:54320.771321,0.114848,54320.771390,54320.875032,54320.989881
R1467:54320.804933,0.019395,54320.804995,54320.989934,54321.009329
R1468:54320.824457,0.016901,54320.824496,54321.009339,54321.026241
R1469:54320.903371,0.068262,54320.903419,54321.026309,54321.094571
R1470:54320.958091,0.033362,54320.958188,54321.094623,54321.127986
R1471:54321.178734,0.074251,54321.178780,54321.179238,54321.253490
R1472:54321.281314,0.164785,54321.281363,54321.281780,54321.446566
R1473:54321.409349,0.001500,54321.409379,54321.446624,54321.448125
R1474:54321.513797,0.030978,54321.513833,54321.514163,54321.545141
R1475:54321.520884,0.023810,54321.545244,54321.545397,54321.569207
R1476:54321.618381,0.029897,54321.618432,54321.618666,54321.648604
R1477:54321.631663,0.045436,54321.648647,54321.648735,54321.694171
R1478:54321.850378,0.000038,54321.850430,54321.850813,54321.850883
R1479:54321.880932,0.115162,54321.880978,54321.881500,54321.996663
R1480:54322.003817,0.010555,54322.003854,54322.004132,54322.014687
R1481:54322.033690,0.055740,54322.033746,54322.034199,54322.089941
R1482:54322.096419,0.075288,54322.096463,54322.096861,54322.172150
R1483:54322.103742,0.064896,54322.103768,54322.172199,54322.237095
R1484:54322.491766,0.034012,54322.491817,54322.491941,54322.525954
R1485:54322.497111,0.000387,54322.497148,54322.526014,54322.526510
R1486:54322.546265,0.011639,54322.546301,54322.546680,54322.558319
R1487:54322.848744,0.078004,54322.848788,54322.849156,54322.927161
R1488:54322.965739,0.036954,54322.965775,54322.966367,54323.003322
R1489:54322.980255,0.014881,54322.980302,54323.003382,54323.018265
R1490:54323.112030,0.038559,54323.112085,54323.112545,54323.151105
R1491:54323.431510,0.007603,54323.431581,54323.431943,54323.439546
R1492:54323.516547,0.043138,54323.516668,54323.516844,54323.559983
R1493:54323.854324,0.018873,54323.854373,54323.854801,54323.873675
R1494:54323.957476,0.038325,54323.957530,54323.957973,54323.996299
R1495:54324.024107,0.114973,54324.024156,54324.024674,54324.150687
R1496:54324.042781,0.073782,54324.064171,54324.150742,54324.224525
R1497:54324.144311,0.084479,54324.144367,54324.224584,54324.309063
R1498:54324.209680,0.041650,54324.209726,54324.309135,54324.350786
R1499:54324.271521,0.047660,54324.271563,54324.350831,54324.398492
