R0:54443.340180,0.050000,54443.340271,54443.340276,54443.390278
R1:54443.462527,0.050000,54443.462594,54443.463103,54443.513104
R2:54443.496159,0.050000,54443.496223,54443.513187,54443.563188
R3:54443.598241,0.050000,54443.598283,54443.598719,54443.648720
R4:54443.705134,0.050000,54443.705183,54443.705666,54443.755667
R5:54443.867077,0.050000,54443.867138,54443.867790,54443.917805
R6:54443.881926,0.050000,54443.881993,54443.917867,54443.967867
R7:54443.909280,0.050000,54443.909334,54443.967923,54444.017923
R8:54444.006999,0.050000,54444.007041,54444.017978,54444.067979
R9:54444.028953,0.050000,54444.028992,54444.068042,54444.118043
R10:54444.083044,0.050000,54444.083139,54444.118105,54444.168106
R11:54444.126702,0.050000,54444.126752,54444.168173,54444.218210
R12:54444.193276,0.050000,54444.193329,54444.218292,54444.268386
R13:54444.223823,0.050000,54444.223896,54444.268438,54444.318440
R14:54444.272403,0.050000,54444.272518,54444.318513,54444.368514
R15:54444.475590,0.050000,54444.475654,54444.475727,54444.525729
R16:54444.641049,0.050000,54444.641092,54444.641532,54444.691533
R17:54444.708488,0.050000,54444.708553,54444.709736,54444.759737
R18:54444.792847,0.050000,54444.792890,54444.793481,54444.843482
R19:54444.803193,0.050000,54444.803346,54444.843542,54444.893543
R20:54444.865703,0.050000,54444.865768,54444.893599,54444.943601
R21:54444.866927,0.050000,54444.866972,54444.943661,54444.993662
R22:54444.885602,0.050000,54444.885650,54444.993720,54445.044219
R23:54444.895708,0.050000,54444.895763,54445.044290,54445.094335
R24:54445.004546,0.050000,54445.004608,54445.094416,54445.144418
R25:54445.016233,0.050000,54445.016293,54445.144565,54445.194566
R26:54445.051156,0.050000,54445.051193,54445.194635,54445.244636
R27:54445.061367,0.050000,54445.092284,54445.244694,54445.294695
R28:54445.069880,0.050000,54445.092292,54445.294852,54445.344853
R29:54445.525698,0.050000,54445.525742,54445.526768,54445.576769
R30:54445.542257,0.050000,54445.566294,54445.576839,54445.626839
R31:54445.590311,0.050000,54445.590371,54445.626894,54445.676895
R32:54445.712480,0.050000,54445.712533,54445.713517,54445.763518
R33:54445.776025,0.050000,54445.776080,54445.776539,54445.826540
R34:54445.799550,0.050000,54445.799689,54445.826611,54445.876618
R35:54445.867569,0.050000,54445.867593,54445.876656,54445.926691
R36:54445.917396,0.050000,54445.917449,54445.926753,54445.976754
R37:54445.962980,0.050000,54445.963028,54445.976812,54446.026814
R38:54446.203370,0.050000,54446.203436,54446.203552,54446.253553
R39:54446.226615,0.050000,54446.244335,54446.253599,54446.303600
R40:54446.325058,0.050000,54446.325144,54446.325265,54446.375266
R41:54446.375141,0.050000,54446.375228,54446.375294,54446.425295
R42:54446.473279,0.050000,54446.473335,54446.473419,54446.523420
R43:54446.507530,0.050000,54446.514321,54446.523478,54446.573492
R44:54446.655710,0.050000,54446.655901,54446.655912,54446.705914
R45:54446.678072,0.050000,54446.696276,54446.705962,54446.755963
R46:54446.707135,0.050000,54446.707166,54446.756017,54446.806018
R47:54446.817160,0.050000,54446.817250,54446.817318,54446.867319
R48:54446.984921,0.050000,54446.984974,54446.985096,54447.035096
R49:54446.989894,0.050000,54446.989947,54447.035148,54447.085149
R50:54447.188841,0.050000,54447.189075,54447.189087,54447.239087
R51:54447.238766,0.050000,54447.238822,54447.239115,54447.289115
R52:54447.244848,0.050000,54447.244874,54447.289147,54447.339148
R53:54447.259167,0.050000,54447.285268,54447.339185,54447.389209
R54:54447.331787,0.050000,54447.331817,54447.389258,54447.439259
R55:54447.479229,0.050000,54447.479261,54447.479374,54447.529520
R56:54447.508010,0.050000,54447.520275,54447.529660,54447.579661
R57:54447.512513,0.050000,54447.520279,54447.579728,54447.629729
R58:54447.513928,0.050000,54447.520284,54447.629770,54447.679771
R59:54447.554845,0.050000,54447.554896,54447.679845,54447.729846
R60:54447.559626,0.050000,54447.579714,54447.729912,54447.779913
R61:54447.578229,0.050000,54447.579718,54447.780006,54447.830007
R62:54447.813813,0.050000,54447.813875,54447.830072,54447.880073
R63:54447.969036,0.050000,54447.969082,54447.969090,54448.019091
R64:54448.104770,0.050000,54448.104869,54448.104905,54448.154906
R65:54448.125620,0.050000,54448.125681,54448.154960,54448.204961
R66:54448.177514,0.050000,54448.177561,54448.205005,54448.255006
R67:54448.208985,0.050000,54448.209041,54448.255048,54448.305049
R68:54448.304343,0.050000,54448.304391,54448.305077,54448.355078
R69:54448.352384,0.050000,54448.352430,54448.355123,54448.405154
R70:54448.425956,0.050000,54448.426008,54448.426132,54448.476133
R71:54448.477394,0.050000,54448.477513,54448.477589,54448.527590
R72:54448.481142,0.050000,54448.481184,54448.527695,54448.577696
R73:54448.520162,0.050000,54448.520226,54448.577755,54448.627756
R74:54448.699469,0.050000,54448.699515,54448.699924,54448.749925
R75:54448.877756,0.050000,54448.877836,54448.877899,54448.927913
R76:54448.963180,0.050000,54448.963224,54448.963312,54449.013353
R77:54448.985964,0.050000,54448.986014,54449.013408,54449.063409
R78:54449.075771,0.050000,54449.075815,54449.076574,54449.126575
R79:54449.144498,0.050000,54449.144559,54449.145492,54449.195493
R80:54449.174001,0.050000,54449.174068,54449.195557,54449.245558
R81:54449.251765,0.050000,54449.251788,54449.252139,54449.302140
R82:54449.264354,0.050000,54449.292195,54449.302208,54449.352228
R83:54449.303324,0.050000,54449.303367,54449.352274,54449.402275
R84:54449.444922,0.050000,54449.444972,54449.445358,54449.495359
R85:54449.562908,0.050000,54449.562963,54449.563488,54449.613488
R86:54449.589787,0.050000,54449.589819,54449.613534,54449.663535
R87:54449.607271,0.050000,54449.607349,54449.663607,54449.713608
R88:54449.756666,0.050000,54449.756710,54449.756859,54449.806860
R89:54449.785737,0.050000,54449.798123,54449.806909,54449.856910
R90:54449.863334,0.050000,54449.863377,54449.863792,54449.913793
R91:54450.072408,0.050000,54450.072468,54450.072995,54450.122996
R92:54450.131916,0.050000,54450.132008,54450.132111,54450.182112
R93:54450.203622,0.050000,54450.203664,54450.203804,54450.253806
R94:54450.334153,0.050000,54450.334210,54450.334757,54450.384758
R95:54450.372872,0.050000,54450.372912,54450.384815,54450.434816
R96:54450.544832,0.050000,54450.544927,54450.546278,54450.596279
R97:54450.578947,0.050000,54450.585169,54450.596341,54450.646342
R98:54450.691468,0.050000,54450.691524,54450.691681,54450.741695
R99:54450.768477,0.050000,54450.768539,54450.768648,54450.818649
R100:54450.929859,0.050000,54450.929907,54450.930376,54450.980377
R101:54450.973890,0.050000,54450.973976,54450.980406,54451.030406
R102:54450.990273,0.050000,54450.990314,54451.030467,54451.080468
R103:54451.190463,0.050000,54451.190563,54451.191551,54451.241552
R104:54451.359128,0.050000,54451.359191,54451.359909,54451.409911
R105:54451.369939,0.050000,54451.369978,54451.409958,54451.459959
R106:54451.511987,0.050000,54451.512043,54451.512629,54451.562630
R107:54451.580421,0.050000,54451.580471,54451.581032,54451.631034
R108:54451.618300,0.050000,54451.618394,54451.631090,54451.681091
R109:54451.682911,0.050000,54451.682940,54451.683684,54451.733685
R110:54451.705173,0.050000,54451.723177,54451.733739,54451.783740
R111:54451.808347,0.050000,54451.808455,54451.808547,54451.858548
R112:54451.833094,0.050000,54451.850297,54451.858600,54451.908601
R113:54451.872805,0.050000,54451.872851,54451.908664,54451.958668
R114:54451.890108,0.050000,54451.908649,54451.958737,54452.008738
R115:54451.904103,0.050000,54451.908653,54452.008796,54452.058796
R116:54451.925831,0.050000,54451.950257,54452.058827,54452.108828
R117:54451.980177,0.050000,54451.980228,54452.108889,54452.158890
R118:54452.016248,0.050000,54452.016383,54452.158960,54452.208961
R119:54452.028930,0.050000,54452.058288,54452.209149,54452.259150
R120:54452.187448,0.050000,54452.187486,54452.259207,54452.309208
R121:54452.194905,0.050000,54452.209013,54452.309243,54452.359244
R122:54452.204027,0.050000,54452.209016,54452.359343,54452.409344
R123:54452.249844,0.050000,54452.250128,54452.409386,54452.459387
R124:54452.345193,0.050000,54452.345279,54452.459457,54452.509459
R125:54452.624324,0.050000,54452.624387,54452.624448,54452.674482
R126:54452.806701,0.050000,54452.806762,54452.806893,54452.856894
R127:54452.883757,0.050000,54452.883816,54452.884499,54452.934500
R128:54452.916132,0.050000,54452.916187,54452.934557,54452.984558
R129:54453.008698,0.050000,54453.008748,54453.009300,54453.059301
R130:54453.039494,0.050000,54453.049186,54453.059361,54453.109363
R131:54453.062808,0.050000,54453.062848,54453.109410,54453.159443
R132:54453.080959,0.050000,54453.104261,54453.159589,54453.209590
R133:54453.139688,0.050000,54453.140019,54453.209636,54453.259689
R134:54453.159701,0.050000,54453.159732,54453.259729,54453.309730
R135:54453.170869,0.050000,54453.201253,54453.309788,54453.359789
R136:54453.258881,0.050000,54453.259158,54453.359831,54453.409832
R137:54453.268222,0.050000,54453.268261,54453.409890,54453.459892
R138:54453.373737,0.050000,54453.374013,54453.459934,54453.509935
R139:54453.386426,0.050000,54453.386474,54453.509982,54453.559983
R140:54453.478334,0.050000,54453.478452,54453.560015,54453.610016
R141:54453.484432,0.050000,54453.509997,54453.610072,54453.660073
R142:54453.684753,0.050000,54453.684809,54453.684945,54453.734948
R143:54453.688709,0.050000,54453.688761,54453.735015,54453.785016
R144:54453.738011,0.050000,54453.738062,54453.785152,54453.835192
R145:54453.751061,0.050000,54453.751094,54453.835249,54453.885250
R146:54453.769497,0.050000,54453.769562,54453.885303,54453.935304
R147:54453.876289,0.050000,54453.876332,54453.935357,54453.985358
R148:54453.964372,0.050000,54453.964415,54453.985403,54454.035404
R149:54454.035719,0.050000,54454.035737,54454.035824,54454.086312
R150:54454.264049,0.050000,54454.264109,54454.264209,54454.314228
R151:54454.332273,0.050000,54454.332327,54454.333231,54454.383247
R152:54454.427487,0.050000,54454.427562,54454.428526,54454.478528
R153:54454.434179,0.050000,54454.434230,54454.478586,54454.528587
R154:54454.443935,0.050000,54454.443961,54454.528654,54454.578655
R155:54454.492973,0.050000,54454.493002,54454.578689,54454.628690
R156:54454.498508,0.050000,54454.528640,54454.628731,54454.678732
R157:54454.503408,0.050000,54454.528642,54454.678767,54454.728768
R158:54454.518738,0.050000,54454.528644,54454.728805,54454.778806
R159:54454.560062,0.050000,54454.570117,54454.778854,54454.828855
R160:54454.674340,0.050000,54454.674378,54454.828885,54454.878886
R161:54454.731299,0.050000,54454.731336,54454.878931,54454.928960
R162:54454.825785,0.050000,54454.825820,54454.929003,54454.979004
R163:54454.830002,0.050000,54454.830085,54454.979064,54455.029065
R164:54454.841797,0.050000,54454.870236,54455.029123,54455.079124
R165:54455.638924,0.050000,54455.638977,54455.639050,54455.689051
R166:54455.654314,0.050000,54455.680252,54455.689095,54455.739097
R167:54455.801507,0.050000,54455.801562,54455.802127,54455.852128
R168:54455.810559,0.050000,54455.842304,54455.852188,54455.902189
R169:54456.218555,0.050000,54456.218642,54456.218833,54456.268834
R170:54456.222444,0.050000,54456.259289,54456.268884,54456.318884
R171:54456.358797,0.050000,54456.358845,54456.358941,54456.409088
R172:54456.363999,0.050000,54456.399296,54456.409132,54456.459133
R173:54456.364459,0.050000,54456.399301,54456.459193,54456.509194
R174:54456.535639,0.050000,54456.535681,54456.536154,54456.586155
R175:54456.595920,0.050000,54456.595973,54456.596420,54456.646421
R176:54456.609320,0.050000,54456.609356,54456.646467,54456.696468
R177:54456.621420,0.050000,54456.621470,54456.696509,54456.746510
R178:54456.654723,0.050000,54456.654773,54456.746560,54456.796562
R179:54456.817694,0.050000,54456.817745,54456.818204,54456.868205
R180:54456.932279,0.050000,54456.932328,54456.932692,54456.982693
R181:54456.962109,0.050000,54456.962172,54456.982740,54457.032741
R182:54457.015983,0.050000,54457.016058,54457.032797,54457.082798
R183:54457.074370,0.050000,54457.074406,54457.082844,54457.132845
R184:54457.115144,0.050000,54457.115183,54457.132897,54457.182898
R185:54457.193276,0.050000,54457.193303,54457.193877,54457.243878
R186:54457.200694,0.050000,54457.235369,54457.243921,54457.293922
R187:54457.251459,0.050000,54457.251528,54457.293963,54457.343964
R188:54457.346301,0.050000,54457.346337,54457.346629,54457.396630
R189:54457.370981,0.050000,54457.371087,54457.396686,54457.446687
R190:54457.695120,0.050000,54457.695174,54457.695283,54457.745284
R191:54457.752694,0.050000,54457.752736,54457.753118,54457.803119
R192:54457.892841,0.050000,54457.892901,54457.893582,54457.943583
R193:54457.984813,0.050000,54457.984875,54457.985392,54458.035393
R194:54458.051029,0.050000,54458.051083,54458.051632,54458.101633
R195:54458.053547,0.050000,54458.053587,54458.101684,54458.151713
R196:54458.145784,0.050000,54458.145827,54458.151762,54458.201763
R197:54458.265388,0.050000,54458.265430,54458.265934,54458.315936
R198:54458.438555,0.050000,54458.438619,54458.438840,54458.488841
R199:54458.576407,0.050000,54458.576460,54458.577138,54458.627139
R200:54458.695094,0.050000,54458.695249,54458.695396,54458.745398
R201:54458.954411,0.050000,54458.954487,54458.954545,54459.004546
R202:54459.045391,0.050000,54459.045457,54459.046181,54459.096182
R203:54459.201452,0.050000,54459.201500,54459.201979,54459.251980
R204:54459.475581,0.050000,54459.475641,54459.476207,54459.526208
R205:54459.548997,0.050000,54459.549091,54459.550013,54459.600014
R206:54459.595014,0.050000,54459.595072,54459.600090,54459.650091
R207:54459.607182,0.050000,54459.607219,54459.650126,54459.700157
R208:54459.725452,0.050000,54459.725545,54459.725666,54459.775668
R209:54459.872162,0.050000,54459.872219,54459.872275,54459.922276
R210:54459.877617,0.050000,54459.877661,54459.922352,54459.972352
R211:54459.947656,0.050000,54459.947709,54459.972379,54460.022403
R212:54459.967062,0.050000,54459.967108,54460.022448,54460.072449
R213:54460.033879,0.050000,54460.033989,54460.072551,54460.122552
R214:54460.053126,0.050000,54460.072494,54460.122589,54460.172590
R215:54460.134199,0.050000,54460.134272,54460.172623,54460.222623
R216:54460.160240,0.050000,54460.160385,54460.222716,54460.272717
R217:54460.187275,0.050000,54460.187321,54460.272764,54460.322765
R218:54460.205169,0.050000,54460.222697,54460.322847,54460.372848
R219:54460.210644,0.050000,54460.222701,54460.372888,54460.422896
R220:54460.277691,0.050000,54460.277736,54460.422961,54460.472962
R221:54460.295077,0.050000,54460.295203,54460.473020,54460.523021
R222:54460.365907,0.050000,54460.365924,54460.523111,54460.573112
R223:54460.414295,0.050000,54460.414343,54460.573218,54460.623240
R224:54460.651923,0.050000,54460.651999,54460.652120,54460.702121
R225:54460.673991,0.050000,54460.692168,54460.702189,54460.752189
R226:54460.726718,0.050000,54460.726761,54460.752228,54460.802229
R227:54460.811525,0.050000,54460.811561,54460.811672,54460.861673
R228:54460.819686,0.050000,54460.852292,54460.861755,54460.911756
R229:54460.862303,0.050000,54460.862338,54460.911796,54460.961797
R230:54460.922329,0.050000,54460.922370,54460.961852,54461.011853
R231:54461.114983,0.050000,54461.115069,54461.115164,54461.165165
R232:54461.155232,0.050000,54461.157177,54461.165260,54461.215261
R233:54461.182628,0.050000,54461.182658,54461.215313,54461.265314
R234:54461.308207,0.050000,54461.308248,54461.308319,54461.358320
R235:54461.346310,0.050000,54461.349119,54461.358373,54461.408374
R236:54461.346538,0.050000,54461.349128,54461.408423,54461.458425
R237:54461.374800,0.050000,54461.374848,54461.458476,54461.508477
R238:54461.436613,0.050000,54461.436668,54461.508527,54461.558528
R239:54461.556956,0.050000,54461.556984,54461.558558,54461.608559
R240:54461.575068,0.050000,54461.575113,54461.608605,54461.658606
R241:54461.650679,0.050000,54461.650785,54461.658659,54461.708659
R242:54461.695360,0.050000,54461.695410,54461.708698,54461.758699
R243:54461.740110,0.050000,54461.740153,54461.758761,54461.808762
R244:54461.765105,0.050000,54461.765243,54461.808796,54461.858797
R245:54461.849196,0.050000,54461.849333,54461.858838,54461.908839
R246:54461.863737,0.050000,54461.863971,54461.908885,54461.958886
R247:54461.929915,0.050000,54461.930047,54461.958930,54462.008935
R248:54461.933239,0.050000,54461.933318,54462.008966,54462.058967
R249:54461.969673,0.050000,54461.969775,54462.059003,54462.109004
R250:54462.049696,0.050000,54462.049754,54462.109519,54462.159521
R251:54462.124915,0.050000,54462.124958,54462.159577,54462.209578
R252:54462.193005,0.050000,54462.193062,54462.209637,54462.259638
R253:54462.222315,0.050000,54462.222357,54462.259679,54462.309680
R254:54462.237807,0.050000,54462.259692,54462.309720,54462.359721
R255:54462.302115,0.050000,54462.302155,54462.359767,54462.409768
R256:54462.368908,0.050000,54462.368951,54462.409808,54462.459809
R257:54462.456645,0.050000,54462.456684,54462.459837,54462.509838
R258:54462.483436,0.050000,54462.483475,54462.509885,54462.559886
R259:54462.573489,0.050000,54462.573529,54462.573608,54462.623609
R260:54462.588677,0.050000,54462.614296,54462.623646,54462.673647
R261:54462.757898,0.050000,54462.757968,54462.758357,54462.808358
R262:54462.835277,0.050000,54462.835396,54462.835527,54462.885528
R263:54462.906076,0.050000,54462.906115,54462.906733,54462.956734
R264:54462.926010,0.050000,54462.926064,54462.956781,54463.006782
R265:54462.976805,0.050000,54462.976849,54463.007196,54463.057196
R266:54462.983022,0.050000,54463.006827,54463.057251,54463.107252
R267:54463.003208,0.050000,54463.007183,54463.107307,54463.157308
R268:54463.143955,0.050000,54463.144065,54463.157368,54463.207369
R269:54463.221998,0.050000,54463.222043,54463.222528,54463.272529
R270:54463.229530,0.050000,54463.262205,54463.272584,54463.322585
R271:54463.238150,0.050000,54463.262212,54463.322643,54463.372644
R272:54463.268601,0.050000,54463.268650,54463.372682,54463.422683
R273:54463.326284,0.050000,54463.326317,54463.422721,54463.472722
R274:54463.386569,0.050000,54463.386605,54463.472758,54463.522759
R275:54463.459916,0.050000,54463.459969,54463.522816,54463.572818
R276:54463.482715,0.050000,54463.482745,54463.572869,54463.622871
R277:54463.582496,0.050000,54463.582534,54463.622923,54463.672923
R278:54463.605961,0.050000,54463.622910,54463.672946,54463.722947
R279:54463.632740,0.050000,54463.664481,54463.722984,54463.772985
R280:54463.646905,0.050000,54463.664489,54463.773040,54463.823041
R281:54463.924194,0.050000,54463.924241,54463.925253,54463.975254
R282:54463.924666,0.050000,54463.966238,54463.975300,54464.025301
R283:54464.041840,0.050000,54464.041891,54464.042003,54464.092004
R284:54464.068851,0.050000,54464.083136,54464.092054,54464.142055
R285:54464.082921,0.050000,54464.083140,54464.142116,54464.192127
R286:54464.121212,0.050000,54464.121257,54464.192172,54464.242173
R287:54464.333691,0.050000,54464.333745,54464.333936,54464.383937
R288:54464.501387,0.050000,54464.501598,54464.501643,54464.551644
R289:54464.598069,0.050000,54464.598114,54464.598189,54464.648208
R290:54464.678337,0.050000,54464.678516,54464.678528,54464.728529
R291:54464.687106,0.050000,54464.687141,54464.728584,54464.778585
R292:54464.764404,0.050000,54464.764463,54464.778641,54464.828642
R293:54464.796814,0.050000,54464.796861,54464.828700,54464.878701
R294:54464.896181,0.050000,54464.896271,54464.896374,54464.946379
R295:54465.087413,0.050000,54465.087561,54465.087572,54465.137573
R296:54465.252880,0.050000,54465.253002,54465.253014,54465.303015
R297:54465.384995,0.050000,54465.385602,54465.385614,54465.435615
R298:54465.400324,0.050000,54465.400385,54465.435668,54465.485669
R299:54465.505669,0.050000,54465.505834,54465.505845,54465.555846
R300:54465.558718,0.050000,54465.558847,54465.558856,54465.608857
R301:54465.582362,0.050000,54465.582406,54465.608908,54465.658909
R302:54465.739345,0.050000,54465.739494,54465.739506,54465.789507
R303:54465.899732,0.050000,54465.899943,54465.899955,54465.949957
R304:54466.037968,0.050000,54466.038056,54466.038103,54466.088103
R305:54466.084149,0.050000,54466.084212,54466.088151,54466.138153
R306:54466.141622,0.050000,54466.141786,54466.141906,54466.191907
R307:54466.154477,0.050000,54466.182087,54466.191941,54466.241942
R308:54466.176535,0.050000,54466.182093,54466.242008,54466.292009
R309:54466.310490,0.050000,54466.310562,54466.310664,54466.360665
R310:54466.356136,0.050000,54466.356270,54466.360707,54466.410708
R311:54466.398187,0.050000,54466.398277,54466.410760,54466.460761
R312:54466.524421,0.050000,54466.524466,54466.524597,54466.574597
R313:54466.570239,0.050000,54466.570268,54466.574644,54466.624645
R314:54466.593297,0.050000,54466.593370,54466.624736,54466.674737
R315:54466.606693,0.050000,54466.624707,54466.674806,54466.724807
R316:54466.683957,0.050000,54466.684077,54466.724869,54466.774869
R317:54466.771263,0.050000,54466.771293,54466.774909,54466.824910
R318:54466.781745,0.050000,54466.781784,54466.824952,54466.874953
R319:54466.843931,0.050000,54466.843982,54466.874992,54466.924993
R320:54466.889562,0.050000,54466.889621,54466.925021,54466.975022
R321:54467.011373,0.050000,54467.011422,54467.011509,54467.061510
R322:54467.097508,0.050000,54467.097565,54467.098060,54467.148061
R323:54467.110786,0.050000,54467.110824,54467.148122,54467.198137
R324:54467.127618,0.050000,54467.127672,54467.198225,54467.248226
R325:54467.174072,0.050000,54467.174117,54467.248280,54467.298281
R326:54467.183424,0.050000,54467.198206,54467.298336,54467.348337
R327:54467.194475,0.050000,54467.198210,54467.348376,54467.398422
R328:54467.225171,0.050000,54467.239256,54467.398471,54467.448472
R329:54467.251457,0.050000,54467.251883,54467.448522,54467.498523
R330:54467.432251,0.050000,54467.432316,54467.498568,54467.548569
R331:54467.592365,0.050000,54467.592560,54467.592630,54467.642632
R332:54467.657864,0.050000,54467.657913,54467.657999,54467.707999
R333:54467.778912,0.050000,54467.778992,54467.779174,54467.829237
R334:54467.892745,0.050000,54467.892802,54467.892913,54467.942914
R335:54467.938592,0.050000,54467.938647,54467.942947,54467.992948
R336:54467.965894,0.050000,54467.965932,54467.993007,54468.043008
R337:54467.999440,0.050000,54467.999476,54468.043042,54468.093043
R338:54468.071459,0.050000,54468.071503,54468.093097,54468.143098
R339:54468.134162,0.050000,54468.134230,54468.143135,54468.193136
R340:54468.154275,0.050000,54468.154334,54468.193267,54468.243268
R341:54468.165710,0.050000,54468.193246,54468.243309,54468.293309
R342:54468.170809,0.050000,54468.193249,54468.293390,54468.343391
R343:54468.178520,0.050000,54468.193252,54468.343465,54468.393465
R344:54468.248663,0.050000,54468.249321,54468.393498,54468.443499
R345:54468.279713,0.050000,54468.280493,54468.443527,54468.493528
R346:54468.303410,0.050000,54468.303714,54468.493596,54468.543597
R347:54468.331640,0.050000,54468.343446,54468.543646,54468.593647
R348:54468.338646,0.050000,54468.343450,54468.593696,54468.643697
R349:54468.375975,0.050000,54468.385082,54468.643731,54468.693733
R350:54468.557830,0.050000,54468.557976,54468.693776,54468.743777
R351:54468.616558,0.050000,54468.616703,54468.743819,54468.793820
R352:54468.637429,0.050000,54468.643750,54468.793869,54468.843870
R353:54468.709445,0.050000,54468.709523,54468.843939,54468.893940
R354:54468.805407,0.050000,54468.805714,54468.893977,54468.943978
R355:54468.851272,0.050000,54468.851318,54468.944021,54468.994022
R356:54468.863923,0.050000,54468.892316,54468.994075,54469.044076
R357:54469.007072,0.050000,54469.007111,54469.044145,54469.094146
R358:54469.072672,0.050000,54469.072713,54469.094232,54469.144233
R359:54469.121402,0.050000,54469.121450,54469.144304,54469.194343
R360:54469.137213,0.050000,54469.144290,54469.194382,54469.244383
R361:54469.191968,0.050000,54469.192004,54469.244436,54469.294437
R362:54469.230264,0.050000,54469.230316,54469.294473,54469.344474
R363:54469.349554,0.050000,54469.349628,54469.349636,54469.399643
R364:54469.383324,0.050000,54469.390268,54469.399694,54469.449695
R365:54469.402274,0.050000,54469.402356,54469.449767,54469.499768
R366:54469.429600,0.050000,54469.443354,54469.499811,54469.549812
R367:54469.517422,0.050000,54469.517529,54469.549872,54469.599873
R368:54469.585993,0.050000,54469.586102,54469.599933,54469.649935
R369:54469.865521,0.050000,54469.865570,54469.866148,54469.916149
R370:54469.893189,0.050000,54469.906094,54469.916195,54469.966196
R371:54470.045249,0.050000,54470.045301,54470.045323,54470.095325
R372:54470.055101,0.050000,54470.086105,54470.095402,54470.145403
R373:54470.090426,0.050000,54470.090444,54470.145464,54470.195465
R374:54470.090846,0.050000,54470.090861,54470.195524,54470.245525
R375:54470.192879,0.050000,54470.192905,54470.246414,54470.296473
R376:54470.292761,0.050000,54470.292847,54470.296519,54470.346520
R377:54470.316963,0.050000,54470.317014,54470.346604,54470.396605
R378:54470.325819,0.050000,54470.346587,54470.396652,54470.446653
R379:54470.459730,0.050000,54470.459783,54470.460246,54470.510247
R380:54470.544965,0.050000,54470.545578,54470.545587,54470.595588
R381:54470.548437,0.050000,54470.548463,54470.595655,54470.645656
R382:54470.588255,0.050000,54470.588283,54470.645699,54470.695700
R383:54470.875186,0.050000,54470.875230,54470.875648,54470.925649
R384:54470.957370,0.050000,54470.957420,54470.957853,54471.007854
R385:54470.973276,0.050000,54470.973334,54471.007910,54471.057911
R386:54471.016224,0.050000,54471.016297,54471.057938,54471.107939
R387:54471.149954,0.050000,54471.150016,54471.150547,54471.200548
R388:54471.156622,0.050000,54471.156654,54471.200585,54471.250586
R389:54471.163794,0.050000,54471.163864,54471.250649,54471.300650
R390:54471.196128,0.050000,54471.196234,54471.300702,54471.350703
R391:54471.220482,0.050000,54471.220588,54471.350755,54471.400756
R392:54471.292194,0.050000,54471.292474,54471.400811,54471.450812
R393:54471.403272,0.050000,54471.403861,54471.450846,54471.500848
R394:54471.413744,0.050000,54471.444195,54471.500907,54471.550908
R395:54471.417454,0.050000,54471.444199,54471.550965,54471.600966
R396:54471.421296,0.050000,54471.444205,54471.601016,54471.651017
R397:54471.462334,0.050000,54471.462460,54471.651064,54471.701065
R398:54471.563902,0.050000,54471.564100,54471.701115,54471.751116
R399:54471.643006,0.050000,54471.643121,54471.751201,54471.801202
R400:54471.682526,0.050000,54471.682854,54471.801277,54471.851278
R401:54471.691408,0.050000,54471.701105,54471.851313,54471.901314
R402:54471.751420,0.050000,54471.751451,54471.901371,54471.951372
R403:54471.809298,0.050000,54471.809662,54471.951413,54472.001414
R404:54471.860318,0.050000,54471.860360,54472.001466,54472.051467
R405:54471.921103,0.050000,54471.921344,54472.051522,54472.101523
R406:54471.951750,0.050000,54471.951767,54472.101579,54472.151580
R407:54471.976679,0.050000,54471.992280,54472.151627,54472.201628
R408:54472.124494,0.050000,54472.124557,54472.201674,54472.251675
R409:54472.167985,0.050000,54472.168033,54472.251730,54472.301731
R410:54472.180584,0.050000,54472.201690,54472.301821,54472.351822
R411:54472.244743,0.050000,54472.244774,54472.351878,54472.401879
R412:54472.294931,0.050000,54472.294960,54472.401919,54472.451920
R413:54472.359374,0.050000,54472.359633,54472.451976,54472.501977
R414:54472.420263,0.050000,54472.420398,54472.502013,54472.552014
R415:54472.438358,0.050000,54472.438612,54472.552066,54472.602066
R416:54472.556860,0.050000,54472.556889,54472.602097,54472.652098
R417:54472.561813,0.050000,54472.597291,54472.652153,54472.702154
R418:54472.569091,0.050000,54472.597300,54472.702205,54472.752206
R419:54472.741563,0.050000,54472.741640,54472.752254,54472.802255
R420:54472.754629,0.050000,54472.754673,54472.802338,54472.852339
R421:54472.798805,0.050000,54472.798862,54472.852399,54472.902400
R422:54472.816135,0.050000,54472.816212,54472.902450,54472.952451
R423:54472.934417,0.050000,54472.934495,54472.952488,54473.002489
R424:54472.958329,0.050000,54472.958369,54473.002517,54473.052518
R425:54472.988898,0.050000,54472.999095,54473.052551,54473.102552
R426:54473.129994,0.050000,54473.130049,54473.130060,54473.180072
R427:54473.160001,0.050000,54473.171350,54473.180125,54473.230126
R428:54473.272649,0.050000,54473.272686,54473.272907,54473.322908
R429:54473.344531,0.050000,54473.344734,54473.344745,54473.394747
R430:54473.347137,0.050000,54473.347169,54473.394806,54473.444807
R431:54473.367095,0.050000,54473.367175,54473.444841,54473.494842
R432:54473.467662,0.050000,54473.467713,54473.494901,54473.544902
R433:54473.533357,0.050000,54473.533417,54473.544951,54473.594952
R434:54473.654058,0.050000,54473.654175,54473.654261,54473.704262
R435:54473.678839,0.050000,54473.696088,54473.704342,54473.754344
R436:54473.695555,0.050000,54473.696095,54473.754386,54473.804387
R437:54473.710317,0.050000,54473.710366,54473.805200,54473.855202
R438:54473.773693,0.050000,54473.773768,54473.855247,54473.905248
R439:54473.781645,0.050000,54473.781699,54473.905282,54473.955283
R440:54473.856627,0.050000,54473.856659,54473.955379,54474.005380
R441:54473.958374,0.050000,54473.958413,54474.005423,54474.055424
R442:54474.043245,0.050000,54474.043358,54474.055480,54474.105481
R443:54474.058349,0.050000,54474.058383,54474.105594,54474.155595
R444:54474.092632,0.050000,54474.099205,54474.155655,54474.205656
R445:54474.117984,0.050000,54474.118034,54474.205704,54474.255705
R446:54474.155996,0.050000,54474.156019,54474.255743,54474.305744
R447:54474.173552,0.050000,54474.197111,54474.305779,54474.355780
R448:54474.206057,0.050000,54474.206109,54474.355854,54474.405855
R449:54474.256892,0.050000,54474.256924,54474.405900,54474.455901
R450:54474.269107,0.050000,54474.269240,54474.455945,54474.505946
R451:54474.323695,0.050000,54474.323739,54474.505980,54474.555981
R452:54474.324957,0.050000,54474.355841,54474.556017,54474.606018
R453:54474.357179,0.050000,54474.397129,54474.606205,54474.656207
R454:54474.390184,0.050000,54474.397140,54474.656255,54474.706256
R455:54474.415284,0.050000,54474.415345,54474.706312,54474.756313
R456:54474.505315,0.050000,54474.505418,54474.756383,54474.806384
R457:54474.526277,0.050000,54474.526320,54474.806441,54474.856442
R458:54474.597290,0.050000,54474.597315,54474.856490,54474.906491
R459:54474.652387,0.050000,54474.652437,54474.906529,54474.956530
R460:54474.821234,0.050000,54474.821281,54474.956589,54475.006591
R461:54474.898715,0.050000,54474.898742,54475.006647,54475.056648
R462:54475.009812,0.050000,54475.009930,54475.056687,54475.106688
R463:54475.090115,0.050000,54475.090192,54475.106780,54475.156781
R464:54475.115397,0.050000,54475.115444,54475.156841,54475.206842
R465:54475.184892,0.050000,54475.184944,54475.206904,54475.256905
R466:54475.185506,0.050000,54475.206892,54475.256954,54475.306955
R467:54475.236430,0.050000,54475.248224,54475.307006,54475.357007
R468:54475.360305,0.050000,54475.360412,54475.360424,54475.410425
R469:54475.424684,0.050000,54475.424852,54475.424862,54475.474864
R470:54475.493461,0.050000,54475.494197,54475.494207,54475.544208
R471:54475.542354,0.050000,54475.542396,54475.544248,54475.594249
R472:54475.576607,0.050000,54475.576648,54475.594301,54475.644303
R473:54475.606706,0.050000,54475.606747,54475.644363,54475.694364
R474:54475.691428,0.050000,54475.691458,54475.694390,54475.744391
R475:54475.799453,0.050000,54475.799652,54475.799663,54475.849664
R476:54475.875279,0.050000,54475.875531,54475.875540,54475.925541
R477:54475.886462,0.050000,54475.886513,54475.925588,54475.975588
R478:54475.888790,0.050000,54475.888818,54475.975632,54476.025633
R479:54475.893259,0.050000,54475.893282,54476.025679,54476.075680
R480:54475.970529,0.050000,54475.970555,54476.075727,54476.125728
R481:54475.984491,0.050000,54475.984523,54476.125779,54476.175780
R482:54476.048956,0.050000,54476.048994,54476.175815,54476.225866
R483:54476.129669,0.050000,54476.129779,54476.225924,54476.275925
R484:54476.186015,0.050000,54476.186097,54476.275988,54476.325989
R485:54476.186344,0.050000,54476.186365,54476.326037,54476.376112
R486:54476.187020,0.050000,54476.187037,54476.376151,54476.426152
R487:54476.211550,0.050000,54476.211601,54476.426222,54476.476223
R488:54476.232023,0.050000,54476.232049,54476.476263,54476.526265
R489:54476.303511,0.050000,54476.303654,54476.526306,54476.576307
R490:54476.434312,0.050000,54476.434412,54476.576357,54476.626358
R491:54476.448545,0.050000,54476.475303,54476.626391,54476.676392
R492:54476.477448,0.050000,54476.477486,54476.676450,54476.726450
R493:54476.551437,0.050000,54476.551481,54476.726500,54476.776501
R494:54476.692888,0.050000,54476.692928,54476.776561,54476.826562
R495:54476.764161,0.050000,54476.764214,54476.826605,54476.876606
R496:54476.789763,0.050000,54476.789946,54476.876648,54476.926650
R497:54476.934661,0.050000,54476.934702,54476.934938,54476.984939
R498:54476.948608,0.050000,54476.976101,54476.984972,54477.034973
R499:54476.960143,0.050000,54476.976109,54477.035743,54477.085748
R500:54477.007030,0.050000,54477.007057,54477.085779,54477.135780
R501:54477.125226,0.050000,54477.125272,54477.135827,54477.185828
R502:54477.200656,0.050000,54477.200699,54477.200867,54477.250869
R503:54477.357223,0.050000,54477.357279,54477.357751,54477.407752
R504:54477.371483,0.050000,54477.371530,54477.407783,54477.457784
R505:54477.405047,0.050000,54477.405104,54477.457827,54477.507828
R506:54477.487106,0.050000,54477.487176,54477.507882,54477.557883
R507:54477.622874,0.050000,54477.622918,54477.623544,54477.673545
R508:54477.675940,0.050000,54477.675980,54477.676267,54477.726268
R509:54477.765675,0.050000,54477.765768,54477.765928,54477.815975
R510:54477.945531,0.050000,54477.945612,54477.945716,54477.995810
R511:54477.963421,0.050000,54477.963498,54477.995871,54478.045872
R512:54478.137696,0.050000,54478.137782,54478.137939,54478.187940
R513:54478.191335,0.050000,54478.191393,54478.191505,54478.241506
R514:54478.372073,0.050000,54478.372116,54478.372552,54478.422553
R515:54478.417696,0.050000,54478.417743,54478.422600,54478.472600
R516:54478.471456,0.050000,54478.471487,54478.472648,54478.522649
R517:54478.658145,0.050000,54478.658179,54478.658645,54478.708646
R518:54478.765428,0.050000,54478.765521,54478.765650,54478.815651
R519:54478.877807,0.050000,54478.877863,54478.877912,54478.927913
R520:54478.938124,0.050000,54478.938191,54478.938805,54478.988806
R521:54479.009626,0.050000,54479.009703,54479.009805,54479.059806
R522:54479.367150,0.050000,54479.367214,54479.367318,54479.417319
R523:54479.550468,0.050000,54479.550515,54479.551137,54479.601139
R524:54479.576732,0.050000,54479.576778,54479.601216,54479.651217
R525:54479.715101,0.050000,54479.715147,54479.715648,54479.765649
R526:54479.774539,0.050000,54479.774590,54479.774978,54479.824979
R527:54479.842346,0.050000,54479.842394,54479.842858,54479.892859
R528:54479.937410,0.050000,54479.937452,54479.937890,54479.987891
R529:54480.037106,0.050000,54480.037186,54480.037532,54480.087533
R530:54480.142872,0.050000,54480.142932,54480.143409,54480.193409
R531:54480.163344,0.050000,54480.163394,54480.193474,54480.243475
R532:54480.225803,0.050000,54480.225847,54480.243551,54480.293552
R533:54480.268585,0.050000,54480.268631,54480.293631,54480.343632
R534:54480.281215,0.050000,54480.293614,54480.343670,54480.393687
R535:54480.387521,0.050000,54480.387568,54480.393740,54480.443741
R536:54480.521285,0.050000,54480.521911,54480.521921,54480.571922
R537:54480.658985,0.050000,54480.659501,54480.659511,54480.709512
R538:54480.731910,0.050000,54480.732117,54480.732128,54480.782130
R539:54480.767501,0.050000,54480.767562,54480.782391,54480.832398
R540:54480.830767,0.050000,54480.830813,54480.832443,54480.882444
R541:54480.891449,0.050000,54480.891495,54480.891594,54480.941595
R542:54480.960726,0.050000,54480.960778,54480.961314,54481.011314
R543:54481.012448,0.050000,54481.012481,54481.012595,54481.062596
R544:54481.023462,0.050000,54481.023525,54481.062655,54481.112672
R545:54481.081563,0.050000,54481.081625,54481.112708,54481.162709
R546:54481.084128,0.050000,54481.084183,54481.162845,54481.212846
R547:54481.165247,0.050000,54481.165305,54481.212894,54481.262895
R548:54481.214231,0.050000,54481.214268,54481.262952,54481.312953
R549:54481.333678,0.050000,54481.333732,54481.334770,54481.384771
R550:54481.382048,0.050000,54481.382114,54481.384858,54481.434859
R551:54481.390238,0.050000,54481.390608,54481.434907,54481.484907
R552:54481.436520,0.050000,54481.436561,54481.484991,54481.534992
R553:54481.484412,0.050000,54481.484574,54481.535045,54481.585046
R554:54481.488344,0.050000,54481.488434,54481.585087,54481.635089
R555:54481.600909,0.050000,54481.600963,54481.635182,54481.685183
R556:54481.633678,0.050000,54481.633782,54481.685226,54481.735227
R557:54481.701669,0.050000,54481.701709,54481.735315,54481.785316
R558:54481.741922,0.050000,54481.741952,54481.785351,54481.835352
R559:54481.752426,0.050000,54481.783195,54481.835410,54481.885411
R560:54481.788037,0.050000,54481.788061,54481.885443,54481.935443
R561:54481.807108,0.050000,54481.828082,54481.936097,54481.986100
R562:54481.841976,0.050000,54481.842000,54481.986143,54482.036144
R563:54481.843212,0.050000,54481.883292,54482.036183,54482.086184
R564:54481.927703,0.050000,54481.927737,54482.086240,54482.136241
R565:54481.984719,0.050000,54481.984759,54482.136311,54482.186313
R566:54482.096753,0.050000,54482.096802,54482.186373,54482.236374
R567:54482.155137,0.050000,54482.155252,54482.236443,54482.286445
R568:54482.194817,0.050000,54482.194884,54482.286503,54482.336504
R569:54482.238212,0.050000,54482.238241,54482.336547,54482.386548
R570:54482.596535,0.050000,54482.596650,54482.597265,54482.647266
R571:54482.601342,0.050000,54482.601399,54482.647330,54482.697331
R572:54482.606651,0.050000,54482.606712,54482.697383,54482.747384
R573:54482.675068,0.050000,54482.675124,54482.747440,54482.797442
R574:54482.735951,0.050000,54482.736006,54482.797517,54482.847518
R575:54482.752881,0.050000,54482.752912,54482.847577,54482.897578
R576:54482.769735,0.050000,54482.794210,54482.897639,54482.947640
R577:54482.836340,0.050000,54482.836388,54482.947711,54482.997712
R578:54483.007945,0.050000,54483.007992,54483.008323,54483.058324
R579:54483.097360,0.050000,54483.097404,54483.097780,54483.147781
R580:54483.138894,0.050000,54483.138931,54483.147841,54483.197842
R581:54483.177484,0.050000,54483.177535,54483.197874,54483.247874
R582:54483.304341,0.050000,54483.304394,54483.305176,54483.355178
R583:54483.507830,0.050000,54483.507889,54483.507938,54483.557939
R584:54483.706260,0.050000,54483.706302,54483.706733,54483.764605
R585:54483.859261,0.050000,54483.859297,54483.859894,54483.909896
R586:54483.956520,0.050000,54483.956612,54483.956749,54484.006750
R587:54483.983766,0.050000,54483.983835,54484.006798,54484.056799
R588:54484.035197,0.050000,54484.035274,54484.056908,54484.106909
R589:54484.051828,0.050000,54484.056851,54484.106939,54484.156962
R590:54484.095205,0.050000,54484.101086,54484.156987,54484.206993
R591:54484.294757,0.050000,54484.294890,54484.294938,54484.344939
R592:54484.336828,0.050000,54484.336856,54484.344992,54484.394993
R593:54484.480705,0.050000,54484.480741,54484.481317,54484.531318
R594:54484.708786,0.050000,54484.708836,54484.709518,54484.759519
R595:54484.722455,0.050000,54484.722508,54484.759655,54484.809656
R596:54484.763412,0.050000,54484.763448,54484.809717,54484.859761
R597:54484.864526,0.050000,54484.864564,54484.864703,54484.914704
R598:54484.961619,0.050000,54484.961691,54484.961823,54485.011824
R599:54485.118561,0.050000,54485.118635,54485.118757,54485.168806
R600:54485.138603,0.050000,54485.138655,54485.168874,54485.218895
R601:54485.234476,0.050000,54485.234524,54485.234639,54485.284640
R602:54485.455357,0.050000,54485.455402,54485.455957,54485.505958
R603:54485.482351,0.050000,54485.482401,54485.506007,54485.556008
R604:54485.516772,0.050000,54485.516803,54485.556065,54485.606066
R605:54485.572076,0.050000,54485.572117,54485.606118,54485.656160
R606:54485.626857,0.050000,54485.626904,54485.656210,54485.706211
R607:54485.692358,0.050000,54485.692404,54485.706266,54485.756266
R608:54485.706908,0.050000,54485.706946,54485.756293,54485.806294
R609:54485.751925,0.050000,54485.752144,54485.806353,54485.856353
R610:54485.782022,0.050000,54485.782185,54485.856410,54485.906411
R611:54485.852983,0.050000,54485.853014,54485.906468,54485.956470
R612:54486.018705,0.050000,54486.018749,54486.019327,54486.069328
R613:54486.034599,0.050000,54486.060039,54486.069401,54486.120072
R614:54486.096858,0.050000,54486.096961,54486.120142,54486.170206
R615:54486.230769,0.050000,54486.230839,54486.231827,54486.281828
R616:54486.238756,0.050000,54486.272215,54486.281859,54486.331860
R617:54486.270000,0.050000,54486.272225,54486.331903,54486.381904
R618:54486.284841,0.050000,54486.284930,54486.381965,54486.431966
R619:54486.354344,0.050000,54486.354470,54486.432013,54486.482014
R620:54486.414422,0.050000,54486.414475,54486.482058,54486.532059
R621:54486.489844,0.050000,54486.489882,54486.532098,54486.582099
R622:54486.550469,0.050000,54486.550561,54486.582153,54486.632154
R623:54486.554670,0.050000,54486.554761,54486.632727,54486.682729
R624:54486.609692,0.050000,54486.609801,54486.682792,54486.732793
R625:54486.665169,0.050000,54486.665210,54486.732850,54486.782851
R626:54486.683858,0.050000,54486.683956,54486.782893,54486.832894
R627:54486.685286,0.050000,54486.725109,54486.832950,54486.882951
R628:54486.713453,0.050000,54486.725112,54486.882991,54486.935075
R629:54486.714082,0.050000,54486.725118,54486.935135,54486.985141
R630:54486.885922,0.050000,54486.886084,54486.985199,54487.035200
R631:54486.947834,0.050000,54486.947977,54487.035247,54487.085248
R632:54487.047319,0.050000,54487.047360,54487.085296,54487.135374
R633:54487.193023,0.050000,54487.193206,54487.193218,54487.243219
R634:54487.373742,0.050000,54487.373902,54487.373916,54487.423918
R635:54487.386565,0.050000,54487.386612,54487.424017,54487.474019
R636:54487.426275,0.050000,54487.426302,54487.474120,54487.524121
R637:54487.471134,0.050000,54487.471205,54487.524160,54487.574161
R638:54487.577119,0.050000,54487.577144,54487.577425,54487.627426
R639:54487.645200,0.050000,54487.645253,54487.645662,54487.695663
R640:54487.870129,0.050000,54487.870219,54487.870754,54487.926892
R641:54487.881558,0.050000,54487.881591,54487.926964,54487.976965
R642:54487.904789,0.050000,54487.904827,54487.977015,54488.027016
R643:54488.047481,0.050000,54488.047543,54488.048140,54488.098141
R644:54488.078039,0.050000,54488.089135,54488.098184,54488.148238
R645:54488.231257,0.050000,54488.231296,54488.231704,54488.281706
R646:54488.323287,0.050000,54488.323386,54488.324673,54488.374674
R647:54488.366541,0.050000,54488.366589,54488.374738,54488.424739
R648:54488.388006,0.050000,54488.388059,54488.424802,54488.474803
R649:54488.583537,0.050000,54488.583565,54488.583638,54488.633707
R650:54488.592364,0.050000,54488.625156,54488.633783,54488.683784
R651:54488.726432,0.050000,54488.726478,54488.726776,54488.776777
R652:54488.791645,0.050000,54488.791696,54488.792113,54488.842114
R653:54488.876342,0.050000,54488.876398,54488.876903,54488.926904
R654:54489.048769,0.050000,54489.048946,54489.048972,54489.098973
R655:54489.062441,0.050000,54489.062489,54489.099000,54489.149001
R656:54489.084666,0.050000,54489.084735,54489.149092,54489.199121
R657:54489.097024,0.050000,54489.097073,54489.199175,54489.249175
R658:54489.112261,0.050000,54489.112309,54489.249249,54489.299250
R659:54489.177958,0.050000,54489.178010,54489.299275,54489.349276
R660:54489.191307,0.050000,54489.199164,54489.349334,54489.399335
R661:54489.200535,0.050000,54489.244567,54489.399394,54489.449395
R662:54489.218161,0.050000,54489.244576,54489.449458,54489.499459
R663:54489.415130,0.050000,54489.415189,54489.499511,54489.549512
R664:54489.418032,0.050000,54489.449443,54489.549566,54489.599567
R665:54489.432759,0.050000,54489.449446,54489.599639,54489.649641
R666:54489.441841,0.050000,54489.449448,54489.649705,54489.699706
R667:54489.483389,0.050000,54489.488113,54489.699763,54489.749764
R668:54489.553634,0.050000,54489.553661,54489.749820,54489.799822
R669:54489.718542,0.050000,54489.718594,54489.799909,54489.849910
R670:54489.725792,0.050000,54489.725837,54489.849986,54489.899987
R671:54489.789494,0.050000,54489.789648,54489.900031,54489.950046
R672:54489.794684,0.050000,54489.799893,54489.950238,54490.000239
R673:54489.828262,0.050000,54489.841255,54490.000286,54490.050286
R674:54489.874204,0.050000,54489.874267,54490.050322,54490.100383
R675:54489.912644,0.050000,54489.912685,54490.100451,54490.150453
R676:54489.935946,0.050000,54489.950218,54490.150512,54490.200513
R677:54489.954747,0.050000,54489.992217,54490.200576,54490.250578
R678:54490.117383,0.050000,54490.117718,54490.250623,54490.300624
R679:54490.173587,0.050000,54490.173828,54490.300670,54490.350670
R680:54490.189068,0.050000,54490.200563,54490.350723,54490.400724
R681:54490.191461,0.050000,54490.200566,54490.400783,54490.450813
R682:54490.229273,0.050000,54490.238096,54490.450865,54490.500866
R683:54490.341521,0.050000,54490.341568,54490.500916,54490.550932
R684:54490.435213,0.050000,54490.435322,54490.550966,54490.600967
R685:54490.464921,0.050000,54490.464977,54490.601703,54490.651705
R686:54490.878491,0.050000,54490.878525,54490.878628,54490.928629
R687:54490.880987,0.050000,54490.920300,54490.928724,54490.978725
R688:54490.930555,0.050000,54490.930636,54490.978761,54491.028762
R689:54490.945730,0.050000,54490.972290,54491.028843,54491.078844
R690:54491.018850,0.050000,54491.018912,54491.078904,54491.128905
R691:54491.099466,0.050000,54491.099506,54491.129038,54491.179051
R692:54491.126216,0.050000,54491.129022,54491.179100,54491.229100
R693:54491.273280,0.050000,54491.273511,54491.273521,54491.323522
R694:54491.342831,0.050000,54491.342886,54491.343009,54491.393010
R695:54491.370886,0.050000,54491.370955,54491.393096,54491.443097
R696:54491.374521,0.050000,54491.374618,54491.443146,54491.493147
R697:54491.472177,0.050000,54491.472217,54491.493215,54491.543216
R698:54491.581098,0.050000,54491.581147,54491.581230,54491.631231
R699:54491.661222,0.050000,54491.661274,54491.661415,54491.711416
R700:54491.737737,0.050000,54491.737800,54491.738339,54491.788340
R701:54491.894254,0.050000,54491.894315,54491.894940,54491.944942
R702:54491.919460,0.050000,54491.919492,54491.945000,54491.995001
R703:54492.012672,0.050000,54492.012717,54492.013125,54492.063126
R704:54492.036393,0.050000,54492.054331,54492.063182,54492.113183
R705:54492.146996,0.050000,54492.147045,54492.148416,54492.198417
R706:54492.161103,0.050000,54492.186260,54492.198468,54492.248521
R707:54492.220960,0.050000,54492.221001,54492.248589,54492.298590
R708:54492.224875,0.050000,54492.248575,54492.298639,54492.348640
R709:54492.232363,0.050000,54492.248577,54492.348717,54492.398718
R710:54492.244858,0.050000,54492.248578,54492.398743,54492.448744
R711:54492.263763,0.050000,54492.290276,54492.448789,54492.498803
R712:54492.273671,0.050000,54492.290283,54492.498837,54492.548839
R713:54492.333230,0.050000,54492.333271,54492.548914,54492.598915
R714:54492.337489,0.050000,54492.348704,54492.598973,54492.648974
R715:54492.485150,0.050000,54492.485252,54492.649032,54492.699039
R716:54492.679751,0.050000,54492.679836,54492.699090,54492.749091
R717:54492.684633,0.050000,54492.699079,54492.749140,54492.799141
R718:54492.857606,0.050000,54492.858192,54492.858200,54492.908201
R719:54492.899979,0.050000,54492.900105,54492.908233,54492.958234
R720:54492.919972,0.050000,54492.920021,54492.958294,54493.008345
R721:54492.979218,0.050000,54492.979268,54493.008498,54493.058499
R722:54492.992028,0.050000,54493.008429,54493.058556,54493.108556
R723:54493.051513,0.050000,54493.051544,54493.108615,54493.158616
R724:54493.094846,0.050000,54493.094892,54493.158649,54493.208649
R725:54493.207686,0.050000,54493.207735,54493.208682,54493.258683
R726:54493.381534,0.050000,54493.381625,54493.382051,54493.432243
R727:54493.431580,0.050000,54493.431693,54493.432335,54493.482378
R728:54493.489960,0.050000,54493.490008,54493.491555,54493.541556
R729:54493.577270,0.050000,54493.577369,54493.578053,54493.628053
R730:54493.594452,0.050000,54493.594500,54493.628127,54493.678127
R731:54493.615443,0.050000,54493.615523,54493.678166,54493.728173
R732:54493.682725,0.050000,54493.682756,54493.728227,54493.778228
R733:54493.734955,0.050000,54493.735093,54493.778284,54493.828285
R734:54493.737355,0.050000,54493.737382,54493.828329,54493.878330
R735:54493.916720,0.050000,54493.916779,54493.917398,54493.967399
R736:54493.945341,0.050000,54493.945386,54493.967453,54494.017454
R737:54493.960807,0.050000,54493.960864,54494.017505,54494.067507
R738:54494.010380,0.050000,54494.010406,54494.067535,54494.117536
R739:54494.045010,0.050000,54494.045062,54494.117585,54494.167586
R740:54494.069823,0.050000,54494.069885,54494.167623,54494.217629
R741:54494.147562,0.050000,54494.147597,54494.217703,54494.280468
R742:54494.217458,0.050000,54494.217499,54494.280523,54494.330524
R743:54494.259736,0.050000,54494.259788,54494.330584,54494.380585
R744:54494.284213,0.050000,54494.284249,54494.380639,54494.430640
R745:54494.370680,0.050000,54494.370798,54494.430702,54494.480703
R746:54494.399814,0.050000,54494.399924,54494.480784,54494.530785
R747:54494.417716,0.050000,54494.430690,54494.531693,54494.581694
R748:54494.513909,0.050000,54494.513968,54494.581818,54494.631818
R749:54494.534333,0.050000,54494.534462,54494.631871,54494.681872
R750:54494.612292,0.050000,54494.612414,54494.681899,54494.731900
R751:54494.614408,0.050000,54494.614524,54494.731962,54494.781962
R752:54494.740477,0.050000,54494.740611,54494.782004,54494.832041
R753:54494.868955,0.050000,54494.869057,54494.869095,54494.919096
R754:54494.931615,0.050000,54494.931686,54494.931824,54494.981825
R755:54494.958632,0.050000,54494.958724,54494.981878,54495.031879
R756:54495.033494,0.050000,54495.033608,54495.033711,54495.083712
R757:54495.084494,0.050000,54495.084532,54495.084927,54495.134928
R758:54495.210276,0.050000,54495.210335,54495.210877,54495.260878
R759:54495.229611,0.050000,54495.229666,54495.260931,54495.310932
R760:54495.249482,0.050000,54495.249538,54495.310995,54495.360997
R761:54495.254722,0.050000,54495.254757,54495.361060,54495.411062
R762:54495.303486,0.050000,54495.303742,54495.411117,54495.461118
R763:54495.451506,0.050000,54495.451559,54495.461210,54495.511217
R764:54495.514961,0.050000,54495.515092,54495.515140,54495.565141
R765:54495.566018,0.050000,54495.566095,54495.566510,54495.616511
R766:54495.681019,0.050000,54495.681078,54495.683175,54495.733187
R767:54495.894169,0.050000,54495.894225,54495.894747,54495.944748
R768:54495.983394,0.050000,54495.983451,54495.984130,54496.034131
R769:54496.011651,0.050000,54496.011701,54496.034171,54496.084172
R770:54496.041607,0.050000,54496.041647,54496.084235,54496.134236
R771:54496.044829,0.050000,54496.082287,54496.134351,54496.184363
R772:54496.047438,0.050000,54496.082290,54496.184397,54496.234443
R773:54496.048347,0.050000,54496.082292,54496.234553,54496.284554
R774:54496.093380,0.050000,54496.093593,54496.284657,54496.334710
R775:54496.117393,0.050000,54496.134317,54496.334782,54496.384783
R776:54496.200291,0.050000,54496.200349,54496.384842,54496.434843
R777:54496.316312,0.050000,54496.316525,54496.434931,54496.484932
R778:54496.365400,0.050000,54496.365449,54496.484977,54496.534978
R779:54496.408723,0.050000,54496.408835,54496.535035,54496.585036
R780:54496.415348,0.050000,54496.434902,54496.585072,54496.635087
R781:54496.430541,0.050000,54496.434920,54496.635130,54496.685131
R782:54496.475550,0.050000,54496.475733,54496.685206,54496.735206
R783:54496.647438,0.050000,54496.647482,54496.735255,54496.785256
R784:54496.650581,0.050000,54496.685190,54496.785312,54496.835313
R785:54496.656638,0.050000,54496.685192,54496.835380,54496.885381
R786:54496.676391,0.050000,54496.685194,54496.885445,54496.935446
R787:54496.760276,0.050000,54496.760395,54496.935553,54496.985554
R788:54496.824743,0.050000,54496.824795,54496.985623,54497.035624
R789:54496.831507,0.050000,54496.835367,54497.035680,54497.085681
R790:54497.049017,0.050000,54497.049112,54497.085723,54497.135724
R791:54497.184001,0.050000,54497.184632,54497.184642,54497.234671
R792:54497.196268,0.050000,54497.225369,54497.234745,54497.284746
R793:54497.239606,0.050000,54497.239649,54497.284800,54497.334998
R794:54497.334580,0.050000,54497.334647,54497.335076,54497.385077
R795:54497.434990,0.050000,54497.435111,54497.435120,54497.485121
R796:54497.441367,0.050000,54497.476279,54497.485174,54497.535183
R797:54497.499831,0.050000,54497.499870,54497.535240,54497.585241
R798:54497.588823,0.050000,54497.589396,54497.589409,54497.639410
R799:54497.679746,0.050000,54497.680433,54497.680443,54497.732368
R800:54497.850459,0.050000,54497.850521,54497.850570,54497.900571
R801:54497.857400,0.050000,54497.857454,54497.900622,54497.950623
R802:54497.960845,0.050000,54497.960904,54497.961438,54498.011439
R803:54498.156097,0.050000,54498.156199,54498.156563,54498.206564
R804:54498.163497,0.050000,54498.163525,54498.206604,54498.256605
R805:54498.189168,0.050000,54498.189303,54498.256647,54498.306648
R806:54498.207598,0.050000,54498.207621,54498.306699,54498.356700
R807:54498.318517,0.050000,54498.318618,54498.356772,54498.406773
R808:54498.326394,0.050000,54498.326448,54498.406873,54498.456874
R809:54498.418923,0.050000,54498.419020,54498.457398,54498.507399
R810:54498.440731,0.050000,54498.456924,54498.507444,54498.557445
R811:54498.453485,0.050000,54498.456928,54498.557480,54498.607481
R812:54498.638767,0.050000,54498.638941,54498.638952,54498.688953
R813:54498.734354,0.050000,54498.734410,54498.734485,54498.784492
R814:54498.741290,0.050000,54498.741342,54498.784546,54498.834548
R815:54499.006002,0.050000,54499.006055,54499.006155,54499.056157
R816:54499.130582,0.050000,54499.130639,54499.131042,54499.181242
R817:54499.158612,0.050000,54499.158658,54499.181284,54499.231285
R818:54499.237349,0.050000,54499.237391,54499.237801,54499.287802
R819:54499.278428,0.050000,54499.278460,54499.287864,54499.337865
R820:54499.317174,0.050000,54499.317281,54499.337924,54499.387931
R821:54499.388399,0.050000,54499.388418,54499.388505,54499.438540
R822:54499.414965,0.050000,54499.430287,54499.438584,54499.488585
R823:54499.476479,0.050000,54499.476525,54499.488703,54499.538704
R824:54499.486001,0.050000,54499.488689,54499.538737,54499.588738
R825:54499.491885,0.050000,54499.529210,54499.588779,54499.638780
R826:54499.523886,0.050000,54499.529219,54499.638851,54499.688852
R827:54499.533922,0.050000,54499.533970,54499.688876,54499.738877
R828:54499.606152,0.050000,54499.606194,54499.738917,54499.788918
R829:54499.614439,0.050000,54499.638839,54499.788974,54499.838975
R830:54499.756413,0.050000,54499.756463,54499.839037,54499.889038
R831:54499.814925,0.050000,54499.814968,54499.889080,54499.939081
R832:54499.830970,0.050000,54499.839025,54499.939121,54499.989122
R833:54499.904936,0.050000,54499.904978,54499.989276,54500.039277
R834:54499.955780,0.050000,54499.955819,54500.039301,54500.089302
R835:54499.981380,0.050000,54499.989259,54500.089338,54500.139339
R836:54500.173293,0.050000,54500.174129,54500.174216,54500.224236
R837:54500.271105,0.050000,54500.271717,54500.271727,54500.321729
R838:54500.279922,0.050000,54500.279959,54500.321783,54500.371783
R839:54500.282609,0.050000,54500.282638,54500.371813,54500.421814
R840:54500.331082,0.050000,54500.331112,54500.421845,54500.471846
R841:54500.365418,0.050000,54500.371280,54500.471904,54500.521905
R842:54500.382058,0.050000,54500.382108,54500.521983,54500.571983
R843:54500.423393,0.050000,54500.423442,54500.572060,54500.622061
R844:54500.436738,0.050000,54500.464441,54500.622113,54500.672114
R845:54500.461959,0.050000,54500.464446,54500.672162,54500.722163
R846:54500.500473,0.050000,54500.500517,54500.722203,54500.772204
R847:54500.501092,0.050000,54500.521970,54500.772256,54500.822258
R848:54500.571285,0.050000,54500.571326,54500.822299,54500.872300
R849:54500.580512,0.050000,54500.580549,54500.872355,54500.922356
R850:54500.622182,0.050000,54500.622214,54500.922404,54500.972405
R851:54500.628596,0.050000,54500.628806,54500.972465,54501.022466
R852:54500.729998,0.050000,54500.730029,54501.022514,54501.072514
R853:54500.832854,0.050000,54500.832905,54501.072610,54501.122611
R854:54500.909916,0.050000,54500.909973,54501.122668,54501.172669
R855:54501.070776,0.050000,54501.070818,54501.172717,54501.222718
R856:54501.205507,0.050000,54501.205553,54501.222767,54501.272768
R857:54501.209926,0.050000,54501.222755,54501.272795,54501.322796
R858:54501.213191,0.050000,54501.222758,54501.322876,54501.372877
R859:54501.263188,0.050000,54501.264855,54501.372910,54501.422911
R860:54501.276293,0.050000,54501.276335,54501.422960,54501.472961
R861:54501.451805,0.050000,54501.451923,54501.473021,54501.523108
R862:54501.459778,0.050000,54501.459827,54501.523170,54501.573171
R863:54501.492913,0.050000,54501.493063,54501.573226,54501.623227
R864:54501.554123,0.050000,54501.554182,54501.623273,54501.673274
R865:54501.622644,0.050000,54501.622834,54501.673307,54501.723308
R866:54501.704631,0.050000,54501.704676,54501.723438,54501.773439
R867:54501.758038,0.050000,54501.758142,54501.773485,54501.823487
R868:54501.793224,0.050000,54501.793265,54501.823571,54501.873572
R869:54501.908706,0.050000,54501.908751,54501.908870,54501.958871
R870:54501.966533,0.050000,54501.966683,54501.966841,54502.016842
R871:54502.136544,0.050000,54502.136737,54502.136748,54502.186749
R872:54502.153369,0.050000,54502.153405,54502.186804,54502.236805
R873:54502.257310,0.050000,54502.257356,54502.257731,54502.307732
R874:54502.288684,0.050000,54502.298246,54502.307798,54502.357799
R875:54502.320867,0.050000,54502.320930,54502.357850,54502.407851
R876:54502.328059,0.050000,54502.357861,54502.407902,54502.457903
R877:54502.438377,0.050000,54502.438420,54502.457978,54502.507979
R878:54502.471397,0.050000,54502.471461,54502.508040,54502.558041
R879:54502.563310,0.050000,54502.563358,54502.563493,54502.613494
R880:54502.744919,0.050000,54502.744963,54502.745353,54502.795656
R881:54502.871178,0.050000,54502.871261,54502.871841,54502.921842
R882:54502.990039,0.050000,54502.990099,54502.990673,54503.040674
R883:54503.073729,0.050000,54503.073797,54503.073921,54503.123922
R884:54503.141122,0.050000,54503.141178,54503.141323,54503.191324
R885:54503.189648,0.050000,54503.189705,54503.191353,54503.241354
R886:54503.255159,0.050000,54503.255186,54503.255927,54503.305927
R887:54503.301868,0.050000,54503.301890,54503.306000,54503.356001
R888:54503.359750,0.050000,54503.359790,54503.360268,54503.410269
R889:54503.434302,0.050000,54503.434362,54503.434974,54503.484975
R890:54503.436407,0.050000,54503.436432,54503.485070,54503.535071
R891:54503.530514,0.050000,54503.530555,54503.535200,54503.585201
R892:54503.591639,0.050000,54503.591706,54503.591824,54503.641825
R893:54503.601737,0.050000,54503.632173,54503.641869,54503.691870
R894:54503.612181,0.050000,54503.632177,54503.691918,54503.741919
R895:54503.626782,0.050000,54503.632182,54503.741974,54503.791975
R896:54503.727011,0.050000,54503.727064,54503.792028,54503.842094
R897:54503.851100,0.050000,54503.851143,54503.851256,54503.901257
R898:54503.939878,0.050000,54503.939929,54503.940047,54503.990048
R899:54503.953570,0.050000,54503.953638,54503.990084,54504.040130
R900:54504.027020,0.050000,54504.027193,54504.040221,54504.090222
R901:54504.052374,0.050000,54504.052423,54504.090360,54504.140361
R902:54504.060305,0.050000,54504.090331,54504.140401,54504.190402
R903:54504.206654,0.050000,54504.206771,54504.206781,54504.256782
R904:54504.214105,0.050000,54504.214134,54504.256835,54504.306836
R905:54504.257764,0.050000,54504.257793,54504.306870,54504.356871
R906:54504.278955,0.050000,54504.279261,54504.356916,54504.406916
R907:54504.294340,0.050000,54504.294614,54504.406962,54504.456963
R908:54504.317340,0.050000,54504.317373,54504.456996,54504.506997
R909:54504.389241,0.050000,54504.389280,54504.507054,54504.557056
R910:54504.585501,0.050000,54504.585603,54504.585677,54504.635678
R911:54504.602457,0.050000,54504.626162,54504.635711,54504.685712
R912:54504.649718,0.050000,54504.649758,54504.685770,54504.735771
R913:54504.750304,0.050000,54504.750381,54504.750505,54504.800506
R914:54504.934092,0.050000,54504.934194,54504.934207,54504.984208
R915:54504.944411,0.050000,54504.944454,54504.984248,54505.034249
R916:54504.967776,0.050000,54504.967814,54505.034299,54505.084300
R917:54505.022947,0.050000,54505.022978,54505.084351,54505.134353
R918:54505.092505,0.050000,54505.092587,54505.134391,54505.184392
R919:54505.230862,0.050000,54505.230922,54505.231227,54505.281272
R920:54505.248741,0.050000,54505.248785,54505.281340,54505.331341
R921:54505.323778,0.050000,54505.323834,54505.331399,54505.381400
R922:54505.390282,0.050000,54505.390327,54505.390637,54505.440638
R923:54505.509556,0.050000,54505.509595,54505.509967,54505.559968
R924:54505.621455,0.050000,54505.621530,54505.622220,54505.672221
R925:54505.720611,0.050000,54505.720664,54505.721147,54505.771169
R926:54505.722637,0.050000,54505.722663,54505.771202,54505.821203
R927:54505.782218,0.050000,54505.782264,54505.821256,54505.871257
R928:54505.846757,0.050000,54505.846839,54505.871317,54505.921319
R929:54505.943116,0.050000,54505.943192,54505.943307,54505.993308
R930:54506.042534,0.050000,54506.042569,54506.043011,54506.093012
R931:54506.065105,0.050000,54506.065170,54506.093060,54506.143061
R932:54506.070545,0.050000,54506.070575,54506.143207,54506.193208
R933:54506.211985,0.050000,54506.212024,54506.212454,54506.262455
R934:54506.224926,0.050000,54506.252387,54506.262525,54506.312526
R935:54506.238343,0.050000,54506.252395,54506.312605,54506.362606
R936:54506.268249,0.050000,54506.268367,54506.362648,54506.412649
R937:54506.307554,0.050000,54506.309091,54506.412711,54506.462712
R938:54506.340366,0.050000,54506.340409,54506.462744,54506.512745
R939:54506.411116,0.050000,54506.411158,54506.512783,54506.562784
R940:54506.419169,0.050000,54506.419200,54506.562827,54506.612827
R941:54506.445808,0.050000,54506.459290,54506.612886,54506.662887
R942:54506.581762,0.050000,54506.581807,54506.662959,54506.712960
R943:54506.645056,0.050000,54506.645109,54506.713013,54506.763022
R944:54506.653276,0.050000,54506.662946,54506.763073,54506.813074
R945:54506.763623,0.050000,54506.763663,54506.813181,54506.863182
R946:54506.857321,0.050000,54506.857359,54506.863212,54506.913212
R947:54506.892462,0.050000,54506.892505,54506.913251,54506.963252
R948:54506.924087,0.050000,54506.924135,54506.963359,54507.013391
R949:54506.958931,0.050000,54506.963346,54507.013439,54507.063441
R950:54506.981247,0.050000,54507.004148,54507.063512,54507.113513
R951:54507.042427,0.050000,54507.042485,54507.113770,54507.163811
R952:54507.047258,0.050000,54507.063500,54507.163864,54507.213865
R953:54507.201878,0.050000,54507.201941,54507.213917,54507.263918
R954:54507.239899,0.050000,54507.239962,54507.263978,54507.313979
R955:54507.382125,0.050000,54507.382350,54507.382417,54507.432418
R956:54507.457207,0.050000,54507.457269,54507.457723,54507.507724
R957:54507.498499,0.050000,54507.498554,54507.507775,54507.557776
R958:54507.541137,0.050000,54507.541206,54507.557836,54507.607837
R959:54507.564338,0.050000,54507.564370,54507.607865,54507.657883
R960:54507.581445,0.050000,54507.605353,54507.658149,54507.708150
R961:54507.600388,0.050000,54507.605362,54507.708240,54507.758274
R962:54507.657848,0.050000,54507.657884,54507.758332,54507.808333
R963:54507.682088,0.050000,54507.682162,54507.808391,54507.858392
R964:54507.691279,0.050000,54507.708237,54507.858436,54507.908437
R965:54507.783792,0.050000,54507.783859,54507.908503,54507.958506
R966:54507.827784,0.050000,54507.827870,54507.958801,54508.008802
R967:54507.872612,0.050000,54507.872667,54508.008853,54508.058878
R968:54507.887422,0.050000,54507.908490,54508.058940,54508.108941
R969:54508.018454,0.050000,54508.018508,54508.108973,54508.158974
R970:54508.028611,0.050000,54508.028661,54508.159033,54508.209034
R971:54508.052220,0.050000,54508.052288,54508.209092,54508.259093
R972:54508.066364,0.050000,54508.066479,54508.259197,54508.309198
R973:54508.067037,0.050000,54508.108229,54508.309270,54508.359271
R974:54508.221356,0.050000,54508.221404,54508.359346,54508.409347
R975:54508.244514,0.050000,54508.259180,54508.409405,54508.459406
R976:54508.355118,0.050000,54508.355205,54508.459466,54508.509467
R977:54508.425659,0.050000,54508.425694,54508.509523,54508.559524
R978:54508.503939,0.050000,54508.503980,54508.559557,54508.609558
R979:54508.517159,0.050000,54508.517187,54508.609614,54508.659615
R980:54508.520428,0.050000,54508.559259,54508.659676,54508.709677
R981:54508.734657,0.050000,54508.734707,54508.734828,54508.784830
R982:54508.834240,0.050000,54508.834283,54508.834367,54508.884368
R983:54508.842390,0.050000,54508.842414,54508.884426,54508.934427
R984:54508.974155,0.050000,54508.974218,54508.974839,54509.024840
R985:54508.989832,0.050000,54508.989887,54509.024895,54509.074896
R986:54509.333263,0.050000,54509.333306,54509.333359,54509.383392
R987:54509.384635,0.050000,54509.384693,54509.385065,54509.435071
R988:54509.458301,0.050000,54509.458349,54509.458828,54509.508829
R989:54509.500282,0.050000,54509.500334,54509.508867,54509.558868
R990:54509.617985,0.050000,54509.618100,54509.618779,54509.668780
R991:54509.766769,0.050000,54509.766825,54509.767353,54509.817354
R992:54509.849850,0.050000,54509.849887,54509.850290,54509.900290
R993:54509.884635,0.050000,54509.884727,54509.900318,54509.950319
R994:54509.899131,0.050000,54509.899204,54509.950361,54510.000362
R995:54510.020632,0.050000,54510.020682,54510.021211,54510.071223
R996:54510.031947,0.050000,54510.061284,54510.071267,54510.121268
R997:54510.107017,0.050000,54510.107120,54510.121340,54510.171341
R998:54510.133766,0.050000,54510.133808,54510.171410,54510.221410
R999:54510.162611,0.050000,54510.171396,54510.221444,54510.271445
R1000:54510.213938,0.050000,54510.213986,54510.271496,54510.321497
R1001:54510.255626,0.050000,54510.255669,54510.321541,54510.371542
R1002:54510.324531,0.050000,54510.324564,54510.371626,54510.421627
R1003:54510.410149,0.050000,54510.410198,54510.421669,54510.471671
R1004:54510.452178,0.050000,54510.452212,54510.471718,54510.521719
R1005:54510.504410,0.050000,54510.504458,54510.521767,54510.571768
R1006:54510.505181,0.050000,54510.521756,54510.571823,54510.621823
R1007:54510.526289,0.050000,54510.559241,54510.621881,54510.671882
R1008:54510.540622,0.050000,54510.559249,54510.671974,54510.721975
R1009:54510.619735,0.050000,54510.619796,54510.722016,54510.772017
R1010:54510.659624,0.050000,54510.659656,54510.772102,54510.822103
R1011:54510.678321,0.050000,54510.678449,54510.822191,54510.872196
R1012:54510.749598,0.050000,54510.749728,54510.872243,54510.922266
R1013:54510.766920,0.050000,54510.767100,54510.922400,54510.972401
R1014:54510.796701,0.050000,54510.796740,54510.972439,54511.022440
R1015:54510.845230,0.050000,54510.845348,54511.022476,54511.072478
R1016:54510.883100,0.050000,54510.883138,54511.072535,54511.122549
R1017:54510.911645,0.050000,54510.922383,54511.122605,54511.172606
R1018:54510.915303,0.050000,54510.922387,54511.172694,54511.222695
R1019:54510.922492,0.050000,54510.964284,54511.222752,54511.272753
R1020:54511.033693,0.050000,54511.033819,54511.272802,54511.322803
R1021:54511.176151,0.050000,54511.176199,54511.322839,54511.372840
R1022:54511.464327,0.050000,54511.464579,54511.464590,54511.514629
R1023:54511.513629,0.050000,54511.513688,54511.514669,54511.564670
R1024:54511.536072,0.050000,54511.536153,54511.564749,54511.614749
R1025:54511.549504,0.050000,54511.564736,54511.614772,54511.664773
R1026:54511.579264,0.050000,54511.605296,54511.664809,54511.714811
R1027:54511.617857,0.050000,54511.617885,54511.714849,54511.764851
R1028:54511.746324,0.050000,54511.746375,54511.764907,54511.814908
R1029:54511.823210,0.050000,54511.823253,54511.823373,54511.873374
R1030:54511.926339,0.050000,54511.927096,54511.927242,54511.977243
R1031:54511.959039,0.050000,54511.959085,54511.977299,54512.027300
R1032:54511.969217,0.050000,54511.969914,54512.027388,54512.077389
R1033:54512.006405,0.050000,54512.006922,54512.077422,54512.127423
R1034:54512.014189,0.050000,54512.028081,54512.127458,54512.177459
R1035:54512.075487,0.050000,54512.075532,54512.177497,54512.227498
R1036:54512.304432,0.050000,54512.304473,54512.304953,54512.354954
R1037:54512.312271,0.050000,54512.345109,54512.355010,54512.405011
R1038:54512.447871,0.050000,54512.447906,54512.448371,54512.498372
R1039:54512.459540,0.050000,54512.488100,54512.498454,54512.548455
R1040:54512.567773,0.050000,54512.567820,54512.568301,54512.618302
R1041:54512.592926,0.050000,54512.608138,54512.618334,54512.668335
R1042:54512.626735,0.050000,54512.626778,54512.668367,54512.718368
R1043:54512.667698,0.050000,54512.667721,54512.718434,54512.768435
R1044:54512.719016,0.050000,54512.719088,54512.768488,54512.818489
R1045:54512.810937,0.050000,54512.810990,54512.818586,54512.868586
R1046:54513.045558,0.050000,54513.045612,54513.046117,54513.096119
R1047:54513.258268,0.050000,54513.258323,54513.258755,54513.308756
R1048:54513.264563,0.050000,54513.264608,54513.308816,54513.358817
R1049:54513.266039,0.050000,54513.266058,54513.358874,54513.408875
R1050:54513.269766,0.050000,54513.269836,54513.408945,54513.458946
R1051:54513.422220,0.050000,54513.422323,54513.459004,54513.509005
R1052:54513.576043,0.050000,54513.576092,54513.576645,54513.626646
R1053:54513.578898,0.050000,54513.617285,54513.626696,54513.676697
R1054:54513.615177,0.050000,54513.617290,54513.676750,54513.726751
R1055:54513.628795,0.050000,54513.628822,54513.726808,54513.776809
R1056:54513.645452,0.050000,54513.669407,54513.777639,54513.827640
R1057:54513.746350,0.050000,54513.746380,54513.827690,54513.877690
R1058:54513.811660,0.050000,54513.811881,54513.877720,54513.927721
R1059:54513.817636,0.050000,54513.827679,54513.927777,54513.977778
R1060:54513.859499,0.050000,54513.869182,54513.977814,54514.027815
R1061:54513.894827,0.050000,54513.894885,54514.027873,54514.077874
R1062:54513.936546,0.050000,54513.936585,54514.077910,54514.127911
R1063:54513.998374,0.050000,54513.998402,54514.127972,54514.177972
R1064:54514.119011,0.050000,54514.119043,54514.178004,54514.228005
R1065:54514.174512,0.050000,54514.174555,54514.228088,54514.278089
R1066:54514.189819,0.050000,54514.189851,54514.278144,54514.328145
R1067:54514.298535,0.050000,54514.298622,54514.328234,54514.378234
R1068:54514.373879,0.050000,54514.373942,54514.378272,54514.428273
R1069:54514.379978,0.050000,54514.380067,54514.428304,54514.478305
R1070:54514.599578,0.050000,54514.599626,54514.599689,54514.649690
R1071:54514.642672,0.050000,54514.642728,54514.649737,54514.699738
R1072:54514.675170,0.050000,54514.675294,54514.699786,54514.749787
R1073:54514.704949,0.050000,54514.705002,54514.749839,54514.799840
R1074:54514.883177,0.050000,54514.883234,54514.885263,54514.935282
R1075:54515.049234,0.050000,54515.049300,54515.050146,54515.100148
R1076:54515.056632,0.050000,54515.056669,54515.100194,54515.150222
R1077:54515.210833,0.050000,54515.210878,54515.211388,54515.261389
R1078:54515.349897,0.050000,54515.349953,54515.350449,54515.400450
R1079:54515.364252,0.050000,54515.364360,54515.400499,54515.450500
R1080:54515.533983,0.050000,54515.534024,54515.534840,54515.584840
R1081:54515.710182,0.050000,54515.710438,54515.710734,54515.760735
R1082:54515.716624,0.050000,54515.716856,54515.760790,54515.810792
R1083:54515.831436,0.050000,54515.831611,54515.831622,54515.881623
R1084:54516.061899,0.050000,54516.061994,54516.062244,54516.112245
R1085:54516.109455,0.050000,54516.109510,54516.112282,54516.162283
R1086:54516.109839,0.050000,54516.109849,54516.162336,54516.212338
R1087:54516.123815,0.050000,54516.123875,54516.212380,54516.262381
R1088:54516.146512,0.050000,54516.162349,54516.262440,54516.312441
R1089:54516.212415,0.050000,54516.212444,54516.312479,54516.362480
R1090:54516.232751,0.050000,54516.232802,54516.362553,54516.412554
R1091:54516.324932,0.050000,54516.324972,54516.412592,54516.462593
R1092:54516.327501,0.050000,54516.362541,54516.462645,54516.512646
R1093:54516.412817,0.050000,54516.412845,54516.512702,54516.562703
R1094:54516.441653,0.050000,54516.441709,54516.562775,54516.612776
R1095:54516.578831,0.050000,54516.578876,54516.612843,54516.662843
R1096:54516.601302,0.050000,54516.612829,54516.662869,54516.712870
R1097:54516.655019,0.050000,54516.655058,54516.712904,54516.762905
R1098:54516.730092,0.050000,54516.730155,54516.762956,54516.812957
R1099:54516.941101,0.050000,54516.941150,54516.941269,54516.991275
R1100:54517.006487,0.050000,54517.006576,54517.006714,54517.056715
R1101:54517.074379,0.050000,54517.074435,54517.074513,54517.124514
R1102:54517.112335,0.050000,54517.112376,54517.124553,54517.174554
R1103:54517.112989,0.050000,54517.113008,54517.174608,54517.224609
R1104:54517.481861,0.050000,54517.481947,54517.482082,54517.532083
R1105:54517.512209,0.050000,54517.522237,54517.532124,54517.582131
R1106:54517.685350,0.050000,54517.685416,54517.685573,54517.735574
R1107:54517.692518,0.050000,54517.726225,54517.735677,54517.785678
R1108:54517.713062,0.050000,54517.726230,54517.785709,54517.835709
R1109:54517.820995,0.050000,54517.821088,54517.835755,54517.885755
R1110:54517.844531,0.050000,54517.844575,54517.885788,54517.935789
R1111:54517.858559,0.050000,54517.885296,54517.935824,54517.985825
R1112:54517.945963,0.050000,54517.946000,54517.985890,54518.035891
R1113:54517.978184,0.050000,54517.985875,54518.035941,54518.085942
R1114:54517.978845,0.050000,54517.985879,54518.085999,54518.136000
R1115:54518.058793,0.050000,54518.058850,54518.136051,54518.186052
R1116:54518.205772,0.050000,54518.205823,54518.205946,54518.255947
R1117:54518.206653,0.050000,54518.246201,54518.256823,54518.306824
R1118:54518.351677,0.050000,54518.351719,54518.351976,54518.401977
R1119:54518.364751,0.050000,54518.392240,54518.402013,54518.452015
R1120:54518.432931,0.050000,54518.432976,54518.452078,54518.502079
R1121:54518.444104,0.050000,54518.452065,54518.502160,54518.552161
R1122:54518.617428,0.050000,54518.617783,54518.617792,54518.667793
R1123:54518.692636,0.050000,54518.692678,54518.693237,54518.743238
R1124:54518.828850,0.050000,54518.829134,54518.829170,54518.879172
R1125:54518.850518,0.050000,54518.850550,54518.879227,54518.929228
R1126:54518.903501,0.050000,54518.903530,54518.929295,54518.979296
R1127:54518.914828,0.050000,54518.929283,54518.979338,54519.029353
R1128:54519.032492,0.050000,54519.032524,54519.032686,54519.082687
R1129:54519.049556,0.050000,54519.049610,54519.082732,54519.132733
R1130:54519.058538,0.050000,54519.058582,54519.132822,54519.182823
R1131:54519.099488,0.050000,54519.099530,54519.182870,54519.232871
R1132:54519.232298,0.050000,54519.232345,54519.232950,54519.282951
R1133:54519.285940,0.050000,54519.285983,54519.286140,54519.336141
R1134:54519.328323,0.050000,54519.328358,54519.336221,54519.386237
R1135:54519.458296,0.050000,54519.458407,54519.458970,54519.508971
R1136:54519.618651,0.050000,54519.618816,54519.619063,54519.669064
R1137:54519.651389,0.050000,54519.651474,54519.669120,54519.719567
R1138:54519.859941,0.050000,54519.859976,54519.860458,54519.910459
R1139:54519.872787,0.050000,54519.900259,54519.910492,54519.960493
R1140:54519.886701,0.050000,54519.900266,54519.960528,54520.010528
R1141:54519.905688,0.050000,54519.905710,54520.010569,54520.060570
R1142:54519.935553,0.050000,54519.935595,54520.060628,54520.110629
R1143:54520.101926,0.050000,54520.101969,54520.110672,54520.160684
R1144:54520.167952,0.050000,54520.167995,54520.168451,54520.218451
R1145:54520.198590,0.050000,54520.208263,54520.218526,54520.268527
R1146:54520.262798,0.050000,54520.262822,54520.268577,54520.318578
R1147:54520.311496,0.050000,54520.311716,54520.318634,54520.368635
R1148:54520.343590,0.050000,54520.343631,54520.368694,54520.418695
R1149:54520.390211,0.050000,54520.390255,54520.418739,54520.468740
R1150:54520.469392,0.050000,54520.469413,54520.469557,54520.520333
R1151:54520.470821,0.050000,54520.510201,54520.520408,54520.570409
R1152:54520.541128,0.050000,54520.541155,54520.570473,54520.620474
R1153:54520.605851,0.050000,54520.605880,54520.620528,54520.670529
R1154:54520.685150,0.050000,54520.685194,54520.685605,54520.735605
R1155:54520.734394,0.050000,54520.734433,54520.735639,54520.785639
R1156:54520.884989,0.050000,54520.885020,54520.885841,54520.935842
R1157:54520.903557,0.050000,54520.925121,54520.935884,54520.985885
R1158:54520.978629,0.050000,54520.978662,54520.985921,54521.035922
R1159:54521.064542,0.050000,54521.064583,54521.064662,54521.114663
R1160:54521.106284,0.050000,54521.106315,54521.114712,54521.164713
R1161:54521.209879,0.050000,54521.210172,54521.210185,54521.260186
R1162:54521.223062,0.050000,54521.250105,54521.260242,54521.310243
R1163:54521.249378,0.050000,54521.250112,54521.310279,54521.360280
R1164:54521.276561,0.050000,54521.276735,54521.360363,54521.410364
R1165:54521.344441,0.050000,54521.344492,54521.410393,54521.460394
R1166:54521.357938,0.050000,54521.360807,54521.460469,54521.510470
R1167:54521.376613,0.050000,54521.401361,54521.510496,54521.560498
R1168:54521.378316,0.050000,54521.401365,54521.560556,54521.610589
R1169:54521.388323,0.050000,54521.401381,54521.610683,54521.660684
R1170:54521.424464,0.050000,54521.424509,54521.660723,54521.710725
R1171:54521.440497,0.050000,54521.460932,54521.710784,54521.760785
R1172:54521.473007,0.050000,54521.502150,54521.760838,54521.810839
R1173:54521.573381,0.050000,54521.573445,54521.810903,54521.860903
R1174:54521.582777,0.050000,54521.610658,54521.860938,54521.910939
R1175:54521.583724,0.050000,54521.610663,54521.910999,54521.961000
R1176:54521.594221,0.050000,54521.610665,54521.961036,54522.011058
R1177:54521.685433,0.050000,54521.685477,54522.011091,54522.061092
R1178:54521.736255,0.050000,54521.736297,54522.061144,54522.111144
R1179:54521.786472,0.050000,54521.786590,54522.111659,54522.161660
R1180:54521.806895,0.050000,54521.810889,54522.161713,54522.211714
R1181:54521.824497,0.050000,54521.851273,54522.211818,54522.261841
R1182:54521.877269,0.050000,54521.877316,54522.261869,54522.311870
R1183:54522.029782,0.050000,54522.029852,54522.311911,54522.361912
R1184:54522.153992,0.050000,54522.154037,54522.361970,54522.411971
R1185:54522.172031,0.050000,54522.172073,54522.412006,54522.462007
R1186:54522.208154,0.050000,54522.211806,54522.462038,54522.512039
R1187:54522.298026,0.050000,54522.298074,54522.512083,54522.562084
R1188:54522.341363,0.050000,54522.341412,54522.562126,54522.612128
R1189:54522.347936,0.050000,54522.361958,54522.612172,54522.662173
R1190:54522.389503,0.050000,54522.403199,54522.662225,54522.712226
R1191:54522.578529,0.050000,54522.578579,54522.712283,54522.762283
R1192:54522.720405,0.050000,54522.720443,54522.762319,54522.812331
R1193:54522.788644,0.050000,54522.788685,54522.812356,54522.862357
R1194:54522.809418,0.050000,54522.809464,54522.862470,54522.912471
R1195:54522.825652,0.050000,54522.825690,54522.912509,54522.962510
R1196:54522.847487,0.050000,54522.862455,54522.962555,54523.012595
R1197:54522.887264,0.050000,54522.904090,54523.012654,54523.062655
R1198:54522.928368,0.050000,54522.928410,54523.062675,54523.112675
R1199:54522.952880,0.050000,54522.962546,54523.112722,54523.162723
R1200:54523.012520,0.050000,54523.012611,54523.162765,54523.212767
R1201:54523.153087,0.050000,54523.153140,54523.212813,54523.262814
R1202:54523.202810,0.050000,54523.202860,54523.262871,54523.312872
R1203:54523.441329,0.050000,54523.441415,54523.441545,54523.491546
R1204:54523.512270,0.050000,54523.512325,54523.512466,54523.562468
R1205:54523.581477,0.050000,54523.581551,54523.581779,54523.631780
R1206:54523.861544,0.050000,54523.861599,54523.861646,54523.911647
R1207:54523.968582,0.050000,54523.968635,54523.969165,54524.019166
R1208:54524.001617,0.050000,54524.001666,54524.019293,54524.069294
R1209:54524.050010,0.050000,54524.050074,54524.069346,54524.119347
R1210:54524.076400,0.050000,54524.076447,54524.119379,54524.169380
R1211:54524.144363,0.050000,54524.144431,54524.169434,54524.219435
R1212:54524.234419,0.050000,54524.234451,54524.234877,54524.284878
R1213:54524.367651,0.050000,54524.367707,54524.367841,54524.417843
R1214:54524.418853,0.050000,54524.418885,54524.418914,54524.468915
R1215:54524.477639,0.050000,54524.477691,54524.477844,54524.527845
R1216:54524.484859,0.050000,54524.484907,54524.527892,54524.577892
R1217:54524.685916,0.050000,54524.686112,54524.686228,54524.736229
R1218:54524.712353,0.050000,54524.712400,54524.736291,54524.786292
R1219:54524.769751,0.050000,54524.769792,54524.786375,54524.836376
R1220:54524.772800,0.050000,54524.786362,54524.836410,54524.886411
R1221:54524.876053,0.050000,54524.876114,54524.886453,54524.936454
R1222:54524.924859,0.050000,54524.924902,54524.936506,54524.986507
R1223:54525.096858,0.050000,54525.096911,54525.096975,54525.146976
R1224:54525.134155,0.050000,54525.137145,54525.147025,54525.197026
R1225:54525.236427,0.050000,54525.236480,54525.236499,54525.286500
R1226:54525.246571,0.050000,54525.277136,54525.286548,54525.336549
R1227:54525.328093,0.050000,54525.328140,54525.336590,54525.386591
R1228:54525.345836,0.050000,54525.345873,54525.386631,54525.436632
R1229:54525.406542,0.050000,54525.406591,54525.436691,54525.486703
R1230:54525.407159,0.050000,54525.407176,54525.486798,54525.536799
R1231:54525.521596,0.050000,54525.521637,54525.536885,54525.586886
R1232:54525.564785,0.050000,54525.564818,54525.586939,54525.636940
R1233:54525.614505,0.050000,54525.614568,54525.636999,54525.687000
R1234:54525.719012,0.050000,54525.719088,54525.719192,54525.769193
R1235:54525.728188,0.050000,54525.760218,54525.769262,54525.819263
R1236:54525.740452,0.050000,54525.760225,54525.819294,54525.869295
R1237:54525.840324,0.050000,54525.840393,54525.869347,54525.919347
R1238:54526.013606,0.050000,54526.013648,54526.013832,54526.063833
R1239:54526.067962,0.050000,54526.067989,54526.068168,54526.118179
R1240:54526.091036,0.050000,54526.091133,54526.118735,54526.168736
R1241:54526.110185,0.050000,54526.110217,54526.168769,54526.218770
R1242:54526.124629,0.050000,54526.124658,54526.218808,54526.268810
R1243:54526.126907,0.050000,54526.165256,54526.268863,54526.318864
R1244:54526.134954,0.050000,54526.165263,54526.318922,54526.368923
R1245:54526.222006,0.050000,54526.222204,54526.368967,54526.418968
R1246:54526.287088,0.050000,54526.287136,54526.419044,54526.469045
R1247:54526.303066,0.050000,54526.303115,54526.469086,54526.519087
R1248:54526.379234,0.050000,54526.379300,54526.519208,54526.569208
R1249:54526.567538,0.050000,54526.567581,54526.569238,54526.619239
R1250:54526.671510,0.050000,54526.671565,54526.671691,54526.721692
R1251:54526.757106,0.050000,54526.757236,54526.757740,54526.807742
R1252:54526.843977,0.050000,54526.844148,54526.844523,54526.894524
R1253:54526.868598,0.050000,54526.868641,54526.894560,54526.944561
R1254:54526.937908,0.050000,54526.937936,54526.944613,54526.994614
R1255:54526.949391,0.050000,54526.949409,54526.994661,54527.044662
R1256:54526.956270,0.050000,54526.990446,54527.044708,54527.094709
R1257:54527.059099,0.050000,54527.059173,54527.094792,54527.144793
R1258:54527.190239,0.050000,54527.190286,54527.190592,54527.240593
R1259:54527.216481,0.050000,54527.231252,54527.240640,54527.290641
R1260:54527.248843,0.050000,54527.248895,54527.290687,54527.340688
R1261:54527.383658,0.050000,54527.383694,54527.384005,54527.434272
R1262:54527.393959,0.050000,54527.394021,54527.434334,54527.484335
R1263:54527.522685,0.050000,54527.522746,54527.522832,54527.572833
R1264:54527.556133,0.050000,54527.556333,54527.572902,54527.625027
R1265:54527.736449,0.050000,54527.736520,54527.736650,54527.786652
R1266:54528.002445,0.050000,54528.002534,54528.002694,54528.052695
R1267:54528.056942,0.050000,54528.056991,54528.057128,54528.107129
R1268:54528.139293,0.050000,54528.139346,54528.139800,54528.189854
R1269:54528.297756,0.050000,54528.297794,54528.298148,54528.348149
R1270:54528.305982,0.050000,54528.306065,54528.348226,54528.398227
R1271:54528.306082,0.050000,54528.306094,54528.398282,54528.448283
R1272:54528.317359,0.050000,54528.317394,54528.448338,54528.498339
R1273:54528.341980,0.050000,54528.342034,54528.498366,54528.548367
R1274:54528.344238,0.050000,54528.344284,54528.548400,54528.598729
R1275:54528.365062,0.050000,54528.365106,54528.598799,54528.649026
R1276:54528.367551,0.050000,54528.398291,54528.649106,54528.699107
R1277:54528.437327,0.050000,54528.441109,54528.699143,54528.749144
R1278:54528.481248,0.050000,54528.481288,54528.749182,54528.799183
R1279:54528.568472,0.050000,54528.568520,54528.799264,54528.849266
R1280:54528.627749,0.050000,54528.627790,54528.849319,54528.899320
R1281:54528.648761,0.050000,54528.649113,54528.899365,54528.949366
R1282:54528.686927,0.050000,54528.690268,54528.949420,54528.999421
R1283:54528.712160,0.050000,54528.712197,54528.999464,54529.049465
R1284:54528.769557,0.050000,54528.769606,54529.049543,54529.099544
R1285:54528.776128,0.050000,54528.799252,54529.099645,54529.149835
R1286:54528.819377,0.050000,54528.841164,54529.149896,54529.199897
R1287:54528.892880,0.050000,54528.892937,54529.199924,54529.249925
R1288:54529.026957,0.050000,54529.026990,54529.249977,54529.299978
R1289:54529.053518,0.050000,54529.053562,54529.300036,54529.350037
R1290:54529.338185,0.050000,54529.338235,54529.350093,54529.400117
R1291:54529.357358,0.050000,54529.357399,54529.400161,54529.450161
R1292:54529.372067,0.050000,54529.398178,54529.450189,54529.500189
R1293:54529.381411,0.050000,54529.398182,54529.500226,54529.550227
R1294:54529.388763,0.050000,54529.398184,54529.550251,54529.600252
R1295:54529.447593,0.050000,54529.447620,54529.600344,54529.650345
R1296:54529.451906,0.050000,54529.451921,54529.650374,54529.700375
R1297:54529.457893,0.050000,54529.492108,54529.700427,54529.750428
R1298:54529.468466,0.050000,54529.492113,54529.750482,54529.800484
R1299:54529.567008,0.050000,54529.567089,54529.800542,54529.850543
R1300:54529.871603,0.050000,54529.871651,54529.871744,54529.921745
R1301:54529.891514,0.050000,54529.912253,54529.922637,54529.972639
R1302:54529.989304,0.050000,54529.989348,54529.989848,54530.039849
R1303:54529.999816,0.050000,54530.030355,54530.039898,54530.089899
R1304:54530.055625,0.050000,54530.055670,54530.089960,54530.139961
R1305:54530.163300,0.050000,54530.163514,54530.164115,54530.214116
R1306:54530.198959,0.050000,54530.204410,54530.214169,54530.264170
R1307:54530.260005,0.050000,54530.260185,54530.264231,54530.314232
R1308:54530.299918,0.050000,54530.299946,54530.314305,54530.364306
R1309:54530.447410,0.050000,54530.447448,54530.447522,54530.497523
R1310:54530.472551,0.050000,54530.488360,54530.497573,54530.547574
R1311:54530.475129,0.050000,54530.488364,54530.547634,54530.597635
R1312:54530.486963,0.050000,54530.488371,54530.597668,54530.647669
R1313:54530.579235,0.050000,54530.579430,54530.647708,54530.697709
R1314:54530.608541,0.050000,54530.608582,54530.697739,54530.747740
R1315:54530.696589,0.050000,54530.696723,54530.747777,54530.797778
R1316:54530.814591,0.050000,54530.814644,54530.815041,54530.865051
R1317:54530.928220,0.050000,54530.928279,54530.928973,54530.978974
R1318:54530.961733,0.050000,54530.961784,54530.979035,54531.029045
R1319:54531.040457,0.050000,54531.040497,54531.040995,54531.090996
R1320:54531.051061,0.050000,54531.081390,54531.091031,54531.141032
R1321:54531.082979,0.050000,54531.083018,54531.141093,54531.191094
R1322:54531.269541,0.050000,54531.269622,54531.270320,54531.320321
R1323:54531.297600,0.050000,54531.310269,54531.320349,54531.370350
R1324:54531.345099,0.050000,54531.345143,54531.370430,54531.420431
R1325:54531.347969,0.050000,54531.370418,54531.420493,54531.470494
R1326:54531.521059,0.050000,54531.521218,54531.521229,54531.571239
R1327:54531.577205,0.050000,54531.577327,54531.577339,54531.627339
R1328:54531.586079,0.050000,54531.586122,54531.627365,54531.677367
R1329:54531.590874,0.050000,54531.590929,54531.677429,54531.727430
R1330:54531.618410,0.050000,54531.618483,54531.727483,54531.777484
R1331:54531.626482,0.050000,54531.626533,54531.777539,54531.827540
R1332:54531.652709,0.050000,54531.652754,54531.827566,54531.877567
R1333:54531.660292,0.050000,54531.677416,54531.877621,54531.927622
R1334:54531.680108,0.050000,54531.719152,54531.927678,54531.977678
R1335:54531.826336,0.050000,54531.826371,54531.977732,54532.040218
R1336:54531.984821,0.050000,54531.984853,54532.040268,54532.090269
R1337:54532.058496,0.050000,54532.058566,54532.090326,54532.140328
R1338:54532.103230,0.050000,54532.103266,54532.140398,54532.190399
R1339:54532.132619,0.050000,54532.140385,54532.190426,54532.240427
R1340:54532.187221,0.050000,54532.187271,54532.240479,54532.290480
R1341:54532.294674,0.050000,54532.294831,54532.294843,54532.344844
R1342:54532.327852,0.050000,54532.335250,54532.344902,54532.394903
R1343:54532.411883,0.050000,54532.411996,54532.412008,54532.462010
R1344:54532.464853,0.050000,54532.465008,54532.465021,54532.515022
R1345:54532.554954,0.050000,54532.555136,54532.555148,54532.605161
R1346:54532.594559,0.050000,54532.594617,54532.605216,54532.655217
R1347:54532.626033,0.050000,54532.626075,54532.655270,54532.705271
R1348:54532.680611,0.050000,54532.680665,54532.705336,54532.755337
R1349:54532.803323,0.050000,54532.803408,54532.803510,54532.853511
R1350:54532.808152,0.050000,54532.844168,54532.853562,54532.903563
R1351:54532.889280,0.050000,54532.889330,54532.903619,54532.953620
R1352:54532.906005,0.050000,54532.906042,54532.953651,54533.003652
R1353:54532.906513,0.050000,54532.946306,54533.003684,54533.053685
R1354:54532.909543,0.050000,54532.946315,54533.053727,54533.103728
R1355:54532.996468,0.050000,54532.996501,54533.103764,54533.153765
R1356:54532.999724,0.050000,54533.003700,54533.153818,54533.203819
R1357:54533.231821,0.050000,54533.231913,54533.231991,54533.281992
R1358:54533.255435,0.050000,54533.255483,54533.282058,54533.332059
R1359:54533.267882,0.050000,54533.267912,54533.332101,54533.382101
R1360:54533.270463,0.050000,54533.270500,54533.382134,54533.432135
R1361:54533.337484,0.050000,54533.337530,54533.432235,54533.482236
R1362:54533.359622,0.050000,54533.378108,54533.482831,54533.532832
R1363:54533.389523,0.050000,54533.389560,54533.532864,54533.582865
R1364:54533.479359,0.050000,54533.479409,54533.582942,54533.632943
R1365:54533.530959,0.050000,54533.530989,54533.632986,54533.682987
R1366:54533.550557,0.050000,54533.550601,54533.683022,54533.733023
R1367:54533.620763,0.050000,54533.620838,54533.733104,54533.783105
R1368:54533.637793,0.050000,54533.637866,54533.783163,54533.833164
R1369:54533.727623,0.050000,54533.727661,54533.833231,54533.883261
R1370:54533.728326,0.050000,54533.728358,54533.883310,54533.933311
R1371:54533.826184,0.050000,54533.826222,54533.933404,54533.983405
R1372:54533.878003,0.050000,54533.878097,54533.983477,54534.033478
R1373:54533.911898,0.050000,54533.911994,54534.033521,54534.083522
R1374:54533.956185,0.050000,54533.956436,54534.083575,54534.133577
R1375:54533.962391,0.050000,54533.983463,54534.133633,54534.183634
R1376:54533.972010,0.050000,54533.983467,54534.183690,54534.233691
R1377:54534.147485,0.050000,54534.147540,54534.233729,54534.283730
R1378:54534.188598,0.050000,54534.188645,54534.283782,54534.333783
R1379:54534.267153,0.050000,54534.267191,54534.333849,54534.383850
R1380:54534.365225,0.050000,54534.365320,54534.383885,54534.433886
R1381:54534.415728,0.050000,54534.415770,54534.433936,54534.483937
R1382:54534.449941,0.050000,54534.450079,54534.484006,54534.534007
R1383:54534.753968,0.050000,54534.754016,54534.754491,54534.804492
R1384:54534.804892,0.050000,54534.804926,54534.805643,54534.855644
R1385:54534.843577,0.050000,54534.843622,54534.855691,54534.905693
R1386:54534.928022,0.050000,54534.928120,54534.928210,54534.978211
R1387:54534.986071,0.050000,54534.986162,54534.986285,54535.036287
R1388:54535.021310,0.050000,54535.021367,54535.036339,54535.086340
R1389:54535.022373,0.050000,54535.022418,54535.086401,54535.136403
R1390:54535.114617,0.050000,54535.114668,54535.136467,54535.186468
R1391:54535.154024,0.050000,54535.154074,54535.186529,54535.236530
R1392:54535.224262,0.050000,54535.224311,54535.236605,54535.286605
R1393:54535.226910,0.050000,54535.236592,54535.286662,54535.336664
R1394:54535.337750,0.050000,54535.337852,54535.337863,54535.387869
R1395:54535.371220,0.050000,54535.371309,54535.387929,54535.437930
R1396:54535.428195,0.050000,54535.428267,54535.437997,54535.487998
R1397:54535.432307,0.050000,54535.437984,54535.488079,54535.538080
R1398:54535.434845,0.050000,54535.437988,54535.538115,54535.588116
R1399:54535.535150,0.050000,54535.535210,54535.588170,54535.638171
R1400:54535.641257,0.050000,54535.641392,54535.641404,54535.691405
R1401:54535.644637,0.050000,54535.683234,54535.691462,54535.741463
R1402:54535.697534,0.050000,54535.697655,54535.741504,54535.791505
R1403:54535.725450,0.050000,54535.739297,54535.791549,54535.841550
R1404:54535.764620,0.050000,54535.764678,54535.841599,54535.891600
R1405:54535.767275,0.050000,54535.791537,54535.891653,54535.941654
R1406:54535.803685,0.050000,54535.832230,54535.941703,54535.991705
R1407:54535.859188,0.050000,54535.859231,54535.991760,54536.041761
R1408:54536.057644,0.050000,54536.057726,54536.058507,54536.108508
R1409:54536.195421,0.050000,54536.195483,54536.195973,54536.245974
R1410:54536.215173,0.050000,54536.215255,54536.246029,54536.296030
R1411:54536.299587,0.050000,54536.299620,54536.300299,54536.350300
R1412:54536.334018,0.050000,54536.340122,54536.350356,54536.400357
R1413:54536.404279,0.050000,54536.404322,54536.404362,54536.454363
R1414:54536.486265,0.050000,54536.486320,54536.486823,54536.536824
R1415:54536.666908,0.050000,54536.667003,54536.667685,54536.717686
R1416:54536.673349,0.050000,54536.673405,54536.717730,54536.767731
R1417:54536.710336,0.050000,54536.710385,54536.767794,54536.817795
R1418:54536.758409,0.050000,54536.758457,54536.817844,54536.867845
R1419:54536.804807,0.050000,54536.804892,54536.867950,54536.917951
R1420:54536.843815,0.050000,54536.843861,54536.917984,54536.967985
R1421:54536.864373,0.050000,54536.867937,54536.968031,54537.018032
R1422:54537.055823,0.050000,54537.055873,54537.056635,54537.106636
R1423:54537.062079,0.050000,54537.062102,54537.107606,54537.157608
R1424:54537.085223,0.050000,54537.085281,54537.157875,54537.207877
R1425:54537.178061,0.050000,54537.178105,54537.207968,54537.257969
R1426:54537.221927,0.050000,54537.222009,54537.258069,54537.308070
R1427:54537.354076,0.050000,54537.354135,54537.354973,54537.404974
R1428:54537.463070,0.050000,54537.463131,54537.463667,54537.513697
R1429:54537.510549,0.050000,54537.510603,54537.513729,54537.563730
R1430:54537.577901,0.050000,54537.577948,54537.578512,54537.628512
R1431:54537.638644,0.050000,54537.638698,54537.639575,54537.689580
R1432:54537.691381,0.050000,54537.691425,54537.691796,54537.741797
R1433:54537.704329,0.050000,54537.704384,54537.741847,54537.791848
R1434:54537.878313,0.050000,54537.878358,54537.878861,54537.928862
R1435:54538.123057,0.050000,54538.123144,54538.123704,54538.173705
R1436:54538.137742,0.050000,54538.137791,54538.173744,54538.223745
R1437:54538.165553,0.050000,54538.165596,54538.223783,54538.273783
R1438:54538.217349,0.050000,54538.217384,54538.273823,54538.323824
R1439:54538.228012,0.050000,54538.228078,54538.323905,54538.373906
R1440:54538.244452,0.050000,54538.269410,54538.373989,54538.423990
R1441:54538.349739,0.050000,54538.349784,54538.424081,54538.474117
R1442:54538.481928,0.050000,54538.481990,54538.482141,54538.532142
R1443:54538.546201,0.050000,54538.546358,54538.546365,54538.596366
R1444:54538.586679,0.050000,54538.586852,54538.596421,54538.646422
R1445:54538.643795,0.050000,54538.643938,54538.646569,54538.696570
R1446:54538.697495,0.050000,54538.697618,54538.697630,54538.747631
R1447:54538.748643,0.050000,54538.748807,54538.749164,54538.799165
R1448:54539.084960,0.050000,54539.085019,54539.085506,54539.135513
R1449:54539.089170,0.050000,54539.089198,54539.135598,54539.185659
R1450:54539.091275,0.050000,54539.091299,54539.185729,54539.236121
R1451:54539.129123,0.050000,54539.129176,54539.236189,54539.286217
R1452:54539.155058,0.050000,54539.155106,54539.286312,54539.336313
R1453:54539.396328,0.050000,54539.396377,54539.396505,54539.446505
R1454:54539.445277,0.050000,54539.445317,54539.446542,54539.496543
R1455:54539.508699,0.050000,54539.508727,54539.508869,54539.558870
R1456:54539.594237,0.050000,54539.594300,54539.594461,54539.644462
R1457:54539.926213,0.050000,54539.926266,54539.926343,54539.976344
R1458:54539.969178,0.050000,54539.969256,54539.976408,54540.026409
R1459:54540.019210,0.050000,54540.019243,54540.026462,54540.076462
R1460:54540.065743,0.050000,54540.065787,54540.076501,54540.126502
R1461:54540.073612,0.050000,54540.076511,54540.126551,54540.176552
R1462:54540.082502,0.050000,54540.117134,54540.176608,54540.226609
R1463:54540.085746,0.050000,54540.117137,54540.226667,54540.276668
R1464:54540.108201,0.050000,54540.117137,54540.276748,54540.326768
R1465:54540.111919,0.050000,54540.117138,54540.326827,54540.376846
R1466:54540.113454,0.050000,54540.117139,54540.376882,54540.426884
R1467:54540.157454,0.050000,54540.157531,54540.426943,54540.476944
R1468:54540.191166,0.050000,54540.191217,54540.477009,54540.527009
R1469:54540.246525,0.050000,54540.246622,54540.527120,54540.577123
R1470:54540.312672,0.050000,54540.312763,54540.577182,54540.627183
R1471:54540.375272,0.050000,54540.375318,54540.627275,54540.677276
R1472:54540.405268,0.050000,54540.405319,54540.677363,54540.727364
R1473:54540.450089,0.050000,54540.450129,54540.727424,54540.777441
R1474:54540.466764,0.050000,54540.476997,54540.777521,54540.827522
R1475:54540.573014,0.050000,54540.573125,54540.827662,54540.877662
R1476:54540.577759,0.050000,54540.577829,54540.877744,54540.927744
R1477:54540.674898,0.050000,54540.675017,54540.927814,54540.977819
R1478:54540.702239,0.050000,54540.702376,54540.977864,54541.027865
R1479:54540.706768,0.050000,54540.727412,54541.027912,54541.077913
R1480:54540.822331,0.050000,54540.822368,54541.077970,54541.127971
R1481:54540.852404,0.050000,54540.852600,54541.128030,54541.178031
R1482:54540.896722,0.050000,54540.897252,54541.178085,54541.228086
R1483:54540.907992,0.050000,54540.927801,54541.228126,54541.278132
R1484:54540.934799,0.050000,54540.969269,54541.278625,54541.328626
R1485:54541.414190,0.050000,54541.414271,54541.414784,54541.465475
R1486:54541.508489,0.050000,54541.508534,54541.509165,54541.559166
R1487:54541.512095,0.050000,54541.512115,54541.559194,54541.609195
R1488:54541.837060,0.050000,54541.837127,54541.837795,54541.887796
R1489:54541.854662,0.050000,54541.854734,54541.887858,54541.937859
R1490:54541.912498,0.050000,54541.912534,54541.937912,54541.987914
R1491:54541.958296,0.050000,54541.958419,54541.988005,54542.038005
R1492:54541.987069,0.050000,54541.987991,54542.038045,54542.088062
R1493:54542.068588,0.050000,54542.068633,54542.088111,54542.138112
R1494:54542.120647,0.050000,54542.120695,54542.138193,54542.188194
R1495:54542.186486,0.050000,54542.186531,54542.188230,54542.238231
R1496:54542.279978,0.050000,54542.280035,54542.280195,54542.330196
R1497:54542.335196,0.050000,54542.335280,54542.335313,54542.385315
R1498:54542.342717,0.050000,54542.342763,54542.385377,54542.435378
R1499:54542.353256,0.050000,54542.353288,54542.435427,54542.485428
