61303.922777
61303.965284
61305.354227
61305.354255
61305.368334
61305.855959
61306.194023
61306.197146
61331.471253
61332.023490
61332.212118
61332.217195
61332.253691
61333.986069
61333.996653
61334.281297
61334.474878
61334.514159
61334.515645
61334.617300
61334.888818
61334.920960
61334.930072
61335.062951
61335.063984
61351.850658
61352.663753
61352.698703
61352.782212
61352.880789
61352.891211
61352.930909
61353.064320
61353.064347
61353.092913
61353.100482
61353.145548
61353.174791
61353.226667
61353.910286
61353.910308
61354.014181
61354.028763
61354.819293
61354.826552
61355.594874
61355.892409
61361.143888
61368.482379
61369.405481
