R0:54724.542713,0.050000,54724.542932,54724.542936,54724.592937
R1:54724.644734,0.050000,54724.644880,54724.644946,54724.694947
R2:54724.672769,0.050000,54724.672820,54724.695199,54724.745207
R3:54724.757860,0.050000,54724.757944,54724.758090,54724.808091
R4:54724.847001,0.050000,54724.847054,54724.847096,54724.897097
R5:54724.981922,0.050000,54724.982010,54724.982130,54725.032131
R6:54724.994362,0.050000,54724.994418,54725.032195,54725.082196
R7:54725.017202,0.050000,54725.017271,54725.082258,54725.132259
R8:54725.098590,0.050000,54725.098637,54725.132332,54725.182333
R9:54725.116786,0.050000,54725.132380,54725.182378,54725.232379
R10:54725.161727,0.050000,54725.174235,54725.232426,54725.282848
R11:54725.197862,0.050000,54725.197900,54725.283149,54725.333150
R12:54725.253050,0.050000,54725.253172,54725.333238,54725.383238
R13:54725.278570,0.050000,54725.283086,54725.383292,54725.433314
R14:54725.318689,0.050000,54725.322319,54725.433407,54725.483409
R15:54725.487726,0.050000,54725.487767,54725.488732,54725.538733
R16:54725.625617,0.050000,54725.625690,54725.626679,54725.676680
R17:54725.681931,0.050000,54725.681984,54725.682565,54725.732566
R18:54725.752259,0.050000,54725.752305,54725.752860,54725.802860
R19:54725.760861,0.050000,54725.760898,54725.802929,54725.852930
R20:54725.812900,0.050000,54725.812950,54725.852989,54725.903016
R21:54725.813920,0.050000,54725.813938,54725.903078,54725.953079
R22:54725.829506,0.050000,54725.829559,54725.953147,54726.003148
R23:54725.837863,0.050000,54725.837926,54726.003272,54726.053273
R24:54725.928631,0.050000,54725.928681,54726.053328,54726.103331
R25:54725.938299,0.050000,54725.953134,54726.103383,54726.153383
R26:54725.966858,0.050000,54725.994191,54726.153445,54726.203446
R27:54725.974676,0.050000,54725.994195,54726.203503,54726.253504
R28:54725.981180,0.050000,54725.994200,54726.253608,54726.303609
R29:54726.360997,0.050000,54726.361050,54726.361697,54726.411698
R30:54726.374809,0.050000,54726.402212,54726.411753,54726.461754
R31:54726.414832,0.050000,54726.414864,54726.461804,54726.511805
R32:54726.516438,0.050000,54726.516487,54726.516857,54726.567006
R33:54726.569275,0.050000,54726.569333,54726.569478,54726.619479
R34:54726.588907,0.050000,54726.588938,54726.619528,54726.669529
R35:54726.645413,0.050000,54726.645439,54726.669584,54726.719585
R36:54726.686781,0.050000,54726.686814,54726.719636,54726.769637
R37:54726.724705,0.050000,54726.724744,54726.769692,54726.819693
R38:54726.925010,0.050000,54726.925066,54726.925601,54726.975685
R39:54726.944379,0.050000,54726.944428,54726.975743,54727.025747
R40:54727.026457,0.050000,54727.026476,54727.026813,54727.076814
R41:54727.068117,0.050000,54727.068141,54727.076855,54727.126855
R42:54727.149847,0.050000,54727.149893,54727.150470,54727.200471
R43:54727.178370,0.050000,54727.190285,54727.200524,54727.250524
R44:54727.301865,0.050000,54727.301946,54727.302088,54727.352089
R45:54727.320566,0.050000,54727.342338,54727.352126,54727.402143
R46:54727.344778,0.050000,54727.344801,54727.402193,54727.452194
R47:54727.436535,0.050000,54727.436569,54727.452276,54727.502277
R48:54727.576378,0.050000,54727.576420,54727.576488,54727.626489
R49:54727.580588,0.050000,54727.618294,54727.626533,54727.676533
R50:54727.746390,0.050000,54727.746441,54727.746528,54727.796529
R51:54727.788041,0.050000,54727.788068,54727.796582,54727.846769
R52:54727.793120,0.050000,54727.793159,54727.846813,54727.901923
R53:54727.805079,0.050000,54727.805135,54727.903990,54727.953991
R54:54727.865672,0.050000,54727.865740,54727.954042,54728.004042
R55:54727.988595,0.050000,54727.988636,54728.004151,54728.054152
R56:54728.012573,0.050000,54728.012606,54728.054185,54728.104187
R57:54728.016369,0.050000,54728.053315,54728.104267,54728.154268
R58:54728.017576,0.050000,54728.053319,54728.154315,54728.204322
R59:54728.051675,0.050000,54728.053324,54728.204379,54728.254380
R60:54728.055390,0.050000,54728.055416,54728.254436,54728.304437
R61:54728.070645,0.050000,54728.096248,54728.304488,54728.354489
R62:54728.266732,0.050000,54728.266774,54728.354529,54728.404530
R63:54728.396069,0.050000,54728.396128,54728.404585,54728.454587
R64:54728.501965,0.050000,54728.502046,54728.502171,54728.552171
R65:54728.519388,0.050000,54728.543160,54728.552234,54728.602235
R66:54728.562582,0.050000,54728.562619,54728.602297,54728.652298
R67:54728.588831,0.050000,54728.602284,54728.652338,54728.702339
R68:54728.668272,0.050000,54728.668331,54728.702375,54728.752376
R69:54728.708334,0.050000,54728.708374,54728.752414,54728.802414
R70:54728.769657,0.050000,54728.769704,54728.802468,54728.852468
R71:54728.811916,0.050000,54728.811952,54728.852549,54728.902550
R72:54728.814470,0.050000,54728.852530,54728.902594,54728.952595
R73:54728.847009,0.050000,54728.852534,54728.952646,54729.002647
R74:54728.996736,0.050000,54728.996812,54729.002689,54729.052690
R75:54729.145384,0.050000,54729.145589,54729.145599,54729.195600
R76:54729.216508,0.050000,54729.216659,54729.216669,54729.266670
R77:54729.235207,0.050000,54729.235252,54729.266737,54729.316738
R78:54729.310212,0.050000,54729.310263,54729.316793,54729.366795
R79:54729.367251,0.050000,54729.367268,54729.367359,54729.417360
R80:54729.392208,0.050000,54729.408143,54729.417414,54729.467415
R81:54729.457750,0.050000,54729.457831,54729.467468,54729.517554
R82:54729.468690,0.050000,54729.468733,54729.517614,54729.567615
R83:54729.502470,0.050000,54729.510133,54729.567647,54729.617648
R84:54729.620993,0.050000,54729.621025,54729.621120,54729.671120
R85:54729.719797,0.050000,54729.719847,54729.719928,54729.769929
R86:54729.742237,0.050000,54729.742299,54729.769973,54729.819974
R87:54729.757064,0.050000,54729.757135,54729.820042,54729.870058
R88:54729.881630,0.050000,54729.881676,54729.881727,54729.931783
R89:54729.906270,0.050000,54729.922220,54729.931841,54729.981842
R90:54729.971536,0.050000,54729.971637,54729.981897,54730.031898
R91:54730.146330,0.050000,54730.146380,54730.146456,54730.196456
R92:54730.195830,0.050000,54730.195887,54730.196484,54730.246485
R93:54730.255456,0.050000,54730.255551,54730.255566,54730.306070
R94:54730.366674,0.050000,54730.366861,54730.366873,54730.416874
R95:54730.399027,0.050000,54730.399096,54730.416932,54730.466932
R96:54730.542307,0.050000,54730.542993,54730.543001,54730.593002
R97:54730.570769,0.050000,54730.584099,54730.593092,54730.643092
R98:54730.664998,0.050000,54730.665082,54730.665445,54730.715446
R99:54730.729388,0.050000,54730.729438,54730.729532,54730.779533
R100:54730.863885,0.050000,54730.863943,54730.864214,54730.914216
R101:54730.900679,0.050000,54730.900743,54730.914267,54730.964268
R102:54730.914344,0.050000,54730.914361,54730.964327,54731.014328
R103:54731.081135,0.050000,54731.081230,54731.081468,54731.131469
R104:54731.221738,0.050000,54731.221828,54731.222032,54731.272033
R105:54731.230760,0.050000,54731.230795,54731.272082,54731.322083
R106:54731.349129,0.050000,54731.349194,54731.349318,54731.399318
R107:54731.406264,0.050000,54731.406394,54731.406540,54731.456541
R108:54731.437961,0.050000,54731.438015,54731.456618,54731.506619
R109:54731.491774,0.050000,54731.491820,54731.506752,54731.556753
R110:54731.510409,0.050000,54731.510449,54731.556817,54731.606818
R111:54731.596381,0.050000,54731.596439,54731.606889,54731.656889
R112:54731.617147,0.050000,54731.617195,54731.656966,54731.706966
R113:54731.650406,0.050000,54731.656953,54731.707015,54731.757016
R114:54731.664845,0.050000,54731.697161,54731.757064,54731.807065
R115:54731.676583,0.050000,54731.697165,54731.807187,54731.857218
R116:54731.694753,0.050000,54731.697173,54731.857276,54731.907293
R117:54731.740188,0.050000,54731.740236,54731.907344,54731.957345
R118:54731.770365,0.050000,54731.770407,54731.957402,54732.007403
R119:54731.780844,0.050000,54731.807172,54732.007438,54732.057439
R120:54731.912756,0.050000,54731.912783,54732.057547,54732.107548
R121:54731.918908,0.050000,54731.918944,54732.107604,54732.157604
R122:54731.927251,0.050000,54731.927302,54732.157748,54732.207749
R123:54731.965727,0.050000,54731.965765,54732.207805,54732.257806
R124:54732.045604,0.050000,54732.045665,54732.257861,54732.307862
R125:54732.278870,0.050000,54732.278915,54732.307918,54732.357919
R126:54732.430883,0.050000,54732.430927,54732.431488,54732.481489
R127:54732.495076,0.050000,54732.495154,54732.495471,54732.545472
R128:54732.522084,0.050000,54732.522132,54732.545523,54732.595524
R129:54732.599243,0.050000,54732.599341,54732.599585,54732.649631
R130:54732.625159,0.050000,54732.640183,54732.649680,54732.699680
R131:54732.644771,0.050000,54732.644870,54732.699730,54732.749731
R132:54732.659846,0.050000,54732.659892,54732.749818,54732.799819
R133:54732.709332,0.050000,54732.709388,54732.799890,54732.849891
R134:54732.725734,0.050000,54732.749800,54732.849952,54732.899953
R135:54732.735558,0.050000,54732.749803,54732.900020,54732.950021
R136:54732.809376,0.050000,54732.809418,54732.950085,54733.000086
R137:54732.817462,0.050000,54732.817583,54733.000169,54733.050170
R138:54732.905474,0.050000,54732.905507,54733.050269,54733.100269
R139:54732.915928,0.050000,54732.946225,54733.100315,54733.150340
R140:54732.993127,0.050000,54732.993174,54733.150381,54733.200396
R141:54732.997733,0.050000,54733.000129,54733.200444,54733.250445
R142:54733.164482,0.050000,54733.164529,54733.250522,54733.300523
R143:54733.167955,0.050000,54733.168008,54733.300574,54733.350575
R144:54733.209399,0.050000,54733.209601,54733.350632,54733.400633
R145:54733.220599,0.050000,54733.250507,54733.400664,54733.450665
R146:54733.236146,0.050000,54733.250510,54733.450727,54733.500728
R147:54733.325252,0.050000,54733.325318,54733.500777,54733.550778
R148:54733.398889,0.050000,54733.399086,54733.550815,54733.600816
R149:54733.458801,0.050000,54733.458862,54733.600867,54733.650868
R150:54733.649757,0.050000,54733.649812,54733.650899,54733.700900
R151:54733.706912,0.050000,54733.706956,54733.707111,54733.757181
R152:54733.786319,0.050000,54733.786488,54733.786498,54733.836499
R153:54733.793628,0.050000,54733.793684,54733.836560,54733.886561
R154:54733.802836,0.050000,54733.802879,54733.886595,54733.936596
R155:54733.844499,0.050000,54733.844539,54733.936662,54733.986663
R156:54733.849363,0.050000,54733.886339,54733.986745,54734.036746
R157:54733.854138,0.050000,54733.886342,54734.036791,54734.086791
R158:54733.867357,0.050000,54733.886350,54734.086851,54734.136852
R159:54733.902528,0.050000,54733.902581,54734.136919,54734.186920
R160:54733.998655,0.050000,54733.998710,54734.186969,54734.236970
R161:54734.046560,0.050000,54734.046722,54734.237002,54734.287003
R162:54734.125824,0.050000,54734.125879,54734.287056,54734.337057
R163:54734.129188,0.050000,54734.136906,54734.337116,54734.387117
R164:54734.138874,0.050000,54734.178335,54734.387187,54734.437190
R165:54734.803371,0.050000,54734.803433,54734.804635,54734.854636
R166:54734.816195,0.050000,54734.843135,54734.854794,54734.904798
R167:54734.938902,0.050000,54734.938970,54734.939901,54734.989902
R168:54734.946463,0.050000,54734.979299,54734.989949,54735.039950
R169:54735.286475,0.050000,54735.286529,54735.287030,54735.337032
R170:54735.289699,0.050000,54735.327665,54735.337146,54735.387146
R171:54735.403323,0.050000,54735.403351,54735.403681,54735.453682
R172:54735.407589,0.050000,54735.444258,54735.453750,54735.503751
R173:54735.407862,0.050000,54735.444263,54735.503809,54735.553830
R174:54735.550776,0.050000,54735.550946,54735.553949,54735.603970
R175:54735.602105,0.050000,54735.602151,54735.604003,54735.654004
R176:54735.614519,0.050000,54735.614559,54735.654089,54735.704090
R177:54735.626083,0.050000,54735.654075,54735.704150,54735.754151
R178:54735.655187,0.050000,54735.694336,54735.754190,54735.804191
R179:54735.791368,0.050000,54735.791421,54735.804245,54735.854246
R180:54735.886897,0.050000,54735.887050,54735.887124,54735.937125
R181:54735.911746,0.050000,54735.931137,54735.937184,54735.987224
R182:54735.957471,0.050000,54735.957541,54735.987313,54736.037314
R183:54736.006965,0.050000,54736.007104,54736.037377,54736.087378
R184:54736.041311,0.050000,54736.041346,54736.087439,54736.137443
R185:54736.106689,0.050000,54736.106736,54736.137598,54736.187627
R186:54736.113196,0.050000,54736.113231,54736.187688,54736.237689
R187:54736.155500,0.050000,54736.155562,54736.237765,54736.287766
R188:54736.234846,0.050000,54736.234931,54736.288457,54736.338458
R189:54736.256120,0.050000,54736.256148,54736.338515,54736.388515
R190:54736.526642,0.050000,54736.526845,54736.526854,54736.576855
R191:54736.575425,0.050000,54736.575957,54736.576907,54736.626908
R192:54736.693519,0.050000,54736.693748,54736.693759,54736.743760
R193:54736.771666,0.050000,54736.771793,54736.772215,54736.822259
R194:54736.827176,0.050000,54736.827227,54736.827324,54736.877394
R195:54736.829336,0.050000,54736.829388,54736.877446,54736.927446
R196:54736.906262,0.050000,54736.906306,54736.927532,54736.977533
R197:54737.006100,0.050000,54737.006157,54737.006827,54737.056828
R198:54737.150500,0.050000,54737.150576,54737.151283,54737.201284
R199:54737.265409,0.050000,54737.265502,54737.266021,54737.316023
R200:54737.364391,0.050000,54737.364448,54737.364948,54737.414949
R201:54737.580300,0.050000,54737.580369,54737.580457,54737.630458
R202:54737.665566,0.050000,54737.665652,54737.667077,54737.717078
R203:54737.795550,0.050000,54737.795632,54737.796288,54737.846288
R204:54738.024124,0.050000,54738.024210,54738.024607,54738.074608
R205:54738.085378,0.050000,54738.085498,54738.086498,54738.136498
R206:54738.123783,0.050000,54738.123851,54738.136554,54738.186555
R207:54738.133886,0.050000,54738.133960,54738.186609,54738.238597
R208:54738.233829,0.050000,54738.234265,54738.239208,54738.290504
R209:54738.357566,0.050000,54738.357669,54738.358261,54738.408262
R210:54738.362194,0.050000,54738.398110,54738.408322,54738.458322
R211:54738.420615,0.050000,54738.420661,54738.458399,54738.508399
R212:54738.436573,0.050000,54738.458387,54738.508436,54738.558437
R213:54738.491802,0.050000,54738.499136,54738.558485,54738.608486
R214:54738.506375,0.050000,54738.506511,54738.608565,54738.658566
R215:54738.573753,0.050000,54738.573797,54738.658620,54738.708621
R216:54738.595184,0.050000,54738.608551,54738.708685,54738.758686
R217:54738.617386,0.050000,54738.649090,54738.758737,54738.808737
R218:54738.632094,0.050000,54738.649093,54738.808775,54738.858776
R219:54738.636486,0.050000,54738.649097,54738.858811,54738.908820
R220:54738.692275,0.050000,54738.692311,54738.908910,54738.958911
R221:54738.706447,0.050000,54738.708673,54738.958945,54739.008946
R222:54738.765015,0.050000,54738.765115,54739.008985,54739.058986
R223:54738.804935,0.050000,54738.805127,54739.059044,54739.109045
R224:54739.002793,0.050000,54739.002818,54739.109091,54739.159092
R225:54739.021097,0.050000,54739.021124,54739.159164,54739.209165
R226:54739.065115,0.050000,54739.065201,54739.209255,54739.259256
R227:54739.135870,0.050000,54739.136335,54739.259306,54739.309307
R228:54739.143177,0.050000,54739.143246,54739.309361,54739.359362
R229:54739.178762,0.050000,54739.178843,54739.359418,54739.409419
R230:54739.228788,0.050000,54739.228838,54739.409473,54739.459474
R231:54739.389375,0.050000,54739.389420,54739.459526,54739.509526
R232:54739.422808,0.050000,54739.422929,54739.509581,54739.559581
R233:54739.445785,0.050000,54739.459516,54739.559626,54739.609627
R234:54739.550397,0.050000,54739.550499,54739.609714,54739.659715
R235:54739.582276,0.050000,54739.582328,54739.659752,54739.709753
R236:54739.582547,0.050000,54739.609696,54739.709782,54739.759783
R237:54739.606102,0.050000,54739.609700,54739.759810,54739.809904
R238:54739.656935,0.050000,54739.656987,54739.809964,54739.859965
R239:54739.757343,0.050000,54739.757397,54739.860025,54739.910026
R240:54739.772403,0.050000,54739.772540,54739.910123,54739.960124
R241:54739.835337,0.050000,54739.835386,54739.960204,54740.010205
R242:54739.872144,0.050000,54739.872420,54740.010256,54740.060433
R243:54739.909510,0.050000,54739.910109,54740.060459,54740.110460
R244:54739.930416,0.050000,54739.952320,54740.110506,54740.160507
R245:54740.000002,0.050000,54740.000100,54740.160558,54740.210559
R246:54740.011470,0.050000,54740.011499,54740.210606,54740.260607
R247:54740.065733,0.050000,54740.065765,54740.260658,54740.310659
R248:54740.068278,0.050000,54740.068310,54740.310725,54740.360726
R249:54740.098153,0.050000,54740.098243,54740.360779,54740.410780
R250:54740.164785,0.050000,54740.164828,54740.411416,54740.461417
R251:54740.227292,0.050000,54740.227348,54740.461476,54740.511518
R252:54740.283773,0.050000,54740.283823,54740.511558,54740.561559
R253:54740.307564,0.050000,54740.310712,54740.561614,54740.611615
R254:54740.318967,0.050000,54740.351234,54740.611677,54740.661678
R255:54740.371249,0.050000,54740.371295,54740.661724,54740.711725
R256:54740.426167,0.050000,54740.426213,54740.711761,54740.761762
R257:54740.499221,0.050000,54740.499268,54740.761818,54740.811819
R258:54740.521458,0.050000,54740.521497,54740.811882,54740.861883
R259:54740.596680,0.050000,54740.596711,54740.861945,54740.911946
R260:54740.609769,0.050000,54740.611664,54740.912005,54740.962005
R261:54740.750859,0.050000,54740.750907,54740.962048,54741.012049
R262:54740.815138,0.050000,54740.815181,54741.012095,54741.062096
R263:54740.874095,0.050000,54740.874144,54741.062127,54741.112128
R264:54740.890747,0.050000,54740.890870,54741.112186,54741.162187
R265:54740.933193,0.050000,54740.933238,54741.162226,54741.212232
R266:54740.938384,0.050000,54740.962058,54741.212273,54741.262274
R267:54740.955263,0.050000,54740.962060,54741.262323,54741.312324
R268:54741.071918,0.050000,54741.071971,54741.312372,54741.362373
R269:54741.136425,0.050000,54741.136482,54741.362414,54741.412415
R270:54741.141998,0.050000,54741.142029,54741.412468,54741.462469
R271:54741.148683,0.050000,54741.148718,54741.462552,54741.512553
R272:54741.173714,0.050000,54741.173759,54741.512607,54741.562608
R273:54741.221590,0.050000,54741.221662,54741.562651,54741.612652
R274:54741.271693,0.050000,54741.271737,54741.612713,54741.662714
R275:54741.332870,0.050000,54741.332997,54741.662774,54741.712775
R276:54741.352081,0.050000,54741.352127,54741.712847,54741.762848
R277:54741.435381,0.050000,54741.435420,54741.762908,54741.812909
R278:54741.454703,0.050000,54741.462539,54741.812966,54741.862966
R279:54741.477114,0.050000,54741.503196,54741.863001,54741.913002
R280:54741.488985,0.050000,54741.503203,54741.913064,54741.963065
R281:54741.720093,0.050000,54741.720136,54741.963123,54742.013124
R282:54741.720372,0.050000,54741.761150,54742.013185,54742.063186
R283:54741.818242,0.050000,54741.818293,54742.063218,54742.113219
R284:54741.841160,0.050000,54741.859135,54742.113276,54742.163277
R285:54741.852945,0.050000,54741.859139,54742.163347,54742.213350
R286:54741.885020,0.050000,54741.885061,54742.213481,54742.263499
R287:54742.062502,0.050000,54742.062548,54742.263562,54742.313563
R288:54742.202412,0.050000,54742.202453,54742.313623,54742.363623
R289:54742.283534,0.050000,54742.283583,54742.363690,54742.413691
R290:54742.350880,0.050000,54742.350921,54742.413754,54742.463754
R291:54742.358376,0.050000,54742.363679,54742.463811,54742.513812
R292:54742.423101,0.050000,54742.423211,54742.513852,54742.563853
R293:54742.451261,0.050000,54742.451412,54742.563911,54742.613912
R294:54742.534425,0.050000,54742.534468,54742.613963,54742.663964
R295:54742.693734,0.050000,54742.693781,54742.694296,54742.744297
R296:54742.831673,0.050000,54742.831735,54742.832428,54742.882428
R297:54742.941824,0.050000,54742.941911,54742.942013,54742.992014
R298:54742.954674,0.050000,54742.954772,54742.992095,54743.042096
R299:54743.042492,0.050000,54743.042512,54743.042603,54743.092604
R300:54743.086750,0.050000,54743.086805,54743.092640,54743.142641
R301:54743.106703,0.050000,54743.106751,54743.142699,54743.192700
R302:54743.237654,0.050000,54743.237706,54743.238234,54743.288235
R303:54743.371319,0.050000,54743.371362,54743.371723,54743.421724
R304:54743.486504,0.050000,54743.486565,54743.487140,54743.537140
R305:54743.524969,0.050000,54743.525023,54743.537183,54743.587184
R306:54743.572795,0.050000,54743.572841,54743.587247,54743.637248
R307:54743.582771,0.050000,54743.587234,54743.637303,54743.687304
R308:54743.600620,0.050000,54743.629175,54743.687356,54743.737356
R309:54743.711761,0.050000,54743.711798,54743.737408,54743.787408
R310:54743.749532,0.050000,54743.749577,54743.787471,54743.837501
R311:54743.784432,0.050000,54743.787459,54743.837540,54743.887541
R312:54743.889732,0.050000,54743.889759,54743.889976,54743.939993
R313:54743.928845,0.050000,54743.928899,54743.940061,54743.990072
R314:54743.948974,0.050000,54743.949086,54743.990120,54744.040182
R315:54743.960946,0.050000,54743.989139,54744.040297,54744.090314
R316:54744.025377,0.050000,54744.025425,54744.090338,54744.140339
R317:54744.097910,0.050000,54744.098284,54744.140373,54744.190374
R318:54744.107166,0.050000,54744.138111,54744.190433,54744.240434
R319:54744.159047,0.050000,54744.159096,54744.240470,54744.290471
R320:54744.197062,0.050000,54744.197120,54744.290514,54744.340514
R321:54744.298911,0.050000,54744.298961,54744.340557,54744.390557
R322:54744.371246,0.050000,54744.371295,54744.390593,54744.440593
R323:54744.383355,0.050000,54744.383411,54744.440622,54744.490623
R324:54744.398111,0.050000,54744.398165,54744.490658,54744.540659
R325:54744.437061,0.050000,54744.438094,54744.540722,54744.590727
R326:54744.444410,0.050000,54744.444424,54744.590777,54744.640778
R327:54744.453095,0.050000,54744.485110,54744.640839,54744.690840
R328:54744.478361,0.050000,54744.485117,54744.690898,54744.740930
R329:54744.501194,0.050000,54744.501258,54744.740972,54744.790973
R330:54744.651390,0.050000,54744.651418,54744.791007,54744.841008
R331:54744.784356,0.050000,54744.784405,54744.841038,54744.891039
R332:54744.838532,0.050000,54744.838584,54744.891096,54744.941097
R333:54744.939962,0.050000,54744.940000,54744.941128,54744.991131
R334:54745.035225,0.050000,54745.035326,54745.035413,54745.085414
R335:54745.073663,0.050000,54745.076110,54745.085489,54745.135490
R336:54745.096603,0.050000,54745.096663,54745.135553,54745.185553
R337:54745.125146,0.050000,54745.135540,54745.185585,54745.235586
R338:54745.185492,0.050000,54745.185548,54745.235709,54745.285710
R339:54745.238458,0.050000,54745.239009,54745.285798,54745.335798
R340:54745.256122,0.050000,54745.279231,54745.335834,54745.385835
R341:54745.265297,0.050000,54745.279234,54745.385894,54745.435894
R342:54745.269555,0.050000,54745.279235,54745.435942,54745.485943
R343:54745.275976,0.050000,54745.279239,54745.485987,54745.535988
R344:54745.333978,0.050000,54745.333999,54745.536033,54745.586035
R345:54745.360269,0.050000,54745.360348,54745.586078,54745.636079
R346:54745.379597,0.050000,54745.385876,54745.636132,54745.686133
R347:54745.402331,0.050000,54745.426179,54745.686233,54745.736243
R348:54745.407738,0.050000,54745.426188,54745.736309,54745.786310
R349:54745.439086,0.050000,54745.439157,54745.786363,54745.836364
R350:54745.590677,0.050000,54745.590841,54745.836428,54745.886429
R351:54745.639580,0.050000,54745.639617,54745.886513,54745.936514
R352:54745.656809,0.050000,54745.656850,54745.936560,54745.986561
R353:54745.716657,0.050000,54745.716709,54745.986632,54746.036633
R354:54745.796942,0.050000,54745.797080,54746.036694,54746.086695
R355:54745.835371,0.050000,54745.836432,54746.086797,54746.136798
R356:54745.846221,0.050000,54745.879154,54746.136843,54746.186950
R357:54745.965976,0.050000,54745.966026,54746.187019,54746.237020
R358:54746.021282,0.050000,54746.021334,54746.237102,54746.287103
R359:54746.062392,0.050000,54746.062465,54746.287171,54746.337172
R360:54746.075971,0.050000,54746.086783,54746.337245,54746.387246
R361:54746.122067,0.050000,54746.127224,54746.387295,54746.437296
R362:54746.153214,0.050000,54746.153529,54746.437340,54746.487341
R363:54746.252352,0.050000,54746.252394,54746.487398,54746.537399
R364:54746.280544,0.050000,54746.287158,54746.537437,54746.587438
R365:54746.296365,0.050000,54746.330107,54746.587493,54746.637494
R366:54746.318500,0.050000,54746.330117,54746.637590,54746.687591
R367:54746.391163,0.050000,54746.391301,54746.687641,54746.737642
R368:54746.448116,0.050000,54746.448424,54746.737714,54746.787748
R369:54746.681397,0.050000,54746.681446,54746.787788,54746.837789
R370:54746.706566,0.050000,54746.706609,54746.837842,54746.887843
R371:54746.833593,0.050000,54746.833649,54746.887886,54746.937886
R372:54746.841898,0.050000,54746.841987,54746.937929,54746.987930
R373:54746.871664,0.050000,54746.882105,54746.987989,54747.037990
R374:54746.872071,0.050000,54746.882108,54747.038032,54747.088033
R375:54746.957119,0.050000,54746.957200,54747.088882,54747.138883
R376:54747.039968,0.050000,54747.039992,54747.138931,54747.188932
R377:54747.059371,0.050000,54747.080252,54747.188985,54747.238986
R378:54747.066291,0.050000,54747.080256,54747.239026,54747.289027
R379:54747.177835,0.050000,54747.177878,54747.289091,54747.339092
R380:54747.249605,0.050000,54747.249651,54747.339135,54747.389136
R381:54747.253382,0.050000,54747.289077,54747.389177,54747.439178
R382:54747.287155,0.050000,54747.289080,54747.439233,54747.489233
R383:54747.526349,0.050000,54747.526788,54747.526800,54747.576801
R384:54747.594854,0.050000,54747.595368,54747.595376,54747.645377
R385:54747.608179,0.050000,54747.608235,54747.645454,54747.695455
R386:54747.644146,0.050000,54747.644197,54747.695503,54747.745504
R387:54747.755683,0.050000,54747.755743,54747.755831,54747.805832
R388:54747.761392,0.050000,54747.797251,54747.805894,54747.855895
R389:54747.767717,0.050000,54747.797255,54747.855953,54747.905953
R390:54747.794912,0.050000,54747.797258,54747.906023,54747.956061
R391:54747.814980,0.050000,54747.815020,54747.956120,54748.006250
R392:54747.875211,0.050000,54747.875338,54748.006349,54748.056350
R393:54747.968520,0.050000,54747.968570,54748.056394,54748.106394
R394:54747.978285,0.050000,54748.006329,54748.106434,54748.156464
R395:54747.982575,0.050000,54748.006332,54748.156496,54748.206497
R396:54747.986391,0.050000,54748.006334,54748.206625,54748.256626
R397:54748.020639,0.050000,54748.047287,54748.256694,54748.306800
R398:54748.105277,0.050000,54748.105307,54748.306874,54748.356875
R399:54748.170982,0.050000,54748.171059,54748.356965,54748.406982
R400:54748.203792,0.050000,54748.206609,54748.407072,54748.457087
R401:54748.210999,0.050000,54748.247213,54748.457165,54748.507189
R402:54748.260803,0.050000,54748.260915,54748.507222,54748.557223
R403:54748.309492,0.050000,54748.309543,54748.557260,54748.607304
R404:54748.352096,0.050000,54748.352146,54748.607365,54748.657366
R405:54748.403139,0.050000,54748.403183,54748.657403,54748.707404
R406:54748.428818,0.050000,54748.428855,54748.707455,54748.757577
R407:54748.449530,0.050000,54748.457149,54748.757634,54748.807635
R408:54748.571907,0.050000,54748.571965,54748.807684,54748.857685
R409:54748.608231,0.050000,54748.608267,54748.857754,54748.907754
R410:54748.619173,0.050000,54748.649273,54748.907803,54748.957803
R411:54748.671907,0.050000,54748.671936,54748.957861,54749.007862
R412:54748.714252,0.050000,54748.714334,54749.007910,54749.057911
R413:54748.768535,0.050000,54748.768612,54749.057977,54749.107978
R414:54748.819607,0.050000,54748.819636,54749.108031,54749.160837
R415:54748.835119,0.050000,54748.857741,54749.160897,54749.210898
R416:54748.934219,0.050000,54748.934548,54749.210940,54749.260940
R417:54748.939188,0.050000,54748.939229,54749.260992,54749.310993
R418:54748.945384,0.050000,54748.945427,54749.311102,54749.361103
R419:54749.089340,0.050000,54749.089386,54749.361130,54749.411131
R420:54749.100184,0.050000,54749.108020,54749.411178,54749.461178
R421:54749.137422,0.050000,54749.155334,54749.461211,54749.511212
R422:54749.152353,0.050000,54749.155344,54749.511261,54749.561262
R423:54749.250486,0.050000,54749.250527,54749.561329,54749.611330
R424:54749.270151,0.050000,54749.270192,54749.611404,54749.661404
R425:54749.295527,0.050000,54749.311089,54749.661435,54749.711435
R426:54749.412706,0.050000,54749.412730,54749.711467,54749.761572
R427:54749.436800,0.050000,54749.436852,54749.761634,54749.839485
R428:54749.531537,0.050000,54749.531583,54749.839553,54749.889554
R429:54749.592233,0.050000,54749.592280,54749.889628,54749.939628
R430:54749.594786,0.050000,54749.611391,54749.939661,54749.989662
R431:54749.611892,0.050000,54749.653273,54749.989743,54750.039743
R432:54749.696613,0.050000,54749.696673,54750.039791,54750.089792
R433:54749.752406,0.050000,54749.752448,54750.089842,54750.139843
R434:54749.853537,0.050000,54749.853593,54750.140049,54750.190050
R435:54749.875001,0.050000,54749.889615,54750.190109,54750.240110
R436:54749.889770,0.050000,54749.931143,54750.240149,54750.290150
R437:54749.902346,0.050000,54749.931150,54750.290734,54750.341475
R438:54749.955255,0.050000,54749.955300,54750.341529,54750.391530
R439:54749.961939,0.050000,54749.989729,54750.391693,54750.441704
R440:54750.024698,0.050000,54750.031207,54750.441777,54750.491778
R441:54750.110263,0.050000,54750.110417,54750.491810,54750.541811
R442:54750.181654,0.050000,54750.181695,54750.541841,54750.591867
R443:54750.194599,0.050000,54750.194636,54750.591957,54750.641983
R444:54750.223656,0.050000,54750.237198,54750.642233,54750.692254
R445:54750.245026,0.050000,54750.245411,54750.692300,54750.742301
R446:54750.277487,0.050000,54750.286181,54750.742373,54750.792374
R447:54750.292266,0.050000,54750.292293,54750.792420,54750.842421
R448:54750.319502,0.050000,54750.334770,54750.842476,54750.892476
R449:54750.361846,0.050000,54750.364729,54750.892544,54750.942545
R450:54750.374754,0.050000,54750.391675,54750.942585,54750.992586
R451:54750.420048,0.050000,54750.433145,54750.992633,54751.042635
R452:54750.421313,0.050000,54750.433153,54751.042714,54751.092715
R453:54750.449029,0.050000,54750.449105,54751.092785,54751.142786
R454:54750.476523,0.050000,54750.491294,54751.142844,54751.192863
R455:54750.497048,0.050000,54750.497107,54751.192923,54751.242924
R456:54750.572783,0.050000,54750.572844,54751.243010,54751.293011
R457:54750.591308,0.050000,54750.591431,54751.293078,54751.343079
R458:54750.651267,0.050000,54750.651340,54751.343132,54751.393132
R459:54750.697364,0.050000,54750.697423,54751.393183,54751.443197
R460:54750.838899,0.050000,54750.838957,54751.443358,54751.493421
R461:54750.904700,0.050000,54750.904741,54751.493496,54751.543497
R462:54750.998093,0.050000,54750.998133,54751.543549,54751.593550
R463:54751.066088,0.050000,54751.066181,54751.593941,54751.643942
R464:54751.087921,0.050000,54751.088290,54751.643999,54751.694063
R465:54751.147301,0.050000,54751.147404,54751.694120,54751.744121
R466:54751.149305,0.050000,54751.188383,54751.744181,54751.794182
R467:54751.192934,0.050000,54751.192961,54751.794228,54751.844229
R468:54751.302392,0.050000,54751.302452,54751.844426,54751.894427
R469:54751.358138,0.050000,54751.358192,54751.894503,54751.944510
R470:54751.417024,0.050000,54751.417114,54751.944569,54751.994570
R471:54751.458890,0.050000,54751.458931,54751.994740,54752.044741
R472:54751.488582,0.050000,54751.493481,54752.044877,54752.094878
R473:54751.514253,0.050000,54751.534297,54752.094923,54752.144924
R474:54751.585324,0.050000,54751.585937,54752.144981,54752.194982
R475:54751.676133,0.050000,54751.676182,54752.195031,54752.245032
R476:54751.739623,0.050000,54751.739665,54752.245103,54752.295104
R477:54751.748968,0.050000,54751.749010,54752.295131,54752.345146
R478:54751.751457,0.050000,54751.790957,54752.345197,54752.395198
R479:54751.755231,0.050000,54751.790970,54752.395245,54752.445246
R480:54751.820341,0.050000,54751.820811,54752.445287,54752.495288
R481:54751.833794,0.050000,54751.844410,54752.495391,54752.545392
R482:54751.888605,0.050000,54751.888639,54752.545437,54752.595438
R483:54751.956143,0.050000,54751.956195,54752.595548,54752.645548
R484:54752.005415,0.050000,54752.005777,54752.645581,54752.695582
R485:54752.007408,0.050000,54752.044863,54752.695615,54752.745616
R486:54752.009034,0.050000,54752.044865,54752.745658,54752.795659
R487:54752.031339,0.050000,54752.044867,54752.795779,54752.845780
R488:54752.049692,0.050000,54752.086152,54752.845843,54752.895844
R489:54752.109632,0.050000,54752.109674,54752.895914,54752.945915
R490:54752.219007,0.050000,54752.219149,54752.945961,54752.995962
R491:54752.231735,0.050000,54752.245090,54752.996022,54753.046022
R492:54752.255706,0.050000,54752.286212,54753.046060,54753.096093
R493:54752.317203,0.050000,54752.317247,54753.096152,54753.146213
R494:54752.434832,0.050000,54752.434872,54753.146252,54753.196253
R495:54752.494736,0.050000,54752.494903,54753.196296,54753.246297
R496:54752.516424,0.050000,54752.516473,54753.246329,54753.296330
R497:54752.637664,0.050000,54752.637752,54753.296399,54753.346409
R498:54752.649493,0.050000,54752.649528,54753.346467,54753.396468
R499:54752.659721,0.050000,54752.690367,54753.399123,54753.449124
R500:54752.698805,0.050000,54752.698851,54753.449163,54753.499192
R501:54752.797581,0.050000,54752.797630,54753.499310,54753.549311
R502:54752.860609,0.050000,54752.860651,54753.549351,54753.599352
R503:54752.991382,0.050000,54752.991436,54753.599391,54753.649392
R504:54753.003711,0.050000,54753.003745,54753.649423,54753.699424
R505:54753.032349,0.050000,54753.044381,54753.699470,54753.749471
R506:54753.100804,0.050000,54753.100927,54753.749516,54753.799527
R507:54753.214429,0.050000,54753.214467,54753.799605,54753.849606
R508:54753.259056,0.050000,54753.259128,54753.849646,54753.899647
R509:54753.334454,0.050000,54753.334535,54753.899698,54753.949699
R510:54753.486166,0.050000,54753.486199,54753.949758,54753.999764
R511:54753.501494,0.050000,54753.501527,54753.999812,54754.049813
R512:54753.647712,0.050000,54753.647829,54754.049871,54754.099872
R513:54753.693734,0.050000,54753.693782,54754.099927,54754.149928
R514:54753.845571,0.050000,54753.845864,54754.149975,54754.199976
R515:54753.884542,0.050000,54753.884603,54754.200019,54754.250019
R516:54753.929865,0.050000,54753.929913,54754.250106,54754.300107
R517:54754.086693,0.050000,54754.086741,54754.300168,54754.350205
R518:54754.176666,0.050000,54754.176824,54754.350254,54754.401445
R519:54754.270930,0.050000,54754.271079,54754.401520,54754.451521
R520:54754.321676,0.050000,54754.321790,54754.451571,54754.501590
R521:54754.381388,0.050000,54754.381451,54754.501621,54754.551623
R522:54754.679939,0.050000,54754.680003,54754.680509,54754.730510
R523:54754.832695,0.050000,54754.832755,54754.833478,54754.883479
R524:54754.854623,0.050000,54754.854681,54754.883537,54754.933538
R525:54754.969966,0.050000,54754.970007,54754.970707,54755.020708
R526:54755.019512,0.050000,54755.019572,54755.020738,54755.070739
R527:54755.076077,0.050000,54755.076118,54755.076786,54755.126787
R528:54755.155315,0.050000,54755.155381,54755.155727,54755.205728
R529:54755.238429,0.050000,54755.238489,54755.239098,54755.289099
R530:54755.326604,0.050000,54755.326672,54755.327261,54755.377262
R531:54755.343716,0.050000,54755.343771,54755.377314,54755.427315
R532:54755.395375,0.050000,54755.395419,54755.427362,54755.477363
R533:54755.430817,0.050000,54755.430842,54755.477401,54755.527402
R534:54755.441039,0.050000,54755.472298,54755.527453,54755.577454
R535:54755.529268,0.050000,54755.529353,54755.577503,54755.627504
R536:54755.640719,0.050000,54755.640860,54755.640971,54755.690972
R537:54755.755595,0.050000,54755.755628,54755.756123,54755.806124
R538:54755.816349,0.050000,54755.816401,54755.817859,54755.867859
R539:54755.846007,0.050000,54755.846094,54755.867894,54755.917894
R540:54755.898756,0.050000,54755.898806,54755.917942,54755.967943
R541:54755.949346,0.050000,54755.949394,54755.967981,54756.017982
R542:54756.007834,0.050000,54756.007881,54756.018018,54756.068019
R543:54756.051176,0.050000,54756.051210,54756.068090,54756.118091
R544:54756.060410,0.050000,54756.068077,54756.118134,54756.168135
R545:54756.108928,0.050000,54756.110462,54756.168178,54756.218179
R546:54756.111330,0.050000,54756.111369,54756.218224,54756.268225
R547:54756.178791,0.050000,54756.178836,54756.268273,54756.318274
R548:54756.219547,0.050000,54756.219574,54756.318316,54756.368318
R549:54756.319106,0.050000,54756.319135,54756.368413,54756.418414
R550:54756.360259,0.050000,54756.360373,54756.418479,54756.468480
R551:54756.368000,0.050000,54756.368077,54756.468540,54756.518541
R552:54756.405963,0.050000,54756.406019,54756.518591,54756.568592
R553:54756.447350,0.050000,54756.447412,54756.568648,54756.618649
R554:54756.450406,0.050000,54756.468529,54756.618702,54756.668703
R555:54756.544138,0.050000,54756.544210,54756.668753,54756.718776
R556:54756.571448,0.050000,54756.571508,54756.719036,54756.769037
R557:54756.628874,0.050000,54756.629031,54756.769096,54756.819097
R558:54756.663449,0.050000,54756.663495,54756.819148,54756.869149
R559:54756.672699,0.050000,54756.672721,54756.869186,54756.919187
R560:54756.702694,0.050000,54756.715559,54756.919264,54756.969265
R561:54756.718944,0.050000,54756.719021,54756.969959,54757.019960
R562:54756.748962,0.050000,54756.758269,54757.020003,54757.070004
R563:54756.750877,0.050000,54756.758276,54757.070060,54757.120061
R564:54756.821816,0.050000,54756.821845,54757.120123,54757.170124
R565:54756.869726,0.050000,54756.869751,54757.170157,54757.220158
R566:54756.963603,0.050000,54756.963638,54757.220202,54757.270203
R567:54757.012864,0.050000,54757.012903,54757.270264,54757.320266
R568:54757.046669,0.050000,54757.046797,54757.320321,54757.370323
R569:54757.083510,0.050000,54757.083616,54757.370366,54757.420367
R570:54757.380964,0.050000,54757.381069,54757.420466,54757.470467
R571:54757.385094,0.050000,54757.420441,54757.470502,54757.520503
R572:54757.390174,0.050000,54757.420445,54757.520576,54757.570577
R573:54757.447235,0.050000,54757.462164,54757.570622,54757.620642
R574:54757.497968,0.050000,54757.498018,54757.620720,54757.670721
R575:54757.512331,0.050000,54757.520562,54757.670769,54757.720770
R576:54757.526354,0.050000,54757.561173,54757.720822,54757.770824
R577:54757.581943,0.050000,54757.581992,54757.770862,54757.820863
R578:54757.724975,0.050000,54757.725009,54757.820919,54757.870920
R579:54757.799533,0.050000,54757.799696,54757.870979,54757.920980
R580:54757.834418,0.050000,54757.834456,54757.921027,54757.971028
R581:54757.866589,0.050000,54757.870966,54757.971103,54758.021104
R582:54757.972293,0.050000,54757.972329,54758.021141,54758.071154
R583:54758.141867,0.050000,54758.142586,54758.142596,54758.192597
R584:54758.307278,0.050000,54758.307328,54758.307582,54758.357583
R585:54758.434813,0.050000,54758.434907,54758.435060,54758.485061
R586:54758.515963,0.050000,54758.516031,54758.516087,54758.566088
R587:54758.538653,0.050000,54758.538717,54758.566135,54758.616135
R588:54758.581576,0.050000,54758.581623,54758.616206,54758.666207
R589:54758.595654,0.050000,54758.616185,54758.666241,54758.716242
R590:54758.631819,0.050000,54758.656314,54758.716279,54758.766280
R591:54758.798148,0.050000,54758.798719,54758.798727,54758.848728
R592:54758.833147,0.050000,54758.839123,54758.848771,54758.898802
R593:54758.953076,0.050000,54758.953546,54758.953555,54759.003556
R594:54759.143201,0.050000,54759.143848,54759.143871,54759.193871
R595:54759.154619,0.050000,54759.154660,54759.193900,54759.243901
R596:54759.188782,0.050000,54759.188837,54759.243957,54759.293958
R597:54759.273107,0.050000,54759.273153,54759.293993,54759.343994
R598:54759.354121,0.050000,54759.354145,54759.354489,54759.404570
R599:54759.485195,0.050000,54759.485276,54759.485595,54759.535596
R600:54759.502007,0.050000,54759.502036,54759.535652,54759.585662
R601:54759.581958,0.050000,54759.582004,54759.585696,54759.635696
R602:54759.766155,0.050000,54759.766206,54759.766585,54759.816585
R603:54759.788671,0.050000,54759.807245,54759.816618,54759.866618
R604:54759.817319,0.050000,54759.817340,54759.866653,54759.916654
R605:54759.863271,0.050000,54759.863299,54759.916685,54759.966686
R606:54759.908799,0.050000,54759.908859,54759.966812,54760.016851
R607:54759.963363,0.050000,54759.963409,54760.017102,54760.067103
R608:54759.975997,0.050000,54759.976049,54760.067136,54760.117137
R609:54760.012534,0.050000,54760.017089,54760.117187,54760.167188
R610:54760.037684,0.050000,54760.058187,54760.167241,54760.217242
R611:54760.096960,0.050000,54760.097010,54760.217297,54760.267298
R612:54760.235266,0.050000,54760.235304,54760.267371,54760.317371
R613:54760.248667,0.050000,54760.267358,54760.317408,54760.367446
R614:54760.301143,0.050000,54760.309157,54760.367475,54760.417476
R615:54760.413123,0.050000,54760.413168,54760.417525,54760.467526
R616:54760.420692,0.050000,54760.420736,54760.467564,54760.517565
R617:54760.447992,0.050000,54760.460279,54760.517617,54760.567617
R618:54760.460788,0.050000,54760.460811,54760.567656,54760.617657
R619:54760.519634,0.050000,54760.519723,54760.617712,54760.667713
R620:54760.569878,0.050000,54760.569997,54760.667771,54760.717772
R621:54760.633061,0.050000,54760.633111,54760.717850,54760.767851
R622:54760.683649,0.050000,54760.683680,54760.767899,54760.817900
R623:54760.687112,0.050000,54760.717837,54760.818629,54760.868629
R624:54760.732883,0.050000,54760.758346,54760.868711,54760.918712
R625:54760.779005,0.050000,54760.779045,54760.918747,54760.968748
R626:54760.794803,0.050000,54760.817959,54760.968794,54761.018795
R627:54760.796343,0.050000,54760.817962,54761.018846,54761.068847
R628:54760.820268,0.050000,54760.859156,54761.068892,54761.118937
R629:54760.820817,0.050000,54760.859164,54761.118987,54761.168988
R630:54760.963835,0.050000,54760.963870,54761.169050,54761.219154
R631:54761.015036,0.050000,54761.015083,54761.219204,54761.269205
R632:54761.096964,0.050000,54761.097012,54761.269297,54761.319298
R633:54761.218877,0.050000,54761.218919,54761.319360,54761.369361
R634:54761.369684,0.050000,54761.369701,54761.369767,54761.419769
R635:54761.380483,0.050000,54761.410345,54761.419828,54761.469849
R636:54761.413709,0.050000,54761.413728,54761.469890,54761.519958
R637:54761.451087,0.050000,54761.451129,54761.520019,54761.570020
R638:54761.539492,0.050000,54761.539541,54761.570077,54761.620078
R639:54761.596501,0.050000,54761.596537,54761.620204,54761.670205
R640:54761.784418,0.050000,54761.784788,54761.785263,54761.835263
R641:54761.794271,0.050000,54761.826208,54761.835302,54761.885303
R642:54761.813554,0.050000,54761.826232,54761.885335,54761.935336
R643:54761.932438,0.050000,54761.932485,54761.935371,54761.985396
R644:54761.957992,0.050000,54761.958065,54761.985444,54762.035445
R645:54762.085833,0.050000,54762.085888,54762.086389,54762.136390
R646:54762.162542,0.050000,54762.162602,54762.163106,54762.213107
R647:54762.198577,0.050000,54762.198623,54762.213137,54762.263138
R648:54762.216388,0.050000,54762.216422,54762.263172,54762.313173
R649:54762.379302,0.050000,54762.379366,54762.379476,54762.429477
R650:54762.386758,0.050000,54762.386804,54762.429541,54762.479542
R651:54762.498568,0.050000,54762.498687,54762.499216,54762.549216
R652:54762.553095,0.050000,54762.553143,54762.553940,54762.603970
R653:54762.623813,0.050000,54762.623846,54762.624056,54762.674056
R654:54762.767476,0.050000,54762.767534,54762.768089,54762.818090
R655:54762.778916,0.050000,54762.778949,54762.818127,54762.868131
R656:54762.797455,0.050000,54762.797491,54762.868182,54762.918223
R657:54762.807732,0.050000,54762.807770,54762.918270,54762.968271
R658:54762.820445,0.050000,54762.820467,54762.968303,54763.018304
R659:54762.875307,0.050000,54762.875434,54763.018666,54763.068667
R660:54762.886585,0.050000,54762.886635,54763.068708,54763.118827
R661:54762.894602,0.050000,54762.894623,54763.118881,54763.168882
R662:54762.909415,0.050000,54762.909461,54763.168935,54763.218936
R663:54763.073678,0.050000,54763.073967,54763.218997,54763.268999
R664:54763.075446,0.050000,54763.114200,54763.269057,54763.319074
R665:54763.085570,0.050000,54763.114204,54763.319206,54763.369207
R666:54763.093550,0.050000,54763.114207,54763.369239,54763.419240
R667:54763.128609,0.050000,54763.128722,54763.419390,54763.469390
R668:54763.187821,0.050000,54763.187877,54763.469423,54763.519424
R669:54763.325585,0.050000,54763.325624,54763.519519,54763.569520
R670:54763.331592,0.050000,54763.367195,54763.569606,54763.619607
R671:54763.384574,0.050000,54763.385082,54763.619663,54763.669664
R672:54763.389230,0.050000,54763.419485,54763.669735,54763.719736
R673:54763.417071,0.050000,54763.419491,54763.719844,54763.769845
R674:54763.455276,0.050000,54763.460298,54763.769900,54763.819900
R675:54763.487221,0.050000,54763.487268,54763.819945,54763.869946
R676:54763.506598,0.050000,54763.520030,54763.870012,54763.920013
R677:54763.522212,0.050000,54763.561389,54763.920061,54763.970076
R678:54763.657548,0.050000,54763.657588,54763.970123,54764.020123
R679:54763.704066,0.050000,54763.704099,54764.020261,54764.070262
R680:54763.715932,0.050000,54763.719830,54764.070313,54764.120314
R681:54763.717965,0.050000,54763.719834,54764.120375,54764.170376
R682:54763.749493,0.050000,54763.760194,54764.170751,54764.220752
R683:54763.843711,0.050000,54763.843744,54764.220811,54764.270812
R684:54763.922086,0.050000,54763.922116,54764.270855,54764.320856
R685:54763.947426,0.050000,54763.963292,54764.321598,54764.371599
R686:54764.292494,0.050000,54764.292540,54764.371640,54764.421641
R687:54764.294696,0.050000,54764.320912,54764.421679,54764.471695
R688:54764.336152,0.050000,54764.360085,54764.471723,54764.521724
R689:54764.349132,0.050000,54764.360090,54764.521769,54764.571770
R690:54764.409992,0.050000,54764.410082,54764.571826,54764.621827
R691:54764.477516,0.050000,54764.477605,54764.621855,54764.671856
R692:54764.500393,0.050000,54764.518273,54764.671903,54764.721904
R693:54764.623279,0.050000,54764.623318,54764.721945,54764.771946
R694:54764.682562,0.050000,54764.682690,54764.771999,54764.822000
R695:54764.707607,0.050000,54764.707687,54764.822094,54764.872095
R696:54764.711543,0.050000,54764.711591,54764.872136,54764.922137
R697:54764.793169,0.050000,54764.793213,54764.922188,54764.972189
R698:54764.883890,0.050000,54764.883914,54764.972266,54765.022267
R699:54764.950948,0.050000,54764.950978,54765.022305,54765.072306
R700:54765.014836,0.050000,54765.014860,54765.072361,54765.122362
R701:54765.145392,0.050000,54765.145442,54765.145625,54765.195626
R702:54765.166401,0.050000,54765.187204,54765.195687,54765.245687
R703:54765.244287,0.050000,54765.244312,54765.245716,54765.295717
R704:54765.264329,0.050000,54765.264354,54765.295776,54765.345777
R705:54765.356712,0.050000,54765.356760,54765.357112,54765.407113
R706:54765.368535,0.050000,54765.397273,54765.407147,54765.457148
R707:54765.418563,0.050000,54765.418633,54765.457257,54765.507257
R708:54765.422080,0.050000,54765.457241,54765.507338,54765.557339
R709:54765.428349,0.050000,54765.457243,54765.557375,54765.607376
R710:54765.438572,0.050000,54765.457244,54765.607427,54765.657428
R711:54765.454862,0.050000,54765.457245,54765.657485,54765.707486
R712:54765.464134,0.050000,54765.498098,54765.707526,54765.757527
R713:54765.514210,0.050000,54765.514234,54765.757561,54765.807562
R714:54765.517779,0.050000,54765.555172,54765.807664,54765.857665
R715:54765.640779,0.050000,54765.640853,54765.857696,54765.907697
R716:54765.803250,0.050000,54765.803295,54765.907733,54765.957734
R717:54765.806859,0.050000,54765.807652,54765.957831,54766.007832
R718:54765.951403,0.050000,54765.951455,54766.007883,54766.057884
R719:54765.986706,0.050000,54765.986752,54766.057958,54766.107958
R720:54766.003317,0.050000,54766.007870,54766.107996,54766.158017
R721:54766.053069,0.050000,54766.053119,54766.158240,54766.208241
R722:54766.063476,0.050000,54766.063501,54766.208280,54766.258281
R723:54766.112394,0.050000,54766.112442,54766.258324,54766.308325
R724:54766.148518,0.050000,54766.148572,54766.308364,54766.358364
R725:54766.242566,0.050000,54766.242611,54766.358414,54766.408415
R726:54766.387406,0.050000,54766.387457,54766.408457,54766.458458
R727:54766.429063,0.050000,54766.429102,54766.458505,54766.508506
R728:54766.477667,0.050000,54766.477710,54766.508539,54766.558540
R729:54766.550564,0.050000,54766.550607,54766.558586,54766.608587
R730:54766.564876,0.050000,54766.564895,54766.608634,54766.658635
R731:54766.582117,0.050000,54766.605343,54766.658692,54766.708693
R732:54766.638113,0.050000,54766.638136,54766.708769,54766.758828
R733:54766.681473,0.050000,54766.681650,54766.758883,54766.808884
R734:54766.682694,0.050000,54766.708742,54766.808935,54766.858936
R735:54766.831935,0.050000,54766.831973,54766.858977,54766.908978
R736:54766.855921,0.050000,54766.855980,54766.909019,54766.959020
R737:54766.868883,0.050000,54766.868922,54766.959092,54767.009093
R738:54766.910314,0.050000,54766.910447,54767.009146,54767.059182
R739:54766.939472,0.050000,54766.951138,54767.059247,54767.109253
R740:54766.959948,0.050000,54766.959974,54767.109313,54767.159314
R741:54767.023402,0.050000,54767.023817,54767.159364,54767.209365
R742:54767.081699,0.050000,54767.082272,54767.209395,54767.259396
R743:54767.114958,0.050000,54767.114982,54767.259461,54767.309462
R744:54767.132549,0.050000,54767.155418,54767.309502,54767.359503
R745:54767.200103,0.050000,54767.200302,54767.359557,54767.409557
R746:54767.223247,0.050000,54767.223378,54767.409616,54767.459617
R747:54767.236879,0.050000,54767.259449,54767.460650,54767.510651
R748:54767.316049,0.050000,54767.316169,54767.510729,54767.560730
R749:54767.332834,0.050000,54767.333035,54767.560788,54767.610789
R750:54767.400114,0.050000,54767.400628,54767.610846,54767.660847
R751:54767.401624,0.050000,54767.409603,54767.660892,54767.710893
R752:54767.505299,0.050000,54767.505337,54767.710946,54767.760947
R753:54767.611699,0.050000,54767.611724,54767.760997,54767.810998
R754:54767.662780,0.050000,54767.662810,54767.811060,54767.861061
R755:54767.684742,0.050000,54767.684795,54767.861107,54767.911107
R756:54767.746101,0.050000,54767.746227,54767.911156,54767.961157
R757:54767.787874,0.050000,54767.787919,54767.961193,54768.011193
R758:54767.892606,0.050000,54767.892634,54768.011226,54768.061235
R759:54767.908656,0.050000,54767.911143,54768.061317,54768.111318
R760:54767.925157,0.050000,54767.952204,54768.111376,54768.161377
R761:54767.929432,0.050000,54767.952211,54768.161433,54768.211434
R762:54767.969615,0.050000,54767.969664,54768.211466,54768.261467
R763:54768.092254,0.050000,54768.092302,54768.261504,54768.311505
R764:54768.145107,0.050000,54768.145148,54768.311555,54768.361556
R765:54768.187424,0.050000,54768.187455,54768.361607,54768.411608
R766:54768.283329,0.050000,54768.283367,54768.411661,54768.461677
R767:54768.460901,0.050000,54768.460935,54768.461713,54768.511714
R768:54768.535219,0.050000,54768.535262,54768.535314,54768.585315
R769:54768.558849,0.050000,54768.576360,54768.585344,54768.635380
R770:54768.583834,0.050000,54768.583925,54768.635425,54768.685426
R771:54768.586611,0.050000,54768.586683,54768.685465,54768.735466
R772:54768.588182,0.050000,54768.627113,54768.735519,54768.785521
R773:54768.588626,0.050000,54768.627116,54768.785548,54768.835549
R774:54768.625985,0.050000,54768.627122,54768.835586,54768.885587
R775:54768.645407,0.050000,54768.645494,54768.885653,54768.935653
R776:54768.714385,0.050000,54768.714429,54768.935683,54768.985683
R777:54768.810015,0.050000,54768.810088,54768.985720,54769.035720
R778:54768.849657,0.050000,54768.849699,54769.035768,54769.085769
R779:54768.884930,0.050000,54768.885640,54769.085858,54769.135859
R780:54768.889720,0.050000,54768.927266,54769.136011,54769.186012
R781:54768.901790,0.050000,54768.927290,54769.186082,54769.236083
R782:54768.938796,0.050000,54768.938832,54769.236124,54769.286125
R783:54769.087976,0.050000,54769.088041,54769.286172,54769.336172
R784:54769.090540,0.050000,54769.090570,54769.336214,54769.386214
R785:54769.095521,0.050000,54769.095548,54769.386279,54769.436280
R786:54769.111199,0.050000,54769.111233,54769.436334,54769.486335
R787:54769.180899,0.050000,54769.180972,54769.486374,54769.536374
R788:54769.233992,0.050000,54769.234076,54769.536416,54769.586416
R789:54769.239633,0.050000,54769.239653,54769.586446,54769.636447
R790:54769.421117,0.050000,54769.421165,54769.636536,54769.686537
R791:54769.533854,0.050000,54769.533894,54769.686608,54769.736609
R792:54769.544408,0.050000,54769.544449,54769.736641,54769.786642
R793:54769.581080,0.050000,54769.585111,54769.786685,54769.836686
R794:54769.660973,0.050000,54769.661017,54769.836723,54769.886723
R795:54769.745143,0.050000,54769.745170,54769.886767,54769.936768
R796:54769.745706,0.050000,54769.782305,54769.936796,54769.986797
R797:54769.793865,0.050000,54769.793932,54769.986837,54770.036838
R798:54769.868288,0.050000,54769.868322,54770.036878,54770.086878
R799:54769.944382,0.050000,54769.944474,54770.086934,54770.136935
R800:54770.087630,0.050000,54770.087669,54770.137054,54770.187072
R801:54770.094004,0.050000,54770.094074,54770.187121,54770.237122
R802:54770.180523,0.050000,54770.180577,54770.237179,54770.287180
R803:54770.343409,0.050000,54770.343441,54770.343609,54770.393610
R804:54770.349576,0.050000,54770.384102,54770.393644,54770.443645
R805:54770.367518,0.050000,54770.384105,54770.443690,54770.493691
R806:54770.382771,0.050000,54770.384110,54770.493742,54770.543743
R807:54770.475013,0.050000,54770.475057,54770.543816,54770.593817
R808:54770.480665,0.050000,54770.493728,54770.593848,54770.643849
R809:54770.557377,0.050000,54770.557488,54770.644537,54770.694538
R810:54770.576047,0.050000,54770.576234,54770.694594,54770.744594
R811:54770.587722,0.050000,54770.587767,54770.744623,54770.794624
R812:54770.743457,0.050000,54770.743500,54770.794683,54770.844684
R813:54770.823690,0.050000,54770.823739,54770.844747,54770.894748
R814:54770.829448,0.050000,54770.844734,54770.894781,54770.944782
R815:54771.050044,0.050000,54771.050626,54771.050634,54771.100635
R816:54771.153938,0.050000,54771.154495,54771.154505,54771.204505
R817:54771.177291,0.050000,54771.177347,54771.204556,54771.254557
R818:54771.242975,0.050000,54771.243016,54771.254592,54771.304592
R819:54771.277092,0.050000,54771.277140,54771.304651,54771.354652
R820:54771.308942,0.050000,54771.308985,54771.354681,54771.404682
R821:54771.368190,0.050000,54771.368256,54771.404719,54771.454720
R822:54771.390122,0.050000,54771.390168,54771.454810,54771.504811
R823:54771.441199,0.050000,54771.441245,54771.504839,54771.554840
R824:54771.449024,0.050000,54771.454795,54771.554878,54771.604879
R825:54771.453781,0.050000,54771.454799,54771.604925,54771.654926
R826:54771.480221,0.050000,54771.495949,54771.654979,54771.704980
R827:54771.488483,0.050000,54771.495956,54771.705038,54771.755066
R828:54771.548663,0.050000,54771.548725,54771.755126,54771.805127
R829:54771.555753,0.050000,54771.555820,54771.805159,54771.855160
R830:54771.674609,0.050000,54771.674713,54771.855209,54771.905209
R831:54771.723706,0.050000,54771.723753,54771.905240,54771.955241
R832:54771.737360,0.050000,54771.755114,54771.955274,54772.005275
R833:54771.798995,0.050000,54771.799070,54772.005309,54772.055310
R834:54771.841114,0.050000,54771.841194,54772.055368,54772.105368
R835:54771.862234,0.050000,54771.862273,54772.105395,54772.155396
R836:54772.021949,0.050000,54772.022014,54772.155428,54772.205429
R837:54772.103757,0.050000,54772.103780,54772.205475,54772.255476
R838:54772.111217,0.050000,54772.111246,54772.255509,54772.305509
R839:54772.113545,0.050000,54772.151206,54772.305543,54772.355543
R840:54772.153961,0.050000,54772.153980,54772.355565,54772.405566
R841:54772.182533,0.050000,54772.182574,54772.405594,54772.455595
R842:54772.196045,0.050000,54772.205487,54772.455629,54772.505630
R843:54772.229993,0.050000,54772.246158,54772.505671,54772.555672
R844:54772.240100,0.050000,54772.246167,54772.555723,54772.605724
R845:54772.260853,0.050000,54772.260900,54772.605782,54772.655783
R846:54772.292771,0.050000,54772.301138,54772.655821,54772.705822
R847:54772.293375,0.050000,54772.301146,54772.705862,54772.755863
R848:54772.352019,0.050000,54772.352094,54772.755908,54772.805910
R849:54772.359874,0.050000,54772.359900,54772.805963,54772.855964
R850:54772.394960,0.050000,54772.400506,54772.856002,54772.906003
R851:54772.400290,0.050000,54772.400517,54772.906072,54772.956072
R852:54772.485012,0.050000,54772.485135,54772.956103,54773.006104
R853:54772.571291,0.050000,54772.571413,54773.006169,54773.056170
R854:54772.636195,0.050000,54772.636247,54773.056235,54773.106248
R855:54772.770608,0.050000,54772.770851,54773.106321,54773.156322
R856:54772.883256,0.050000,54772.883297,54773.156366,54773.206367
R857:54772.887043,0.050000,54772.906057,54773.206400,54773.256402
R858:54772.889860,0.050000,54772.906061,54773.256469,54773.306469
R859:54772.931662,0.050000,54772.947009,54773.306508,54773.356508
R860:54772.943310,0.050000,54772.947016,54773.356545,54773.406546
R861:54773.090117,0.050000,54773.090149,54773.406585,54773.456586
R862:54773.097717,0.050000,54773.106305,54773.456626,54773.506627
R863:54773.126910,0.050000,54773.148236,54773.506668,54773.556669
R864:54773.179643,0.050000,54773.179702,54773.556729,54773.606729
R865:54773.237853,0.050000,54773.237901,54773.606771,54773.656772
R866:54773.305748,0.050000,54773.305829,54773.656831,54773.706832
R867:54773.350191,0.050000,54773.350234,54773.706909,54773.756910
R868:54773.380646,0.050000,54773.380695,54773.756949,54773.806949
R869:54773.478243,0.050000,54773.478293,54773.806999,54773.857000
R870:54773.527342,0.050000,54773.527382,54773.857067,54773.907068
R871:54773.669707,0.050000,54773.669751,54773.907836,54773.957836
R872:54773.684973,0.050000,54773.706895,54773.957866,54774.007866
R873:54773.772834,0.050000,54773.772888,54774.007904,54774.057904
R874:54773.800574,0.050000,54773.800635,54774.057960,54774.107961
R875:54773.828961,0.050000,54773.829011,54774.108010,54774.158011
R876:54773.835881,0.050000,54773.857054,54774.158094,54774.208095
R877:54773.928952,0.050000,54773.929012,54774.208151,54774.258152
R878:54773.957328,0.050000,54773.957372,54774.258188,54774.308197
R879:54774.034385,0.050000,54774.034455,54774.308245,54774.358245
R880:54774.186593,0.050000,54774.186644,54774.358301,54774.408302
R881:54774.292736,0.050000,54774.292782,54774.408343,54774.458344
R882:54774.392130,0.050000,54774.392173,54774.458409,54774.508410
R883:54774.462225,0.050000,54774.462303,54774.508447,54774.558448
R884:54774.518603,0.050000,54774.518643,54774.558488,54774.608489
R885:54774.559185,0.050000,54774.559229,54774.608542,54774.658552
R886:54774.614521,0.050000,54774.614553,54774.658605,54774.708634
R887:54774.654578,0.050000,54774.654617,54774.708698,54774.758699
R888:54774.703990,0.050000,54774.704163,54774.758758,54774.808758
R889:54774.767197,0.050000,54774.767240,54774.808791,54774.858792
R890:54774.769892,0.050000,54774.808140,54774.858828,54774.908829
R891:54774.848947,0.050000,54774.848992,54774.908875,54774.958876
R892:54774.900782,0.050000,54774.900810,54774.958914,54775.008915
R893:54774.909300,0.050000,54774.909367,54775.008961,54775.058962
R894:54774.918262,0.050000,54774.950242,54775.059018,54775.109032
R895:54774.930611,0.050000,54774.950250,54775.109135,54775.159136
R896:54775.014436,0.050000,54775.014460,54775.159204,54775.209205
R897:54775.118358,0.050000,54775.118402,54775.209244,54775.259245
R898:54775.192764,0.050000,54775.192892,54775.259282,54775.309283
R899:54775.204494,0.050000,54775.204529,54775.309318,54775.359319
R900:54775.265841,0.050000,54775.265898,54775.359366,54775.409367
R901:54775.287214,0.050000,54775.304301,54775.409402,54775.459412
R902:54775.293548,0.050000,54775.304307,54775.459457,54775.509458
R903:54775.416099,0.050000,54775.416137,54775.509494,54775.559495
R904:54775.423590,0.050000,54775.457144,54775.559541,54775.609542
R905:54775.460625,0.050000,54775.460658,54775.609602,54775.659603
R906:54775.478240,0.050000,54775.501201,54775.659670,54775.709671
R907:54775.490699,0.050000,54775.501207,54775.709719,54775.759720
R908:54775.509566,0.050000,54775.509588,54775.759776,54775.809777
R909:54775.569375,0.050000,54775.569419,54775.809803,54775.859804
R910:54775.732934,0.050000,54775.732962,54775.859830,54775.909831
R911:54775.747646,0.050000,54775.759763,54775.909877,54775.959878
R912:54775.787697,0.050000,54775.800278,54775.959909,54776.009910
R913:54775.872337,0.050000,54775.872383,54776.009970,54776.059988
R914:54776.026652,0.050000,54776.026697,54776.060055,54776.110079
R915:54776.036790,0.050000,54776.060040,54776.110145,54776.160146
R916:54776.056712,0.050000,54776.060044,54776.160196,54776.210196
R917:54776.103003,0.050000,54776.103085,54776.210242,54776.260243
R918:54776.161458,0.050000,54776.161533,54776.260287,54776.310287
R919:54776.277579,0.050000,54776.277665,54776.310332,54776.360333
R920:54776.293076,0.050000,54776.293238,54776.360372,54776.410373
R921:54776.356109,0.050000,54776.356148,54776.410415,54776.460416
R922:54776.411559,0.050000,54776.411683,54776.460455,54776.510456
R923:54776.511590,0.050000,54776.511719,54776.511784,54776.561785
R924:54776.605161,0.050000,54776.605237,54776.605744,54776.655745
R925:54776.687824,0.050000,54776.687885,54776.688423,54776.738424
R926:54776.689535,0.050000,54776.689555,54776.738468,54776.788469
R927:54776.739183,0.050000,54776.739217,54776.788522,54776.838523
R928:54776.792667,0.050000,54776.792693,54776.838667,54776.888668
R929:54776.872907,0.050000,54776.872946,54776.888712,54776.938713
R930:54776.955730,0.050000,54776.955766,54776.956233,54777.006234
R931:54776.974398,0.050000,54776.996222,54777.006266,54777.056267
R932:54776.978988,0.050000,54776.996229,54777.056311,54777.106312
R933:54777.097108,0.050000,54777.097162,54777.107750,54777.157751
R934:54777.108514,0.050000,54777.108731,54777.157819,54777.207820
R935:54777.120153,0.050000,54777.149297,54777.207939,54777.257940
R936:54777.145159,0.050000,54777.149305,54777.257988,54777.307989
R937:54777.178915,0.050000,54777.179008,54777.308038,54777.358038
R938:54777.206294,0.050000,54777.208071,54777.358074,54777.408074
R939:54777.264647,0.050000,54777.264763,54777.408105,54777.458106
R940:54777.270993,0.050000,54777.271124,54777.458146,54777.508147
R941:54777.293410,0.050000,54777.293574,54777.508211,54777.558327
R942:54777.407412,0.050000,54777.407490,54777.558399,54777.608399
R943:54777.459578,0.050000,54777.459641,54777.608452,54777.658459
R944:54777.466242,0.050000,54777.500177,54777.658539,54777.708540
R945:54777.557475,0.050000,54777.558418,54777.708579,54777.758580
R946:54777.635485,0.050000,54777.635563,54777.758611,54777.808612
R947:54777.663856,0.050000,54777.663924,54777.808690,54777.858691
R948:54777.689340,0.050000,54777.704217,54777.858725,54777.908726
R949:54777.717246,0.050000,54777.717331,54777.908768,54777.958769
R950:54777.735021,0.050000,54777.758350,54777.958809,54778.008809
R951:54777.785941,0.050000,54777.786077,54778.008847,54778.058848
R952:54777.790125,0.050000,54777.808703,54778.058894,54778.108895
R953:54777.919425,0.050000,54777.919561,54778.108941,54778.158942
R954:54777.951527,0.050000,54777.951561,54778.159003,54778.209004
R955:54778.070096,0.050000,54778.070183,54778.209117,54778.259118
R956:54778.133163,0.050000,54778.133194,54778.259197,54778.309198
R957:54778.168965,0.050000,54778.169057,54778.309236,54778.359237
R958:54778.205168,0.050000,54778.209102,54778.359304,54778.409351
R959:54778.225009,0.050000,54778.250183,54778.409390,54778.459391
R960:54778.240514,0.050000,54778.250200,54778.459433,54778.509433
R961:54778.256520,0.050000,54778.256558,54778.509501,54778.559526
R962:54778.304516,0.050000,54778.304542,54778.559665,54778.609666
R963:54778.324634,0.050000,54778.324676,54778.609712,54778.659713
R964:54778.332280,0.050000,54778.359292,54778.659762,54778.709763
R965:54778.409814,0.050000,54778.409848,54778.709817,54778.759818
R966:54778.446703,0.050000,54778.446781,54778.759848,54778.809849
R967:54778.484152,0.050000,54778.484198,54778.809922,54778.859923
R968:54778.496341,0.050000,54778.509488,54778.859964,54778.909965
R969:54778.605423,0.050000,54778.605459,54778.910018,54778.960019
R970:54778.613902,0.050000,54778.613930,54778.960097,54779.010098
R971:54778.634273,0.050000,54778.654139,54779.010137,54779.060137
R972:54778.647449,0.050000,54778.654142,54779.060181,54779.110192
R973:54778.648557,0.050000,54778.654146,54779.110227,54779.160228
R974:54778.777584,0.050000,54778.777627,54779.160275,54779.210276
R975:54778.796943,0.050000,54778.809908,54779.210334,54779.260335
R976:54778.888874,0.050000,54778.888927,54779.260396,54779.310397
R977:54778.947644,0.050000,54778.947676,54779.310444,54779.360445
R978:54779.012375,0.050000,54779.012395,54779.360506,54779.410528
R979:54779.023537,0.050000,54779.053249,54779.410574,54779.460575
R980:54779.026428,0.050000,54779.053255,54779.460623,54779.510624
R981:54779.205236,0.050000,54779.205279,54779.510671,54779.560672
R982:54779.288917,0.050000,54779.288970,54779.560734,54779.610735
R983:54779.296450,0.050000,54779.310451,54779.610796,54779.660797
R984:54779.407381,0.050000,54779.407528,54779.660845,54779.710846
R985:54779.421447,0.050000,54779.421483,54779.710888,54779.760889
R986:54779.708273,0.050000,54779.708411,54779.761099,54779.811100
R987:54779.751792,0.050000,54779.751839,54779.811188,54779.861199
R988:54779.813571,0.050000,54779.813590,54779.861237,54779.911238
R989:54779.848664,0.050000,54779.854115,54779.911274,54779.961274
R990:54779.947087,0.050000,54779.947129,54779.961301,54780.011302
R991:54780.071238,0.050000,54780.071289,54780.071845,54780.121846
R992:54780.140828,0.050000,54780.140949,54780.141394,54780.191395
R993:54780.170114,0.050000,54780.170158,54780.191454,54780.241491
R994:54780.182378,0.050000,54780.182428,54780.241576,54780.291624
R995:54780.283881,0.050000,54780.283922,54780.292564,54780.342565
R996:54780.293778,0.050000,54780.293846,54780.342621,54780.392622
R997:54780.357522,0.050000,54780.357585,54780.392670,54780.442671
R998:54780.380584,0.050000,54780.380635,54780.442730,54780.492731
R999:54780.404959,0.050000,54780.405002,54780.492775,54780.542776
R1000:54780.447673,0.050000,54780.447917,54780.542813,54780.592814
R1001:54780.482870,0.050000,54780.488291,54780.592877,54780.642877
R1002:54780.541165,0.050000,54780.541214,54780.642927,54780.692970
R1003:54780.612821,0.050000,54780.612854,54780.693102,54780.743102
R1004:54780.648123,0.050000,54780.648157,54780.743155,54780.793156
R1005:54780.692986,0.050000,54780.693035,54780.793204,54780.843205
R1006:54780.694808,0.050000,54780.694833,54780.843262,54780.893263
R1007:54780.713715,0.050000,54780.713833,54780.893297,54780.943298
R1008:54780.727156,0.050000,54780.727213,54780.943327,54780.993328
R1009:54780.794365,0.050000,54780.794389,54780.993426,54781.043427
R1010:54780.828299,0.050000,54780.835150,54781.043508,54781.093509
R1011:54780.844197,0.050000,54780.844218,54781.093582,54781.143582
R1012:54780.903232,0.050000,54780.903680,54781.143621,54781.193622
R1013:54780.917503,0.050000,54780.917910,54781.193691,54781.243692
R1014:54780.941875,0.050000,54780.942263,54781.243752,54781.293753
R1015:54780.982471,0.050000,54780.982871,54781.293837,54781.343838
R1016:54781.013858,0.050000,54781.014050,54781.343891,54781.393892
R1017:54781.037494,0.050000,54781.043492,54781.393937,54781.443937
R1018:54781.040428,0.050000,54781.043495,54781.443996,54781.493996
R1019:54781.046002,0.050000,54781.085094,54781.494045,54781.544083
R1020:54781.138432,0.050000,54781.138619,54781.544113,54781.594113
R1021:54781.256672,0.050000,54781.256719,54781.594188,54781.644189
R1022:54781.497420,0.050000,54781.497593,54781.644239,54781.694240
R1023:54781.539300,0.050000,54781.539524,54781.694287,54781.744292
R1024:54781.558193,0.050000,54781.558235,54781.744351,54781.794352
R1025:54781.569458,0.050000,54781.594175,54781.794398,54781.844398
R1026:54781.594381,0.050000,54781.635154,54781.844431,54781.894432
R1027:54781.626674,0.050000,54781.635158,54781.894487,54781.944488
R1028:54781.734003,0.050000,54781.734157,54781.944558,54781.994558
R1029:54781.798162,0.050000,54781.798200,54781.994600,54782.044600
R1030:54781.884363,0.050000,54781.884649,54782.044642,54782.094643
R1031:54781.911942,0.050000,54781.912245,54782.094696,54782.144697
R1032:54781.920747,0.050000,54781.944545,54782.144752,54782.194753
R1033:54781.951718,0.050000,54781.986258,54782.194786,54782.244786
R1034:54781.957876,0.050000,54781.986266,54782.244818,54782.294819
R1035:54782.008978,0.050000,54782.009027,54782.294877,54782.344878
R1036:54782.199789,0.050000,54782.199997,54782.344966,54782.394967
R1037:54782.206727,0.050000,54782.240155,54782.395023,54782.445023
R1038:54782.319911,0.050000,54782.320647,54782.445054,54782.495056
R1039:54782.330390,0.050000,54782.345000,54782.495115,54782.545116
R1040:54782.420599,0.050000,54782.420654,54782.545154,54782.595155
R1041:54782.441605,0.050000,54782.441723,54782.595236,54782.645237
R1042:54782.469962,0.050000,54782.470004,54782.645278,54782.695279
R1043:54782.503950,0.050000,54782.503987,54782.695313,54782.745314
R1044:54782.546307,0.050000,54782.546348,54782.745345,54782.795346
R1045:54782.622457,0.050000,54782.622508,54782.795385,54782.845386
R1046:54782.817684,0.050000,54782.817804,54782.845544,54782.895545
R1047:54782.995383,0.050000,54782.995473,54782.995611,54783.045612
R1048:54783.000734,0.050000,54783.037097,54783.045670,54783.095671
R1049:54783.001966,0.050000,54783.037101,54783.095742,54783.145743
R1050:54783.005030,0.050000,54783.037107,54783.145804,54783.195805
R1051:54783.131865,0.050000,54783.131911,54783.195838,54783.245839
R1052:54783.259717,0.050000,54783.259774,54783.260466,54783.310469
R1053:54783.262113,0.050000,54783.302853,54783.310519,54783.360519
R1054:54783.292516,0.050000,54783.302861,54783.360558,54783.410559
R1055:54783.304173,0.050000,54783.304239,54783.410618,54783.460619
R1056:54783.318363,0.050000,54783.318397,54783.466954,54783.516955
R1057:54783.402354,0.050000,54783.402465,54783.516991,54783.566992
R1058:54783.458079,0.050000,54783.458156,54783.567102,54783.617103
R1059:54783.463292,0.050000,54783.463321,54783.617135,54783.667136
R1060:54783.498478,0.050000,54783.504121,54783.667204,54783.717204
R1061:54783.527927,0.050000,54783.527965,54783.717362,54783.767363
R1062:54783.562441,0.050000,54783.567058,54783.767445,54783.817446
R1063:54783.613848,0.050000,54783.613880,54783.817542,54783.867560
R1064:54783.714422,0.050000,54783.714463,54783.867603,54783.917604
R1065:54783.760743,0.050000,54783.760781,54783.917658,54783.967659
R1066:54783.773613,0.050000,54783.773683,54783.967734,54784.017735
R1067:54783.864697,0.050000,54783.864755,54784.017772,54784.067773
R1068:54783.927282,0.050000,54783.927328,54784.067824,54784.117825
R1069:54783.931915,0.050000,54783.967721,54784.117900,54784.167901
R1070:54784.114975,0.050000,54784.115022,54784.167951,54784.217952
R1071:54784.151385,0.050000,54784.151423,54784.218027,54784.268028
R1072:54784.178856,0.050000,54784.178897,54784.268078,54784.318079
R1073:54784.203701,0.050000,54784.218014,54784.318123,54784.368124
R1074:54784.352459,0.050000,54784.352522,54784.368186,54784.418187
R1075:54784.491081,0.050000,54784.491775,54784.492088,54784.542089
R1076:54784.498031,0.050000,54784.532295,54784.542136,54784.592137
R1077:54784.626517,0.050000,54784.627046,54784.627147,54784.677148
R1078:54784.742424,0.050000,54784.742530,54784.743430,54784.793431
R1079:54784.754424,0.050000,54784.754463,54784.793484,54784.843485
R1080:54784.895819,0.050000,54784.895854,54784.896714,54784.946715
R1081:54785.042646,0.050000,54785.042702,54785.043211,54785.093244
R1082:54785.048002,0.050000,54785.048038,54785.093301,54785.143302
R1083:54785.143656,0.050000,54785.143679,54785.144044,54785.194045
R1084:54785.335683,0.050000,54785.335741,54785.336259,54785.386261
R1085:54785.375335,0.050000,54785.375391,54785.386331,54785.436493
R1086:54785.375747,0.050000,54785.376053,54785.436559,54785.486560
R1087:54785.387711,0.050000,54785.387752,54785.486640,54785.536641
R1088:54785.406633,0.050000,54785.428267,54785.536735,54785.586736
R1089:54785.461836,0.050000,54785.461872,54785.586787,54785.636788
R1090:54785.479505,0.050000,54785.486625,54785.636830,54785.686831
R1091:54785.556823,0.050000,54785.556872,54785.686901,54785.736902
R1092:54785.559419,0.050000,54785.559444,54785.736935,54785.786936
R1093:54785.631160,0.050000,54785.631186,54785.786987,54785.838383
R1094:54785.655567,0.050000,54785.655601,54785.838443,54785.888444
R1095:54785.770775,0.050000,54785.770829,54785.888493,54785.938494
R1096:54785.790167,0.050000,54785.790198,54785.938544,54785.988545
R1097:54785.836001,0.050000,54785.836067,54785.988592,54786.038594
R1098:54785.899344,0.050000,54785.899430,54786.038651,54786.088652
R1099:54786.076214,0.050000,54786.076287,54786.088712,54786.138713
R1100:54786.131647,0.050000,54786.131743,54786.138790,54786.188931
R1101:54786.188623,0.050000,54786.188702,54786.189298,54786.239307
R1102:54786.220427,0.050000,54786.220859,54786.239399,54786.289399
R1103:54786.221442,0.050000,54786.239383,54786.289447,54786.339448
R1104:54786.528824,0.050000,54786.529394,54786.529402,54786.579403
R1105:54786.554071,0.050000,54786.554126,54786.579465,54786.629466
R1106:54786.698395,0.050000,54786.698430,54786.698482,54786.748483
R1107:54786.704455,0.050000,54786.739352,54786.748535,54786.798536
R1108:54786.721822,0.050000,54786.739358,54786.798580,54786.848581
R1109:54786.812218,0.050000,54786.812262,54786.848648,54786.898649
R1110:54786.831709,0.050000,54786.848634,54786.898701,54786.948702
R1111:54786.843891,0.050000,54786.848637,54786.948743,54786.998744
R1112:54786.917610,0.050000,54786.917798,54786.998795,54787.048796
R1113:54786.945180,0.050000,54786.945249,54787.048855,54787.098856
R1114:54786.946130,0.050000,54786.946164,54787.098915,54787.148916
R1115:54787.013071,0.050000,54787.013114,54787.148990,54787.198991
R1116:54787.135660,0.050000,54787.135807,54787.199032,54787.249033
R1117:54787.136845,0.050000,54787.148977,54787.249693,54787.299694
R1118:54787.257725,0.050000,54787.257756,54787.299772,54787.349772
R1119:54787.268619,0.050000,54787.268672,54787.349829,54787.399830
R1120:54787.325496,0.050000,54787.326129,54787.399873,54787.449874
R1121:54787.335158,0.050000,54787.349817,54787.449906,54787.499907
R1122:54787.479651,0.050000,54787.479707,54787.499957,54787.549958
R1123:54787.542461,0.050000,54787.542490,54787.549996,54787.599997
R1124:54787.656225,0.050000,54787.656276,54787.656399,54787.706400
R1125:54787.674265,0.050000,54787.697365,54787.706470,54787.756470
R1126:54787.718480,0.050000,54787.718524,54787.756540,54787.806540
R1127:54787.728021,0.050000,54787.756528,54787.806597,54787.856602
R1128:54787.826746,0.050000,54787.826826,54787.856651,54787.906652
R1129:54787.842379,0.050000,54787.842441,54787.906700,54787.956701
R1130:54787.851188,0.050000,54787.851246,54787.956747,54788.006748
R1131:54787.886267,0.050000,54787.886314,54788.006812,54788.056812
R1132:54787.996210,0.050000,54787.996257,54788.056863,54788.106864
R1133:54788.041002,0.050000,54788.041068,54788.106934,54788.156936
R1134:54788.076515,0.050000,54788.076564,54788.156984,54788.206985
R1135:54788.185610,0.050000,54788.185672,54788.207055,54788.257056
R1136:54788.319809,0.050000,54788.319858,54788.320447,54788.370448
R1137:54788.347080,0.050000,54788.360114,54788.370482,54788.420483
R1138:54788.520812,0.050000,54788.520866,54788.521173,54788.571175
R1139:54788.531546,0.050000,54788.561266,54788.571332,54788.621333
R1140:54788.543140,0.050000,54788.561269,54788.621385,54788.671386
R1141:54788.558959,0.050000,54788.561274,54788.671422,54788.721423
R1142:54788.583823,0.050000,54788.583866,54788.721467,54788.771468
R1143:54788.722529,0.050000,54788.722552,54788.771523,54788.821524
R1144:54788.777951,0.050000,54788.778087,54788.821579,54788.871580
R1145:54788.804065,0.050000,54788.804194,54788.871637,54788.921638
R1146:54788.857835,0.050000,54788.857876,54788.921689,54788.971690
R1147:54788.898828,0.050000,54788.898870,54788.971791,54789.021792
R1148:54788.925708,0.050000,54788.925743,54789.021842,54789.071843
R1149:54788.964913,0.050000,54788.966221,54789.071917,54789.121918
R1150:54789.031192,0.050000,54789.031230,54789.121976,54789.171986
R1151:54789.032483,0.050000,54789.071905,54789.172024,54789.222025
R1152:54789.091639,0.050000,54789.109173,54789.222095,54789.272096
R1153:54789.145868,0.050000,54789.145924,54789.272146,54789.322147
R1154:54789.212620,0.050000,54789.212667,54789.322186,54789.372224
R1155:54789.253750,0.050000,54789.253795,54789.372280,54789.422280
R1156:54789.379380,0.050000,54789.379418,54789.422315,54789.472315
R1157:54789.395074,0.050000,54789.420226,54789.472375,54789.522376
R1158:54789.457667,0.050000,54789.457718,54789.522417,54789.572417
R1159:54789.529283,0.050000,54789.529393,54789.572449,54789.622450
R1160:54789.564125,0.050000,54789.570094,54789.622500,54789.672501
R1161:54789.650423,0.050000,54789.650475,54789.672570,54789.722571
R1162:54789.661328,0.050000,54789.672557,54789.722624,54789.772625
R1163:54789.683241,0.050000,54789.714104,54789.772688,54789.822689
R1164:54789.705887,0.050000,54789.714111,54789.822739,54789.873255
R1165:54789.762524,0.050000,54789.762584,54789.873409,54789.923414
R1166:54789.775595,0.050000,54789.775652,54789.923480,54789.973481
R1167:54789.791253,0.050000,54789.816205,54789.973554,54790.023555
R1168:54789.792723,0.050000,54789.816208,54790.023600,54790.073601
R1169:54789.801045,0.050000,54789.816214,54790.073663,54790.123664
R1170:54789.831175,0.050000,54789.831241,54790.123725,54790.173726
R1171:54789.844866,0.050000,54789.872320,54790.173807,54790.223808
R1172:54789.872511,0.050000,54789.872686,54790.223869,54790.273870
R1173:54789.956483,0.050000,54789.956538,54790.273924,54790.323925
R1174:54789.964423,0.050000,54789.973540,54790.323975,54790.373976
R1175:54789.965263,0.050000,54789.973543,54790.374027,54790.424027
R1176:54789.974057,0.050000,54790.013255,54790.424077,54790.474091
R1177:54790.050215,0.050000,54790.050322,54790.474146,54790.524147
R1178:54790.092574,0.050000,54790.092622,54790.524179,54790.574179
R1179:54790.134053,0.050000,54790.134097,54790.585293,54790.635294
R1180:54790.150072,0.050000,54790.173791,54790.635345,54790.685345
R1181:54790.164365,0.050000,54790.173795,54790.685379,54790.735380
R1182:54790.207795,0.050000,54790.212193,54790.735410,54790.785411
R1183:54790.334244,0.050000,54790.334294,54790.785441,54790.835442
R1184:54790.437633,0.050000,54790.437825,54790.835478,54790.885478
R1185:54790.452791,0.050000,54790.474134,54790.885527,54790.935528
R1186:54790.482841,0.050000,54790.516188,54790.935580,54790.985581
R1187:54790.558012,0.050000,54790.558059,54790.985644,54791.035645
R1188:54790.595642,0.050000,54790.595686,54791.035695,54791.085696
R1189:54790.601942,0.050000,54790.635332,54791.085875,54791.135876
R1190:54790.636800,0.050000,54790.676331,54791.135927,54791.185928
R1191:54790.794462,0.050000,54790.794499,54791.186004,54791.236043
R1192:54790.912875,0.050000,54790.912931,54791.236254,54791.286255
R1193:54790.970563,0.050000,54790.970616,54791.286333,54791.336334
R1194:54790.988474,0.050000,54790.988516,54791.336394,54791.386395
R1195:54791.002498,0.050000,54791.029159,54791.386444,54791.436445
R1196:54791.021184,0.050000,54791.029166,54791.436496,54791.486497
R1197:54791.054501,0.050000,54791.054589,54791.486559,54791.536561
R1198:54791.088733,0.050000,54791.088776,54791.536630,54791.587272
R1199:54791.108865,0.050000,54791.129274,54791.587305,54791.637306
R1200:54791.158042,0.050000,54791.158137,54791.637357,54791.687374
R1201:54791.274152,0.050000,54791.274259,54791.687439,54791.737791
R1202:54791.314549,0.050000,54791.314601,54791.737840,54791.787841
R1203:54791.522997,0.050000,54791.523050,54791.787891,54791.837892
R1204:54791.582080,0.050000,54791.582167,54791.837936,54791.887936
R1205:54791.639993,0.050000,54791.640042,54791.887985,54791.937986
R1206:54791.873608,0.050000,54791.873735,54791.938119,54791.988120
R1207:54791.963633,0.050000,54791.963680,54791.988200,54792.038201
R1208:54791.991501,0.050000,54791.991561,54792.038257,54792.088258
R1209:54792.032382,0.050000,54792.033429,54792.088336,54792.138347
R1210:54792.054606,0.050000,54792.054676,54792.138518,54792.188520
R1211:54792.111659,0.050000,54792.111729,54792.188566,54792.238567
R1212:54792.187418,0.050000,54792.187470,54792.238626,54792.288627
R1213:54792.299118,0.050000,54792.299280,54792.299361,54792.349368
R1214:54792.342579,0.050000,54792.342624,54792.349415,54792.399416
R1215:54792.391904,0.050000,54792.391929,54792.399541,54792.449541
R1216:54792.398684,0.050000,54792.399526,54792.449589,54792.499590
R1217:54792.566788,0.050000,54792.566935,54792.566947,54792.616948
R1218:54792.588654,0.050000,54792.588709,54792.617020,54792.667021
R1219:54792.636905,0.050000,54792.636937,54792.667093,54792.717124
R1220:54792.639797,0.050000,54792.667081,54792.717224,54792.767225
R1221:54792.726558,0.050000,54792.726740,54792.767298,54792.817299
R1222:54792.767942,0.050000,54792.768025,54792.817354,54792.867355
R1223:54792.911926,0.050000,54792.911977,54792.912155,54792.962156
R1224:54792.943492,0.050000,54792.943530,54792.962234,54793.012235
R1225:54793.028981,0.050000,54793.029125,54793.029340,54793.079341
R1226:54793.037918,0.050000,54793.075201,54793.079402,54793.130394
R1227:54793.106611,0.050000,54793.106707,54793.130481,54793.180482
R1228:54793.121761,0.050000,54793.130657,54793.180549,54793.230558
R1229:54793.172641,0.050000,54793.172693,54793.230634,54793.280635
R1230:54793.173779,0.050000,54793.173838,54793.280690,54793.330839
R1231:54793.269366,0.050000,54793.269581,54793.330896,54793.380896
R1232:54793.305769,0.050000,54793.305828,54793.380958,54793.430959
R1233:54793.347789,0.050000,54793.347873,54793.431023,54793.481024
R1234:54793.435331,0.050000,54793.435431,54793.481084,54793.531085
R1235:54793.443521,0.050000,54793.476211,54793.531145,54793.581147
R1236:54793.454482,0.050000,54793.476221,54793.581193,54793.631194
R1237:54793.538291,0.050000,54793.538377,54793.631239,54793.681239
R1238:54793.682943,0.050000,54793.682980,54793.683105,54793.733106
R1239:54793.728268,0.050000,54793.728323,54793.733192,54793.783204
R1240:54793.747527,0.050000,54793.747585,54793.783749,54793.833750
R1241:54793.763495,0.050000,54793.783255,54793.833791,54793.883792
R1242:54793.775527,0.050000,54793.783257,54793.883846,54793.933847
R1243:54793.777369,0.050000,54793.783259,54793.933936,54793.983937
R1244:54793.784027,0.050000,54793.824196,54793.983987,54794.033988
R1245:54793.856260,0.050000,54793.856296,54794.034044,54794.084048
R1246:54793.909515,0.050000,54793.909565,54794.084195,54794.134196
R1247:54793.922867,0.050000,54793.933969,54794.134253,54794.184254
R1248:54793.986014,0.050000,54793.986160,54794.184314,54794.234315
R1249:54794.142265,0.050000,54794.142317,54794.234361,54794.284362
R1250:54794.228780,0.050000,54794.228828,54794.284394,54794.334394
R1251:54794.299940,0.050000,54794.299982,54794.334446,54794.384446
R1252:54794.372145,0.050000,54794.372205,54794.384503,54794.434504
R1253:54794.392563,0.050000,54794.392606,54794.434544,54794.484545
R1254:54794.450414,0.050000,54794.450464,54794.484594,54794.534596
R1255:54794.459808,0.050000,54794.459838,54794.534650,54794.584651
R1256:54794.465158,0.050000,54794.465191,54794.584724,54794.634725
R1257:54794.550479,0.050000,54794.550510,54794.634798,54794.684836
R1258:54794.659582,0.050000,54794.659633,54794.684914,54794.734916
R1259:54794.681343,0.050000,54794.684943,54794.734950,54794.784951
R1260:54794.708176,0.050000,54794.726226,54794.785017,54794.835018
R1261:54794.820459,0.050000,54794.820504,54794.835204,54794.885205
R1262:54794.829418,0.050000,54794.835214,54794.885319,54794.935320
R1263:54794.936997,0.050000,54794.937108,54794.937135,54794.987136
R1264:54794.964964,0.050000,54794.965015,54794.987229,54795.037230
R1265:54795.115107,0.050000,54795.115144,54795.115500,54795.165501
R1266:54795.336764,0.050000,54795.336823,54795.337398,54795.387399
R1267:54795.382191,0.050000,54795.382246,54795.387491,54795.437492
R1268:54795.451178,0.050000,54795.451230,54795.451476,54795.501477
R1269:54795.583390,0.050000,54795.583429,54795.583763,54795.633764
R1270:54795.590234,0.050000,54795.590292,54795.633810,54795.683811
R1271:54795.590309,0.050000,54795.590318,54795.683847,54795.733849
R1272:54795.599729,0.050000,54795.599787,54795.733908,54795.783909
R1273:54795.620283,0.050000,54795.620331,54795.783975,54795.833976
R1274:54795.622159,0.050000,54795.622181,54795.834030,54795.884268
R1275:54795.639509,0.050000,54795.639561,54795.884432,54795.934501
R1276:54795.641566,0.050000,54795.680121,54795.934547,54795.984548
R1277:54795.700217,0.050000,54795.700261,54795.984631,54796.034632
R1278:54795.736928,0.050000,54795.736972,54796.034687,54796.084689
R1279:54795.806630,0.050000,54795.806689,54796.084745,54796.134745
R1280:54795.856143,0.050000,54795.856201,54796.134803,54796.184804
R1281:54795.874374,0.050000,54795.884432,54796.184860,54796.234861
R1282:54795.907371,0.050000,54795.926228,54796.234942,54796.284943
R1283:54795.929341,0.050000,54795.929390,54796.284996,54796.334997
R1284:54795.977238,0.050000,54795.977276,54796.335050,54796.385051
R1285:54795.982072,0.050000,54795.984730,54796.385129,54796.435130
R1286:54796.017417,0.050000,54796.025188,54796.435178,54796.485179
R1287:54796.078907,0.050000,54796.078956,54796.485254,54796.535255
R1288:54796.190384,0.050000,54796.190426,54796.535300,54796.585301
R1289:54796.213144,0.050000,54796.231203,54796.585341,54796.635342
R1290:54796.450439,0.050000,54796.450482,54796.635385,54796.685386
R1291:54796.466483,0.050000,54796.485261,54796.685425,54796.735426
R1292:54796.478730,0.050000,54796.485263,54796.735469,54796.785470
R1293:54796.486513,0.050000,54796.526340,54796.785524,54796.835525
R1294:54796.492731,0.050000,54796.526346,54796.835560,54796.885561
R1295:54796.541783,0.050000,54796.541819,54796.885620,54796.935621
R1296:54796.545590,0.050000,54796.582350,54796.935677,54796.985678
R1297:54796.550571,0.050000,54796.582353,54796.985707,54797.035708
R1298:54796.559289,0.050000,54796.582355,54797.035741,54797.085742
R1299:54796.640938,0.050000,54796.641025,54797.085774,54797.135786
R1300:54796.895285,0.050000,54796.895334,54797.135954,54797.185955
R1301:54796.912421,0.050000,54796.912465,54797.186556,54797.236557
R1302:54796.994268,0.050000,54796.994305,54797.236589,54797.286590
R1303:54797.003339,0.050000,54797.035260,54797.286646,54797.336646
R1304:54797.049822,0.050000,54797.049868,54797.336691,54797.386692
R1305:54797.139754,0.050000,54797.139808,54797.386755,54797.436755
R1306:54797.169737,0.050000,54797.180121,54797.436817,54797.486818
R1307:54797.221014,0.050000,54797.221090,54797.486937,54797.536937
R1308:54797.254302,0.050000,54797.254467,54797.536967,54797.586968
R1309:54797.377639,0.050000,54797.378577,54797.587068,54797.637070
R1310:54797.398609,0.050000,54797.398708,54797.637149,54797.687151
R1311:54797.401133,0.050000,54797.436893,54797.687247,54797.737248
R1312:54797.410848,0.050000,54797.437226,54797.737304,54797.787305
R1313:54797.487676,0.050000,54797.487820,54797.787348,54797.837348
R1314:54797.513145,0.050000,54797.513305,54797.837437,54797.887439
R1315:54797.587330,0.050000,54797.587369,54797.887482,54797.937483
R1316:54797.688342,0.050000,54797.688386,54797.937518,54797.987519
R1317:54797.784295,0.050000,54797.784349,54797.987564,54798.037565
R1318:54797.814633,0.050000,54797.814707,54798.037623,54798.087624
R1319:54797.882196,0.050000,54797.882237,54798.087672,54798.137673
R1320:54797.892198,0.050000,54797.892293,54798.137731,54798.187732
R1321:54797.920187,0.050000,54797.933172,54798.187793,54798.237794
R1322:54798.076697,0.050000,54798.076747,54798.237835,54798.287836
R1323:54798.100780,0.050000,54798.100826,54798.287892,54798.337893
R1324:54798.141229,0.050000,54798.141269,54798.337944,54798.387944
R1325:54798.144658,0.050000,54798.182318,54798.387998,54798.437999
R1326:54798.289919,0.050000,54798.289947,54798.438040,54798.488040
R1327:54798.338354,0.050000,54798.338415,54798.488076,54798.538077
R1328:54798.348020,0.050000,54798.348192,54798.538143,54798.588144
R1329:54798.353758,0.050000,54798.353816,54798.588215,54798.638216
R1330:54798.379106,0.050000,54798.379293,54798.638260,54798.688261
R1331:54798.388460,0.050000,54798.388533,54798.688316,54798.738317
R1332:54798.411706,0.050000,54798.429103,54798.738364,54798.788365
R1333:54798.418792,0.050000,54798.429111,54798.788400,54798.838401
R1334:54798.436353,0.050000,54798.436457,54798.838432,54798.888433
R1335:54798.559645,0.050000,54798.559676,54798.888497,54798.938498
R1336:54798.692328,0.050000,54798.692361,54798.938567,54798.988567
R1337:54798.754946,0.050000,54798.754984,54798.988625,54799.038626
R1338:54798.793647,0.050000,54798.793691,54799.038655,54799.088656
R1339:54798.819199,0.050000,54798.834233,54799.088701,54799.138719
R1340:54798.868014,0.050000,54798.868204,54799.138758,54799.188759
R1341:54798.959073,0.050000,54798.959112,54799.188792,54799.238793
R1342:54798.987569,0.050000,54798.988613,54799.238851,54799.288852
R1343:54799.058956,0.050000,54799.059092,54799.288894,54799.338895
R1344:54799.104560,0.050000,54799.104602,54799.338934,54799.388935
R1345:54799.179898,0.050000,54799.179933,54799.388972,54799.438973
R1346:54799.212946,0.050000,54799.213005,54799.439010,54799.489011
R1347:54799.239159,0.050000,54799.239219,54799.489058,54799.539059
R1348:54799.284693,0.050000,54799.284739,54799.539107,54799.589108
R1349:54799.386944,0.050000,54799.386995,54799.589216,54799.639217
R1350:54799.391146,0.050000,54799.391163,54799.639273,54799.689274
R1351:54799.459285,0.050000,54799.459337,54799.689312,54799.739313
R1352:54799.473793,0.050000,54799.473848,54799.739472,54799.789513
R1353:54799.475113,0.050000,54799.475148,54799.789546,54799.839547
R1354:54799.478777,0.050000,54799.478821,54799.839589,54799.889589
R1355:54799.552735,0.050000,54799.552776,54799.889624,54799.939625
R1356:54799.558234,0.050000,54799.589200,54799.939664,54799.989665
R1357:54799.752753,0.050000,54799.752798,54799.989716,54800.039716
R1358:54799.773625,0.050000,54799.773681,54800.039782,54800.089783
R1359:54799.785229,0.050000,54799.785284,54800.089842,54800.139842
R1360:54799.788000,0.050000,54799.788024,54800.139900,54800.189901
R1361:54799.844496,0.050000,54799.844535,54800.189944,54800.239944
R1362:54799.864084,0.050000,54799.886200,54800.240441,54800.290442
R1363:54799.890847,0.050000,54799.890878,54800.290506,54800.340507
R1364:54799.967345,0.050000,54799.967405,54800.340569,54800.390570
R1365:54800.011485,0.050000,54800.011534,54800.390599,54800.440600
R1366:54800.028657,0.050000,54800.039770,54800.440644,54800.490645
R1367:54800.102711,0.050000,54800.102763,54800.490700,54800.540701
R1368:54800.116797,0.050000,54800.116874,54800.540760,54800.590761
R1369:54800.192149,0.050000,54800.192211,54800.590818,54800.640819
R1370:54800.193360,0.050000,54800.234270,54800.640874,54800.690875
R1371:54800.274562,0.050000,54800.274608,54800.690932,54800.740933
R1372:54800.317617,0.050000,54800.317662,54800.740989,54800.790990
R1373:54800.345590,0.050000,54800.345621,54800.791050,54800.841051
R1374:54800.382401,0.050000,54800.386290,54800.841132,54800.891132
R1375:54800.387464,0.050000,54800.387490,54800.891233,54800.941234
R1376:54800.395712,0.050000,54800.395748,54800.941294,54800.991295
R1377:54800.542011,0.050000,54800.542180,54800.991359,54801.041360
R1378:54800.576589,0.050000,54800.576641,54801.041433,54801.091434
R1379:54800.643099,0.050000,54800.643218,54801.091498,54801.141499
R1380:54800.726606,0.050000,54800.726736,54801.141547,54801.191548
R1381:54800.769394,0.050000,54800.769447,54801.191607,54801.241608
R1382:54800.797540,0.050000,54800.797585,54801.241646,54801.291647
R1383:54801.050957,0.050000,54801.050997,54801.291694,54801.341695
R1384:54801.093645,0.050000,54801.093708,54801.341750,54801.391751
R1385:54801.127940,0.050000,54801.127991,54801.391796,54801.441797
R1386:54801.199515,0.050000,54801.199561,54801.441849,54801.491850
R1387:54801.249070,0.050000,54801.249123,54801.491905,54801.541906
R1388:54801.279691,0.050000,54801.279762,54801.541963,54801.591963
R1389:54801.282290,0.050000,54801.282338,54801.592004,54801.642022
R1390:54801.361219,0.050000,54801.361302,54801.642144,54801.692145
R1391:54801.395622,0.050000,54801.395660,54801.692176,54801.742176
R1392:54801.454763,0.050000,54801.454847,54801.742271,54801.792272
R1393:54801.457849,0.050000,54801.457931,54801.792316,54801.842325
R1394:54801.550479,0.050000,54801.550520,54801.842375,54801.892376
R1395:54801.578939,0.050000,54801.591199,54801.892410,54801.942411
R1396:54801.627881,0.050000,54801.627929,54801.942482,54801.992483
R1397:54801.632389,0.050000,54801.642111,54801.992533,54802.042534
R1398:54801.635329,0.050000,54801.642115,54802.042599,54802.092600
R1399:54801.719399,0.050000,54801.719462,54802.092660,54802.142661
R1400:54801.808100,0.050000,54801.808127,54802.142725,54802.192726
R1401:54801.811137,0.050000,54801.842364,54802.192799,54802.242801
R1402:54801.854825,0.050000,54801.883083,54802.242879,54802.292884
R1403:54801.877695,0.050000,54801.883091,54802.292963,54802.342964
R1404:54801.910220,0.050000,54801.910272,54802.343023,54802.393024
R1405:54801.912546,0.050000,54801.942470,54802.393071,54802.443071
R1406:54801.943633,0.050000,54801.983185,54802.443102,54802.493103
R1407:54801.991357,0.050000,54801.991425,54802.493141,54802.543142
R1408:54802.158449,0.050000,54802.158509,54802.543221,54802.593223
R1409:54802.275930,0.050000,54802.275985,54802.593274,54802.643275
R1410:54802.295893,0.050000,54802.295972,54802.643305,54802.693305
R1411:54802.367896,0.050000,54802.367947,54802.693384,54802.743385
R1412:54802.397413,0.050000,54802.397460,54802.743417,54802.793417
R1413:54802.457166,0.050000,54802.457223,54802.793480,54802.843480
R1414:54802.526439,0.050000,54802.526484,54802.843510,54802.893511
R1415:54802.677016,0.050000,54802.677066,54802.893558,54802.943558
R1416:54802.682363,0.050000,54802.693810,54802.943614,54802.993615
R1417:54802.713140,0.050000,54802.734268,54802.993672,54803.043672
R1418:54802.753700,0.050000,54802.753737,54803.043706,54803.093707
R1419:54802.792509,0.050000,54802.793467,54803.093760,54803.143761
R1420:54802.824670,0.050000,54802.834184,54803.143825,54803.193826
R1421:54802.841593,0.050000,54802.841625,54803.193872,54803.243873
R1422:54803.000903,0.050000,54803.001075,54803.243920,54803.295098
R1423:54803.006191,0.050000,54803.041279,54803.295713,54803.345714
R1424:54803.025459,0.050000,54803.041287,54803.345762,54803.395762
R1425:54803.102370,0.050000,54803.102586,54803.395845,54803.445846
R1426:54803.138344,0.050000,54803.143274,54803.445896,54803.495962
R1427:54803.247882,0.050000,54803.248011,54803.496008,54803.546009
R1428:54803.338834,0.050000,54803.338874,54803.546076,54803.596077
R1429:54803.378396,0.050000,54803.378456,54803.596115,54803.646135
R1430:54803.434821,0.050000,54803.434949,54803.646222,54803.696223
R1431:54803.485600,0.050000,54803.486017,54803.696265,54803.746265
R1432:54803.529869,0.050000,54803.529934,54803.746372,54803.796373
R1433:54803.540675,0.050000,54803.546062,54803.796443,54803.846444
R1434:54803.685609,0.050000,54803.685669,54803.846497,54803.896498
R1435:54803.889744,0.050000,54803.889885,54803.896557,54803.946558
R1436:54803.902215,0.050000,54803.902255,54803.946595,54803.996605
R1437:54803.925513,0.050000,54803.943282,54803.996679,54804.046680
R1438:54803.968544,0.050000,54803.969010,54804.046737,54804.096748
R1439:54803.977836,0.050000,54803.996661,54804.096789,54804.146790
R1440:54803.991248,0.050000,54803.996664,54804.146836,54804.196837
R1441:54804.078847,0.050000,54804.078902,54804.196881,54804.246882
R1442:54804.189777,0.050000,54804.189863,54804.246959,54804.296960
R1443:54804.242745,0.050000,54804.242804,54804.297027,54804.347028
R1444:54804.275602,0.050000,54804.275755,54804.347080,54804.397081
R1445:54804.322680,0.050000,54804.322734,54804.397151,54804.447152
R1446:54804.367144,0.050000,54804.367187,54804.447273,54804.497274
R1447:54804.409723,0.050000,54804.409757,54804.497322,54804.547323
R1448:54804.689832,0.050000,54804.689882,54804.689999,54804.740000
R1449:54804.693347,0.050000,54804.730257,54804.740037,54804.790038
R1450:54804.695084,0.050000,54804.730261,54804.790113,54804.840114
R1451:54804.726615,0.050000,54804.730262,54804.840157,54804.890158
R1452:54804.748283,0.050000,54804.748324,54804.890278,54804.940280
R1453:54804.949455,0.050000,54804.949508,54804.949572,54804.999573
R1454:54804.990575,0.050000,54804.990611,54804.999632,54805.049633
R1455:54805.044310,0.050000,54805.044362,54805.049690,54805.099701
R1456:54805.115643,0.050000,54805.115679,54805.115826,54805.165827
R1457:54805.392312,0.050000,54805.392352,54805.392707,54805.442708
R1458:54805.428103,0.050000,54805.428177,54805.442757,54805.492758
R1459:54805.469878,0.050000,54805.469923,54805.492815,54805.542816
R1460:54805.508659,0.050000,54805.508707,54805.542897,54805.592898
R1461:54805.515187,0.050000,54805.542882,54805.592958,54805.643194
R1462:54805.522614,0.050000,54805.542884,54805.643232,54805.693242
R1463:54805.525303,0.050000,54805.542885,54805.693306,54805.743307
R1464:54805.543945,0.050000,54805.583324,54805.743366,54805.793367
R1465:54805.546905,0.050000,54805.583328,54805.793434,54805.843458
R1466:54805.548162,0.050000,54805.583330,54805.843541,54805.893543
R1467:54805.584935,0.050000,54805.584976,54805.893631,54805.943631
R1468:54805.612892,0.050000,54805.612938,54805.943705,54805.993706
R1469:54805.658512,0.050000,54805.658549,54805.993764,54806.043764
R1470:54805.713143,0.050000,54805.713187,54806.043822,54806.093823
R1471:54805.764810,0.050000,54805.764857,54806.093869,54806.143870
R1472:54805.789148,0.050000,54805.793422,54806.143931,54806.193932
R1473:54805.826279,0.050000,54805.835283,54806.193989,54806.243989
R1474:54805.839980,0.050000,54805.840020,54806.244020,54806.294021
R1475:54805.928009,0.050000,54805.928672,54806.294062,54806.344063
R1476:54805.932734,0.050000,54805.943693,54806.344124,54806.394125
R1477:54806.012866,0.050000,54806.013144,54806.394177,54806.444178
R1478:54806.035441,0.050000,54806.035580,54806.444291,54806.494292
R1479:54806.038456,0.050000,54806.038526,54806.494373,54806.544374
R1480:54806.134773,0.050000,54806.134814,54806.544411,54806.594412
R1481:54806.159486,0.050000,54806.159530,54806.594451,54806.644452
R1482:54806.196020,0.050000,54806.196075,54806.644512,54806.694512
R1483:54806.204799,0.050000,54806.237327,54806.694563,54806.744563
R1484:54806.227440,0.050000,54806.237345,54806.745138,54806.795139
R1485:54806.626774,0.050000,54806.626834,54806.795260,54806.845261
R1486:54806.705485,0.050000,54806.705611,54806.845309,54806.895310
R1487:54806.709264,0.050000,54806.744640,54806.895360,54806.945361
R1488:54806.980138,0.050000,54806.980620,54806.980629,54807.030630
R1489:54806.994801,0.050000,54806.994857,54807.030692,54807.080693
R1490:54807.042951,0.050000,54807.043001,54807.080752,54807.130753
R1491:54807.080900,0.050000,54807.080923,54807.130821,54807.180822
R1492:54807.104195,0.050000,54807.121795,54807.180910,54807.230911
R1493:54807.171834,0.050000,54807.171873,54807.230970,54807.280971
R1494:54807.215496,0.050000,54807.215641,54807.281082,54807.331083
R1495:54807.269915,0.050000,54807.269942,54807.331132,54807.381138
R1496:54807.348169,0.050000,54807.348203,54807.381206,54807.431207
R1497:54807.394220,0.050000,54807.394261,54807.431332,54807.481332
R1498:54807.400546,0.050000,54807.431369,54807.481380,54807.531381
R1499:54807.409304,0.050000,54807.431373,54807.531455,54807.581456
