R0:54081.667778,0.025075,54081.677400,54081.677665,54081.702741
R1:54081.820658,0.080083,54081.820696,54081.820747,54081.900831
R2:54081.948188,0.011004,54081.948280,54081.948993,54081.960007
R3:54082.150551,0.073100,54082.150614,54082.151296,54082.224397
R4:54082.184744,0.040368,54082.191164,54082.224443,54082.264812
R5:54082.211939,0.049560,54082.211988,54082.264863,54082.314424
R6:54082.266123,0.036016,54082.266146,54082.314470,54082.350487
R7:54082.304051,0.123963,54082.306190,54082.350517,54082.474537
R8:54082.557562,0.063168,54082.558147,54082.558156,54082.621325
R9:54082.641852,0.046693,54082.642388,54082.642397,54082.689091
R10:54082.654672,0.013912,54082.655321,54082.689118,54082.703031
R11:54082.656117,0.081527,54082.656512,54082.703082,54082.784610
R12:54082.668492,0.025620,54082.668919,54082.784664,54082.810285
R13:54082.682815,0.005760,54082.683152,54082.810337,54082.816098
R14:54082.694503,0.012311,54082.694766,54082.816133,54082.828490
R15:54083.264174,0.091352,54083.264239,54083.264802,54083.356155
R16:54083.324304,0.017551,54083.324360,54083.356234,54083.373786
R17:54083.403493,0.037147,54083.403720,54083.403730,54083.440878
R18:54083.488210,0.180181,54083.488655,54083.488712,54083.668894
R19:54083.544980,0.073780,54083.545433,54083.668956,54083.742736
R20:54083.574142,0.073465,54083.574225,54083.742790,54083.816256
R21:54083.636773,0.111064,54083.636851,54083.816306,54083.927371
R22:54083.679556,0.021729,54083.679585,54083.927427,54083.949157
R23:54083.707547,0.125682,54083.720283,54083.949215,54084.074897
R24:54083.845043,0.149118,54083.845083,54084.074945,54084.224064
R25:54083.851167,0.004499,54083.885278,54084.224118,54084.228619
R26:54083.913484,0.054417,54083.913627,54084.228667,54084.283085
R27:54083.931763,0.021454,54083.931802,54084.283169,54084.304623
R28:54084.116927,0.001011,54084.116972,54084.304683,54084.305694
R29:54084.123130,0.003259,54084.157347,54084.305711,54084.308970
R30:54084.174394,0.176396,54084.174440,54084.308985,54084.485382
R31:54084.197241,0.095164,54084.197289,54084.485472,54084.580638
R32:54084.391123,0.038800,54084.391156,54084.580697,54084.619498
R33:54084.417093,0.071408,54084.432269,54084.619549,54084.690957
R34:54084.456482,0.055089,54084.456532,54084.691016,54084.746107
R35:54084.516710,0.002004,54084.516807,54084.746163,54084.748167
R36:54084.580739,0.134291,54084.580768,54084.748192,54084.882484
R37:54084.629759,0.063819,54084.629826,54084.882521,54084.946341
R38:54084.853239,0.067073,54084.853284,54084.946412,54085.013485
R39:54084.881600,0.021852,54084.881647,54085.013515,54085.035367
R40:54084.966967,0.009075,54084.967013,54085.035404,54085.044480
R41:54085.064357,0.106045,54085.064425,54085.064724,54085.170801
R42:54085.112938,0.020049,54085.112968,54085.170895,54085.190945
R43:54085.260333,0.111921,54085.260377,54085.260425,54085.372347
R44:54085.282157,0.058025,54085.282203,54085.372392,54085.430417
R45:54085.318217,0.044414,54085.318280,54085.430464,54085.474879
R46:54085.579543,0.097835,54085.579661,54085.579673,54085.677509
R47:54085.669895,0.128831,54085.669995,54085.677566,54085.806398
R48:54085.718804,0.084307,54085.718893,54085.806429,54085.890736
R49:54085.761341,0.120940,54085.761457,54085.890773,54086.011714
R50:54085.857629,0.012156,54085.857709,54086.011750,54086.023907
R51:54085.912687,0.126367,54085.912777,54086.023935,54086.150302
R52:54086.162963,0.106458,54086.163140,54086.163155,54086.269614
R53:54086.176426,0.028278,54086.176476,54086.269695,54086.297974
R54:54086.262055,0.016499,54086.262112,54086.298001,54086.314501
R55:54086.342721,0.018369,54086.342920,54086.342932,54086.361302
R56:54086.471411,0.012816,54086.471929,54086.471939,54086.484821
R57:54086.521020,0.016164,54086.522034,54086.522049,54086.538215
R58:54086.538713,0.026936,54086.539072,54086.539078,54086.566015
R59:54086.606528,0.118652,54086.606660,54086.606671,54086.725324
R60:54086.622134,0.006738,54086.647211,54086.725381,54086.732120
R61:54086.631301,0.071455,54086.647216,54086.732149,54086.803605
R62:54086.688375,0.136671,54086.688431,54086.803665,54086.940341
R63:54087.037096,0.024160,54087.037326,54087.037339,54087.061499
R64:54087.133435,0.022996,54087.133521,54087.134022,54087.157018
R65:54087.249003,0.013215,54087.249091,54087.249632,54087.262848
R66:54087.278151,0.014013,54087.278190,54087.278644,54087.292658
R67:54087.351434,0.065866,54087.351478,54087.351927,54087.417794
R68:54087.365316,0.078866,54087.392101,54087.417853,54087.496719
R69:54087.376546,0.068339,54087.392103,54087.496779,54087.565125
R70:54087.391547,0.149891,54087.392105,54087.565163,54087.715055
R71:54087.398054,0.036862,54087.398086,54087.715111,54087.751974
R72:54087.402640,0.013726,54087.402681,54087.752061,54087.765787
R73:54087.418880,0.065961,54087.418903,54087.765803,54087.831810
R74:54087.552850,0.171180,54087.552894,54087.832107,54088.003288
R75:54087.643464,0.071301,54087.643549,54088.003340,54088.074642
R76:54087.729432,0.007246,54087.729471,54088.074687,54088.081933
R77:54087.738484,0.004073,54087.738519,54088.081972,54088.086046
R78:54087.800201,0.011449,54087.800304,54088.086081,54088.097531
R79:54087.807430,0.085650,54087.832094,54088.097577,54088.183229
R80:54087.859724,0.070444,54087.872121,54088.183322,54088.253787
R81:54087.931528,0.008587,54087.931580,54088.253843,54088.262460
R82:54087.936596,0.011428,54087.936627,54088.262522,54088.273952
R83:54088.933208,0.006703,54088.933292,54088.933305,54088.940009
R84:54089.117368,0.002779,54089.117417,54089.117892,54089.120672
R85:54089.627387,0.003754,54089.627443,54089.627969,54089.631723
R86:54089.797943,0.128242,54089.798001,54089.798778,54089.927065
R87:54089.798370,0.009945,54089.839133,54089.927127,54089.937074
R88:54089.873543,0.024854,54089.873600,54089.937132,54089.961987
R89:54089.888503,0.085655,54089.888558,54089.962033,54090.047689
R90:54090.092133,0.040202,54090.092182,54090.092328,54090.132531
R91:54090.129348,0.030127,54090.132584,54090.132598,54090.162725
R92:54090.201624,0.005248,54090.201682,54090.202327,54090.207575
R93:54090.298685,0.070795,54090.299657,54090.299860,54090.370656
R94:54090.361942,0.242864,54090.362431,54090.370703,54090.613569
R95:54090.392284,0.105029,54090.392362,54090.613627,54090.718657
R96:54090.464124,0.049566,54090.464198,54090.718731,54090.768298
R97:54090.579398,0.068877,54090.579481,54090.768348,54090.837226
R98:54090.582628,0.129765,54090.582693,54090.837284,54090.967050
R99:54090.732184,0.088904,54090.732314,54090.967110,54091.056015
R100:54090.904547,0.068092,54090.904630,54091.056070,54091.124165
R101:54091.228353,0.205511,54091.228489,54091.228500,54091.434012
R102:54091.423479,0.034384,54091.423549,54091.434094,54091.468479
R103:54091.515712,0.088601,54091.519200,54091.519221,54091.607850
R104:54091.530848,0.004006,54091.556137,54091.607951,54091.611958
R105:54091.714093,0.014254,54091.714239,54091.714251,54091.728505
R106:54091.801639,0.013012,54091.801698,54091.802184,54091.815264
R107:54091.884467,0.019053,54091.884496,54091.885019,54091.904073
R108:54091.985099,0.013161,54091.985186,54091.985224,54091.998386
R109:54092.018477,0.050130,54092.018532,54092.018700,54092.068830
R110:54092.025043,0.052653,54092.059163,54092.068876,54092.121542
R111:54092.046230,0.177832,54092.059170,54092.121605,54092.299438
R112:54092.105857,0.039495,54092.105911,54092.299494,54092.338990
R113:54092.133367,0.006011,54092.133417,54092.339017,54092.345035
R114:54092.239373,0.044891,54092.239435,54092.345064,54092.389956
R115:54092.292602,0.029975,54092.292636,54092.390140,54092.420158
R116:54092.533426,0.094090,54092.533475,54092.533594,54092.627685
R117:54092.568181,0.000162,54092.574118,54092.627735,54092.627897
R118:54092.615902,0.045625,54092.615954,54092.627903,54092.673529
R119:54092.651437,0.013322,54092.651489,54092.673586,54092.686908
R120:54092.800951,0.032981,54092.801011,54092.801575,54092.834557
R121:54092.894900,0.018189,54092.894951,54092.895449,54092.913638
R122:54092.949830,0.010079,54092.949889,54092.950538,54092.960618
R123:54093.053715,0.002086,54093.053801,54093.054434,54093.056521
R124:54093.134908,0.059534,54093.134967,54093.135092,54093.194627
R125:54093.179604,0.050756,54093.179634,54093.194682,54093.245438
R126:54093.273081,0.010205,54093.273158,54093.273310,54093.283516
R127:54093.308783,0.049330,54093.308869,54093.308973,54093.358304
R128:54093.387269,0.019903,54093.387332,54093.387471,54093.407375
R129:54093.496753,0.011296,54093.496823,54093.497116,54093.508413
R130:54093.609335,0.057721,54093.609388,54093.609848,54093.667570
R131:54093.820900,0.014871,54093.820967,54093.821679,54093.836551
R132:54093.909457,0.004586,54093.909513,54093.909992,54093.914579
R133:54093.972964,0.104935,54093.973008,54093.973497,54094.078433
R134:54093.998281,0.004921,54094.014267,54094.078499,54094.083432
R135:54094.094914,0.022440,54094.094971,54094.095144,54094.117595
R136:54094.104893,0.044973,54094.104939,54094.117716,54094.162690
R137:54094.176633,0.017039,54094.176671,54094.177014,54094.194053
R138:54094.268267,0.017011,54094.268319,54094.268771,54094.285782
R139:54094.393004,0.010521,54094.393109,54094.394037,54094.404634
R140:54094.426516,0.000179,54094.426595,54094.427114,54094.427294
R141:54094.773238,0.020134,54094.773293,54094.773680,54094.793815
R142:54094.919794,0.028679,54094.920000,54094.920389,54094.949070
R143:54094.937325,0.125622,54094.949231,54094.949571,54095.075194
R144:54095.202867,0.060045,54095.202961,54095.203103,54095.263148
R145:54095.323721,0.057884,54095.323813,54095.323943,54095.381828
R146:54095.334682,0.074422,54095.334718,54095.381877,54095.456300
R147:54095.375131,0.124010,54095.375184,54095.456342,54095.580352
R148:54095.614124,0.011379,54095.614172,54095.614558,54095.625938
R149:54095.779287,0.039708,54095.779485,54095.779530,54095.819239
R150:54095.910965,0.117658,54095.911147,54095.911163,54096.028823
R151:54095.940509,0.103565,54095.952279,54096.028860,54096.132426
R152:54096.140927,0.042925,54096.140980,54096.141616,54096.184541
R153:54096.198663,0.016004,54096.198701,54096.198800,54096.214805
R154:54096.213803,0.033903,54096.213855,54096.214836,54096.248740
R155:54096.380567,0.094505,54096.380620,54096.381584,54096.476089
R156:54096.432607,0.017199,54096.432658,54096.476149,54096.493349
R157:54096.489811,0.057629,54096.489861,54096.493394,54096.551023
R158:54096.506509,0.007486,54096.506539,54096.551070,54096.558557
R159:54096.614957,0.033905,54096.615037,54096.615113,54096.649027
R160:54096.692141,0.064413,54096.692211,54096.692313,54096.756727
R161:54096.844091,0.012549,54096.844184,54096.844602,54096.866315
R162:54096.860604,0.006463,54096.860653,54096.866403,54096.881153
R163:54096.918272,0.022349,54096.918354,54096.918372,54096.940722
R164:54096.933016,0.134335,54096.940804,54096.940835,54097.075171
R165:54096.968897,0.048656,54096.981272,54097.075225,54097.123881
R166:54097.168318,0.085223,54097.168462,54097.168473,54097.253696
R167:54097.319530,0.020396,54097.319731,54097.319744,54097.340141
R168:54097.376820,0.053769,54097.376875,54097.376924,54097.430694
R169:54097.418780,0.014981,54097.418858,54097.430775,54097.445758
R170:54097.497271,0.003766,54097.497326,54097.497503,54097.501269
R171:54097.511060,0.052094,54097.511160,54097.511394,54097.563489
R172:54097.520756,0.017003,54097.551337,54097.563522,54097.580526
R173:54097.558486,0.004779,54097.558528,54097.580553,54097.585376
R174:54097.592132,0.136281,54097.592176,54097.592263,54097.728545
R175:54097.638727,0.015426,54097.638753,54097.728601,54097.744031
R176:54097.712054,0.071728,54097.712224,54097.744111,54097.815840
R177:54097.802145,0.008556,54097.802189,54097.815900,54097.824456
R178:54097.857956,0.049130,54097.858010,54097.858142,54097.907306
R179:54098.036930,0.011650,54098.036984,54098.037035,54098.048719
R180:54098.097831,0.027774,54098.097881,54098.098015,54098.125789
R181:54098.165907,0.025076,54098.166089,54098.166153,54098.191255
R182:54098.313667,0.019727,54098.314380,54098.314390,54098.334118
R183:54098.337156,0.050896,54098.337182,54098.337636,54098.388533
R184:54098.446163,0.020643,54098.446431,54098.446443,54098.467087
R185:54098.795411,0.007313,54098.795468,54098.795517,54098.802831
R186:54098.985488,0.000271,54098.985528,54098.985972,54098.986244
R187:54099.029746,0.074447,54099.029816,54099.030509,54099.104956
R188:54099.157343,0.006090,54099.157402,54099.157454,54099.163544
R189:54099.186442,0.063828,54099.186492,54099.187265,54099.251095
R190:54099.353813,0.029811,54099.354047,54099.354425,54099.384237
R191:54099.358179,0.061535,54099.358236,54099.384293,54099.445829
R192:54099.716892,0.032113,54099.716944,54099.716994,54099.749107
R193:54099.736821,0.004931,54099.749312,54099.749341,54099.754273
R194:54099.903897,0.024136,54099.903962,54099.905446,54099.929583
R195:54099.912747,0.053519,54099.929635,54099.929648,54099.983167
R196:54099.942732,0.007061,54099.971126,54099.983252,54099.990313
R197:54100.080794,0.002745,54100.080844,54100.081607,54100.084352
R198:54100.085298,0.075904,54100.085316,54100.085826,54100.161731
R199:54100.136403,0.029220,54100.136436,54100.161793,54100.191024
R200:54100.234683,0.044536,54100.234772,54100.234927,54100.279463
R201:54100.245463,0.037740,54100.275120,54100.279535,54100.317277
R202:54100.317548,0.022464,54100.317625,54100.317772,54100.340238
R203:54100.393048,0.109787,54100.393248,54100.393260,54100.503047
R204:54100.423450,0.009306,54100.434300,54100.503101,54100.512408
R205:54100.477501,0.037301,54100.477562,54100.512423,54100.549725
R206:54100.556120,0.045341,54100.556216,54100.556228,54100.601570
R207:54100.636873,0.088541,54100.636916,54100.636965,54100.725507
R208:54100.659256,0.005203,54100.659412,54100.725565,54100.730769
R209:54100.665528,0.009295,54100.665570,54100.730795,54100.740090
R210:54100.880081,0.012776,54100.880136,54100.880219,54100.892996
R211:54100.935081,0.017183,54100.935839,54100.935888,54100.953072
R212:54101.081461,0.105301,54101.081960,54101.082001,54101.187302
R213:54101.118407,0.084345,54101.122313,54101.187346,54101.271692
R214:54101.153640,0.001850,54101.153691,54101.271760,54101.273611
R215:54101.243449,0.075312,54101.243478,54101.273631,54101.348990
R216:54101.268376,0.090426,54101.271746,54101.349040,54101.439467
R217:54101.350390,0.012488,54101.350422,54101.439518,54101.452022
R218:54101.381262,0.047394,54101.391373,54101.452041,54101.499436
R219:54101.399747,0.056136,54101.399783,54101.499491,54101.555627
R220:54101.409554,0.063552,54101.409605,54101.555742,54101.619295
R221:54101.536735,0.025640,54101.536782,54101.619341,54101.644983
R222:54101.555496,0.028459,54101.555717,54101.645011,54101.673470
R223:54101.587278,0.024368,54101.597198,54101.673515,54101.697883
R224:54101.609276,0.008405,54101.609311,54101.697929,54101.706336
R225:54101.672873,0.000734,54101.672955,54101.706411,54101.707146
R226:54101.740642,0.024077,54101.740695,54101.740763,54101.764840
R227:54101.780676,0.066858,54101.780713,54101.780797,54101.847656
R228:54101.811264,0.052442,54101.821110,54101.847735,54101.902896
R229:54101.836613,0.126031,54101.836656,54101.902939,54102.028972
R230:54101.904869,0.082980,54101.905646,54102.029030,54102.112011
R231:54102.003887,0.018695,54102.003952,54102.112054,54102.130749
R232:54102.104389,0.000301,54102.104451,54102.130802,54102.131103
R233:54102.191120,0.092866,54102.191188,54102.192134,54102.285001
R234:54102.254753,0.051458,54102.254809,54102.285058,54102.336517
R235:54102.335510,0.025600,54102.335554,54102.336551,54102.362152
R236:54102.396669,0.063446,54102.396714,54102.396768,54102.460215
R237:54102.434327,0.056631,54102.437247,54102.460379,54102.517011
R238:54102.569358,0.001672,54102.569492,54102.569505,54102.571178
R239:54102.583321,0.057874,54102.583521,54102.583533,54102.641408
R240:54102.588938,0.048242,54102.624286,54102.641452,54102.689695
R241:54102.606362,0.041947,54102.624295,54102.689720,54102.731668
R242:54102.706843,0.000286,54102.706892,54102.731745,54102.732032
R243:54102.706997,0.015161,54102.731731,54102.732039,54102.747201
R244:54102.737403,0.097440,54102.737466,54102.747255,54102.844695
R245:54102.826335,0.020878,54102.826389,54102.844736,54102.865615
R246:54102.843109,0.105602,54102.844746,54102.865677,54102.971280
R247:54102.934884,0.018788,54102.934916,54102.971382,54102.990217
R248:54103.023545,0.010306,54103.023623,54103.023755,54103.034089
R249:54103.204117,0.035005,54103.204161,54103.204257,54103.239263
R250:54103.218531,0.056297,54103.239330,54103.240063,54103.296380
R251:54103.365744,0.010605,54103.365785,54103.365832,54103.376437
R252:54103.561338,0.061220,54103.561500,54103.561513,54103.622734
R253:54103.603303,0.039637,54103.603332,54103.622794,54103.662432
R254:54103.772729,0.134770,54103.772924,54103.772936,54103.907707
R255:54103.884825,0.130575,54103.884896,54103.907745,54104.038321
R256:54103.907098,0.135468,54103.907156,54104.038372,54104.173840
R257:54103.974028,0.040212,54103.974103,54104.173883,54104.214098
R258:54104.031024,0.080383,54104.031075,54104.214221,54104.294605
R259:54104.264438,0.045131,54104.264492,54104.294663,54104.339795
R260:54104.404788,0.268009,54104.404843,54104.405386,54104.673452
R261:54104.494307,0.019618,54104.494359,54104.673575,54104.693194
R262:54104.723552,0.044477,54104.723699,54104.724329,54104.768807
R263:54104.896686,0.071215,54104.896972,54104.896981,54104.968197
R264:54104.981515,0.079215,54104.981581,54104.982292,54105.061509
R265:54105.106113,0.046365,54105.106400,54105.106410,54105.152776
R266:54105.131781,0.009133,54105.131857,54105.152839,54105.161973
R267:54105.184929,0.100156,54105.185046,54105.185162,54105.285319
R268:54105.317339,0.054594,54105.317401,54105.317586,54105.372213
R269:54105.489487,0.047335,54105.489552,54105.489639,54105.536976
R270:54105.533967,0.051867,54105.534018,54105.537020,54105.588887
R271:54105.609783,0.008029,54105.609854,54105.609940,54105.617970
R272:54105.674387,0.001676,54105.674420,54105.674750,54105.676463
R273:54105.746590,0.036506,54105.746649,54105.746757,54105.783264
R274:54105.847336,0.036185,54105.847558,54105.847570,54105.883756
R275:54105.996442,0.033649,54105.996654,54105.996665,54106.030316
R276:54106.006555,0.002486,54106.030383,54106.030397,54106.032883
R277:54106.066121,0.024279,54106.066300,54106.066311,54106.090591
R278:54106.206619,0.030085,54106.206755,54106.206828,54106.236914
R279:54106.291472,0.026643,54106.291670,54106.292283,54106.318927
R280:54106.304628,0.026108,54106.319207,54106.319487,54106.345596
R281:54106.328308,0.063221,54106.346174,54106.346279,54106.409506
R282:54106.329820,0.083818,54106.346206,54106.409542,54106.493361
R283:54106.400939,0.029597,54106.400991,54106.493414,54106.523011
R284:54106.474099,0.266592,54106.474127,54106.523080,54106.789673
R285:54106.528310,0.003858,54106.528333,54106.789741,54106.793600
R286:54106.533874,0.045476,54106.569387,54106.793624,54106.839100
R287:54106.619744,0.012409,54106.619806,54106.839123,54106.851533
R288:54106.640853,0.128532,54106.640962,54106.851551,54106.980083
R289:54106.723992,0.031074,54106.724054,54106.980153,54107.011228
R290:54106.835699,0.095052,54106.835740,54107.011247,54107.106299
R291:54106.883895,0.148709,54106.883936,54107.106344,54107.255054
R292:54107.138294,0.072839,54107.138330,54107.255112,54107.327952
R293:54107.329559,0.038474,54107.329590,54107.329658,54107.369064
R294:54107.363817,0.032461,54107.363859,54107.369113,54107.401575
R295:54107.385373,0.031384,54107.385454,54107.401614,54107.432999
R296:54107.635393,0.170984,54107.635445,54107.635795,54107.806779
R297:54107.815395,0.030628,54107.815430,54107.815764,54107.846392
R298:54107.832591,0.072717,54107.832642,54107.846460,54107.919231
R299:54107.959165,0.014892,54107.959216,54107.959326,54107.974219
R300:54108.155291,0.165529,54108.155339,54108.155681,54108.321210
R301:54108.276633,0.025740,54108.276751,54108.321290,54108.351844
R302:54108.313302,0.040422,54108.313356,54108.352433,54108.392856
R303:54108.386120,0.010600,54108.392943,54108.392952,54108.403553
R304:54108.467387,0.022323,54108.467558,54108.467625,54108.491806
R305:54108.522061,0.124159,54108.522126,54108.528059,54108.652219
R306:54108.616988,0.046639,54108.617092,54108.652296,54108.698936
R307:54108.637251,0.005814,54108.637306,54108.698976,54108.704791
R308:54108.804600,0.011095,54108.804689,54108.804886,54108.816307
R309:54108.843787,0.044909,54108.843901,54108.844340,54108.889281
R310:54108.930823,0.045359,54108.930868,54108.930997,54108.976357
R311:54109.025156,0.041148,54109.025225,54109.025319,54109.066468
R312:54109.030358,0.013895,54109.030410,54109.067116,54109.081012
R313:54109.099576,0.021068,54109.099627,54109.099675,54109.120744
R314:54109.101334,0.128649,54109.120832,54109.120877,54109.249527
R315:54109.102143,0.073633,54109.120836,54109.249584,54109.323218
R316:54109.178899,0.135357,54109.178970,54109.323288,54109.458646
R317:54109.361059,0.029709,54109.361102,54109.458706,54109.488416
R318:54109.377483,0.079294,54109.377533,54109.488444,54109.567739
R319:54109.433624,0.168604,54109.433683,54109.567787,54109.736392
R320:54109.519095,0.017328,54109.519130,54109.736453,54109.753782
R321:54109.533966,0.022788,54109.560372,54109.753836,54109.776624
R322:54109.712618,0.068844,54109.712666,54109.776682,54109.845527
R323:54109.904335,0.015941,54109.904382,54109.904839,54109.920781
R324:54109.958323,0.006524,54109.958375,54109.958530,54109.965054
R325:54110.202722,0.048801,54110.202777,54110.203334,54110.252136
R326:54110.370176,0.129207,54110.370329,54110.370979,54110.500187
R327:54110.476069,0.016584,54110.476227,54110.500285,54110.516871
R328:54110.493191,0.011344,54110.493262,54110.516929,54110.528273
R329:54110.508571,0.009694,54110.508618,54110.528297,54110.537991
R330:54110.590664,0.012910,54110.590712,54110.590910,54110.603821
R331:54110.602046,0.000698,54110.603870,54110.603882,54110.604581
R332:54110.846852,0.006391,54110.846902,54110.846992,54110.853383
R333:54110.861631,0.052284,54110.861788,54110.861799,54110.914084
R334:54110.913380,0.005316,54110.913431,54110.914116,54110.919433
R335:54111.119139,0.003658,54111.119805,54111.119816,54111.123475
R336:54111.198659,0.034302,54111.198694,54111.199006,54111.233308
R337:54111.240450,0.017349,54111.240481,54111.242091,54111.259441
R338:54111.288353,0.121743,54111.288386,54111.288869,54111.410613
R339:54111.311776,0.010580,54111.329234,54111.410664,54111.421244
R340:54111.381444,0.028268,54111.381498,54111.421261,54111.449529
R341:54111.384600,0.069996,54111.384626,54111.449548,54111.519545
R342:54111.524923,0.309983,54111.524960,54111.525066,54111.835051
R343:54111.561956,0.037069,54111.565200,54111.835109,54111.872198
R344:54111.565109,0.054205,54111.565207,54111.872266,54111.926471
R345:54111.584038,0.019846,54111.584073,54111.926531,54111.946378
R346:54111.684601,0.052024,54111.684750,54111.946411,54111.998436
R347:54111.868436,0.002574,54111.868496,54111.998496,54112.001070
R348:54111.903546,0.081311,54111.903593,54112.001135,54112.082447
R349:54112.025096,0.057273,54112.025143,54112.082491,54112.139765
R350:54112.125382,0.018767,54112.125433,54112.139817,54112.158584
R351:54112.320960,0.017686,54112.321185,54112.321296,54112.338983
R352:54112.437637,0.010478,54112.437732,54112.438125,54112.448604
R353:54112.576192,0.002746,54112.576243,54112.576312,54112.579059
R354:54112.650870,0.008556,54112.650927,54112.651148,54112.659704
R355:54112.659921,0.007319,54112.659940,54112.660063,54112.667383
R356:54112.683328,0.002990,54112.683375,54112.683586,54112.686577
R357:54112.757586,0.145479,54112.757667,54112.757849,54112.903329
R358:54112.941390,0.129660,54112.941483,54112.941583,54113.071244
R359:54112.946393,0.014851,54112.946425,54113.071304,54113.086156
R360:54112.999237,0.009246,54112.999287,54113.086225,54113.095472
R361:54113.073061,0.032347,54113.073095,54113.095502,54113.127850
R362:54113.146431,0.130230,54113.146550,54113.146679,54113.276911
R363:54113.287864,0.043644,54113.287951,54113.288026,54113.331670
R364:54113.350348,0.012760,54113.350526,54113.350590,54113.363452
R365:54113.459548,0.050199,54113.459594,54113.459644,54113.509844
R366:54113.485281,0.000840,54113.500139,54113.509906,54113.510746
R367:54113.549729,0.021351,54113.549778,54113.550226,54113.571578
R368:54113.773295,0.036973,54113.773342,54113.773935,54113.810909
R369:54113.792730,0.018348,54113.810977,54113.810990,54113.829340
R370:54113.835498,0.051801,54113.835574,54113.835698,54113.887523
R371:54113.930601,0.015669,54113.931131,54113.931142,54113.946812
R372:54113.979542,0.020240,54113.979598,54113.980317,54114.000558
R373:54114.080887,0.071191,54114.080940,54114.081559,54114.152751
R374:54114.101120,0.057533,54114.121278,54114.152807,54114.210341
R375:54114.126060,0.093256,54114.126080,54114.211253,54114.304510
R376:54114.127460,0.045910,54114.127488,54114.304569,54114.350480
R377:54114.287125,0.055125,54114.287170,54114.350526,54114.405652
R378:54114.319658,0.094194,54114.319689,54114.405708,54114.499903
R379:54114.382349,0.014801,54114.382394,54114.499942,54114.514744
R380:54114.406532,0.036117,54114.406560,54114.514768,54114.550885
R381:54114.413210,0.047262,54114.449374,54114.550917,54114.598179
R382:54114.597298,0.086111,54114.597348,54114.598208,54114.684319
R383:54114.660668,0.066732,54114.660706,54114.684378,54114.751115
R384:54114.926889,0.022310,54114.926939,54114.927182,54114.949493
R385:54114.962295,0.001208,54114.962343,54114.962661,54114.963869
R386:54114.966136,0.033399,54114.966153,54114.966484,54114.999883
R387:54114.966601,0.061595,54115.000238,54115.000431,54115.062027
R388:54114.995551,0.035404,54115.000244,54115.062082,54115.097487
R389:54115.138583,0.004074,54115.138681,54115.138826,54115.142901
R390:54115.191293,0.033048,54115.191339,54115.191423,54115.224473
R391:54115.209113,0.002218,54115.224539,54115.224554,54115.226774
R392:54115.423256,0.014042,54115.423819,54115.423831,54115.437874
R393:54115.430732,0.047240,54115.437915,54115.437920,54115.485161
R394:54115.534340,0.162940,54115.534473,54115.534483,54115.697423
R395:54115.542587,0.009082,54115.542659,54115.697480,54115.706562
R396:54115.711147,0.070793,54115.711266,54115.711278,54115.782072
R397:54115.765113,0.000350,54115.765240,54115.782124,54115.782475
R398:54115.890478,0.066678,54115.890594,54115.890607,54115.957286
R399:54115.962610,0.127920,54115.962764,54115.962774,54116.090695
R400:54116.076217,0.077474,54116.076267,54116.090733,54116.168208
R401:54116.084768,0.005350,54116.084811,54116.168261,54116.173612
R402:54116.328777,0.013677,54116.328967,54116.328980,54116.342658
R403:54116.355722,0.004993,54116.355848,54116.355897,54116.360891
R404:54116.494133,0.016232,54116.494573,54116.494582,54116.510815
R405:54116.608768,0.138801,54116.609451,54116.609613,54116.748415
R406:54116.624785,0.005084,54116.649318,54116.748463,54116.753548
R407:54116.744196,0.093305,54116.744311,54116.753583,54116.846889
R408:54117.075176,0.058958,54117.075230,54117.075956,54117.134915
R409:54117.110129,0.028493,54117.116135,54117.134970,54117.163464
R410:54117.161037,0.019577,54117.161090,54117.163520,54117.183106
R411:54117.249623,0.006962,54117.249671,54117.250189,54117.257184
R412:54117.326334,0.023741,54117.326385,54117.326489,54117.350231
R413:54117.333599,0.053922,54117.350299,54117.350316,54117.404239
R414:54117.345940,0.106299,54117.350302,54117.404352,54117.510652
R415:54117.356125,0.011841,54117.391246,54117.510713,54117.522554
R416:54117.429151,0.037633,54117.429225,54117.522584,54117.560217
R417:54117.521493,0.143430,54117.521673,54117.560278,54117.703710
R418:54117.553193,0.006510,54117.553239,54117.703791,54117.710302
R419:54117.675597,0.036174,54117.675692,54117.710347,54117.746556
R420:54117.679355,0.011885,54117.703778,54117.746587,54117.758473
R421:54117.722312,0.008727,54117.722376,54117.758501,54117.767229
R422:54117.773234,0.028437,54117.773348,54117.774784,54117.803221
R423:54117.804620,0.052461,54117.804655,54117.805173,54117.857635
R424:54117.805377,0.030990,54117.805393,54117.857709,54117.888700
R425:54117.817049,0.075763,54117.846189,54117.888728,54117.964493
R426:54117.824581,0.057708,54117.846200,54117.964546,54118.022255
R427:54117.953564,0.100945,54117.953601,54118.022300,54118.123246
R428:54118.154952,0.002417,54118.155004,54118.155601,54118.158068
R429:54118.160635,0.009748,54118.160670,54118.161121,54118.170870
R430:54118.223198,0.005800,54118.223246,54118.229081,54118.237550
R431:54118.442416,0.045341,54118.442619,54118.442980,54118.488322
R432:54118.483493,0.060255,54118.483614,54118.488825,54118.549081
R433:54118.568373,0.026096,54118.568428,54118.568866,54118.594963
R434:54118.633143,0.043099,54118.633234,54118.633802,54118.676903
R435:54118.777355,0.012534,54118.777394,54118.778010,54118.790545
R436:54118.989573,0.023436,54118.989689,54118.990057,54119.013494
R437:54119.119447,0.005129,54119.119486,54119.119882,54119.125012
R438:54119.159643,0.024496,54119.159682,54119.160164,54119.184661
R439:54119.297256,0.136042,54119.297345,54119.297854,54119.433898
R440:54119.412164,0.089030,54119.412214,54119.433950,54119.523167
R441:54119.570000,0.050421,54119.570049,54119.570168,54119.620590
R442:54119.674552,0.048996,54119.674607,54119.674672,54119.723669
R443:54119.735218,0.043234,54119.735281,54119.736825,54119.780060
R444:54119.793521,0.001496,54119.793569,54119.793632,54119.795129
R445:54119.886482,0.045778,54119.886512,54119.886975,54119.932754
R446:54120.004161,0.007771,54120.004210,54120.004614,54120.012385
R447:54120.016780,0.075121,54120.016860,54120.017391,54120.092513
R448:54120.035160,0.066460,54120.057383,54120.092561,54120.159021
R449:54120.190198,0.054937,54120.190240,54120.190856,54120.245794
R450:54120.207276,0.005579,54120.231158,54120.245897,54120.251477
R451:54120.238620,0.005392,54120.238644,54120.251516,54120.256908
R452:54120.421461,0.015757,54120.421506,54120.421634,54120.437393
R453:54120.476060,0.016965,54120.476115,54120.476165,54120.493131
R454:54120.494762,0.146874,54120.494795,54120.494928,54120.641803
R455:54120.584456,0.035354,54120.584495,54120.641843,54120.677197
R456:54120.605659,0.137717,54120.605701,54120.677270,54120.814988
R457:54120.731508,0.017450,54120.731554,54120.815017,54120.832467
R458:54120.744533,0.051714,54120.772450,54120.832524,54120.884239
R459:54120.813347,0.013254,54120.813382,54120.884292,54120.897547
R460:54120.985928,0.049626,54120.985987,54120.986920,54121.036547
R461:54121.079463,0.083831,54121.079554,54121.079652,54121.163485
R462:54121.228578,0.001443,54121.228671,54121.228778,54121.230222
R463:54121.352447,0.048062,54121.352504,54121.352560,54121.400623
R464:54121.427320,0.074457,54121.427412,54121.427895,54121.502352
R465:54121.547789,0.003993,54121.547822,54121.548324,54121.552318
R466:54121.575987,0.009481,54121.576039,54121.577865,54121.587349
R467:54121.753604,0.022298,54121.753655,54121.754128,54121.776426
R468:54121.770158,0.023798,54121.776533,54121.776551,54121.800350
R469:54121.819004,0.005306,54121.819068,54121.820093,54121.825993
R470:54121.906122,0.101796,54121.906200,54121.907025,54122.008917
R471:54121.939146,0.005500,54121.951559,54122.010336,54122.015837
R472:54122.017234,0.069259,54122.017303,54122.017836,54122.087096
R473:54122.154211,0.022848,54122.154382,54122.154423,54122.177354
R474:54122.196733,0.015886,54122.196787,54122.197295,54122.213182
R475:54122.238587,0.003534,54122.238618,54122.239188,54122.242724
R476:54122.315140,0.028299,54122.315253,54122.315945,54122.344245
R477:54122.508518,0.056173,54122.509371,54122.509698,54122.565912
R478:54122.686190,0.031899,54122.686244,54122.693353,54122.725253
R479:54122.737760,0.012707,54122.737955,54122.738369,54122.751759
R480:54122.766722,0.042986,54122.766782,54122.767348,54122.810399
R481:54122.790416,0.006738,54122.807092,54122.810474,54122.818666
R482:54122.821630,0.032711,54122.821714,54122.822466,54122.855178
R483:54122.940933,0.010690,54122.941004,54122.941984,54122.952742
R484:54122.996552,0.007158,54122.996744,54122.997397,54123.004555
R485:54123.159874,0.010202,54123.159938,54123.167210,54123.178010
R486:54123.189001,0.115517,54123.189181,54123.190034,54123.305553
R487:54123.189354,0.082674,54123.230330,54123.305738,54123.388413
R488:54123.217849,0.058162,54123.230351,54123.388470,54123.446633
R489:54123.305630,0.002288,54123.305897,54123.446688,54123.448976
R490:54123.321999,0.074596,54123.322046,54123.449027,54123.523623
R491:54123.589771,0.098759,54123.589831,54123.589938,54123.688698
R492:54123.599905,0.257460,54123.599938,54123.688748,54123.946208
R493:54123.619662,0.055117,54123.619728,54123.946306,54124.001424
R494:54123.683815,0.088172,54123.683883,54124.001489,54124.089662
R495:54123.736384,0.062223,54123.736439,54124.089716,54124.151940
R496:54123.922526,0.010752,54123.922583,54124.151995,54124.162747
R497:54123.966269,0.008404,54123.966328,54124.162772,54124.171231
R498:54124.122315,0.019567,54124.122353,54124.171250,54124.190818
R499:54124.215763,0.038019,54124.215853,54124.215983,54124.254004
R500:54124.251517,0.051134,54124.254071,54124.254095,54124.305229
R501:54124.302514,0.030816,54124.302571,54124.305262,54124.336087
R502:54124.407871,0.000293,54124.408053,54124.408065,54124.408385
R503:54124.472949,0.010637,54124.472999,54124.473478,54124.484116
R504:54124.499154,0.029358,54124.499187,54124.499538,54124.528897
R505:54124.597761,0.052934,54124.597821,54124.598368,54124.651549
R506:54124.620408,0.021487,54124.640341,54124.651620,54124.673108
R507:54124.641144,0.027792,54124.641204,54124.673168,54124.700961
R508:54124.701415,0.002589,54124.701449,54124.701735,54124.704463
R509:54124.736590,0.082867,54124.736646,54124.737158,54124.820026
R510:54124.744961,0.215788,54124.782713,54124.820089,54125.035878
R511:54124.921042,0.016723,54124.921101,54125.035939,54125.052664
R512:54124.982554,0.022256,54124.982613,54125.052727,54125.074983
R513:54124.999255,0.096134,54124.999309,54125.075013,54125.171147
R514:54125.047555,0.077133,54125.047596,54125.171335,54125.248469
R515:54125.143748,0.007561,54125.143798,54125.248528,54125.256089
R516:54125.184700,0.005457,54125.184751,54125.256110,54125.261567
R517:54125.231954,0.171625,54125.232022,54125.261585,54125.433216
R518:54125.308763,0.101662,54125.308813,54125.433260,54125.534938
R519:54125.318633,0.081127,54125.349279,54125.534985,54125.616113
R520:54125.333281,0.025183,54125.349287,54125.616170,54125.641353
R521:54125.364638,0.038001,54125.364673,54125.641390,54125.679392
R522:54125.415414,0.175398,54125.415462,54125.679440,54125.854839
R523:54125.529873,0.004635,54125.529924,54125.854893,54125.859528
R524:54125.796291,0.002727,54125.796328,54125.859617,54125.862345
R525:54125.798217,0.114890,54125.837212,54125.862377,54125.977268
R526:54125.989096,0.027163,54125.989191,54125.989577,54126.016741
R527:54125.993137,0.012414,54126.016808,54126.016829,54126.029243
R528:54126.011385,0.048748,54126.016812,54126.029301,54126.078049
R529:54126.137131,0.030947,54126.137370,54126.137381,54126.168330
R530:54126.143655,0.030803,54126.168373,54126.168387,54126.199191
R531:54126.187578,0.090252,54126.199268,54126.199281,54126.289534
R532:54126.265606,0.011297,54126.265689,54126.289592,54126.300890
R533:54126.339710,0.055823,54126.339806,54126.340575,54126.396423
R534:54126.475499,0.164239,54126.475558,54126.475695,54126.639935
R535:54126.481835,0.024267,54126.481880,54126.639995,54126.664295
R536:54126.535734,0.133577,54126.535792,54126.664356,54126.797934
R537:54126.572830,0.005449,54126.572909,54126.797987,54126.803436
R538:54126.780388,0.104214,54126.780443,54126.803463,54126.907678
R539:54126.973186,0.127172,54126.973269,54126.973740,54127.100913
R540:54126.991104,0.004697,54127.013353,54127.100991,54127.105688
R541:54127.211212,0.172722,54127.211278,54127.211363,54127.384085
R542:54127.354727,0.000237,54127.354788,54127.384143,54127.384380
R543:54127.414093,0.016927,54127.414180,54127.414282,54127.431210
R544:54127.431674,0.015183,54127.431704,54127.431790,54127.446973
R545:54127.514102,0.001859,54127.514473,54127.514491,54127.516350
R546:54127.629340,0.021578,54127.629390,54127.629447,54127.651025
R547:54127.736145,0.016784,54127.736232,54127.736669,54127.753454
R548:54127.907649,0.056236,54127.907685,54127.908081,54127.964318
R549:54127.974813,0.048916,54127.974875,54127.975404,54128.024321
R550:54128.238567,0.028359,54128.238622,54128.239111,54128.267471
R551:54128.323353,0.276595,54128.323406,54128.329657,54128.606253
R552:54128.324139,0.129794,54128.363256,54128.606313,54128.736116
R553:54128.361877,0.015369,54128.363261,54128.736178,54128.751547
R554:54128.370680,0.017199,54128.370730,54128.751586,54128.768824
R555:54128.505801,0.065411,54128.505877,54128.768861,54128.834273
R556:54128.523603,0.000349,54128.523684,54128.834306,54128.834669
R557:54128.565438,0.110142,54128.565558,54128.834679,54128.944822
R558:54128.666138,0.108729,54128.666192,54128.944885,54129.053615
R559:54128.667241,0.050971,54128.667258,54129.053675,54129.104647
R560:54128.683555,0.129766,54128.683613,54129.104694,54129.234461
R561:54128.697047,0.102031,54128.697107,54129.234970,54129.337002
R562:54128.791007,0.039673,54128.791056,54129.337059,54129.376733
R563:54128.818249,0.088194,54128.818304,54129.376777,54129.464971
R564:54128.832594,0.005991,54128.832645,54129.465021,54129.471012
R565:54128.854456,0.098587,54128.854511,54129.471046,54129.569634
R566:54128.905310,0.030925,54128.906119,54129.569677,54129.600617
R567:54128.976006,0.120127,54128.976112,54129.600683,54129.720810
R568:54129.139179,0.156304,54129.139234,54129.720852,54129.877157
R569:54129.180144,0.010394,54129.180174,54129.877263,54129.887658
R570:54129.196774,0.022327,54129.196837,54129.887687,54129.910014
R571:54129.221157,0.049427,54129.221260,54129.910039,54129.959466
R572:54129.429431,0.047789,54129.429460,54129.959525,54130.007316
R573:54129.467740,0.023805,54129.467760,54130.007370,54130.031212
R574:54129.528937,0.059223,54129.528973,54130.031290,54130.090602
R575:54129.587437,0.052500,54129.587482,54130.090662,54130.143163
R576:54129.589149,0.059158,54129.600667,54130.143231,54130.202389
R577:54129.669868,0.112858,54129.669903,54130.202452,54130.315311
R578:54129.731259,0.056246,54129.731301,54130.315388,54130.375855
R579:54129.754567,0.031218,54129.754620,54130.375913,54130.407131
R580:54129.862170,0.009719,54129.862225,54130.407208,54130.416928
R581:54129.991894,0.020324,54129.991954,54130.416957,54130.437282
R582:54130.024984,0.010045,54130.025064,54130.437318,54130.447388
R583:54130.110028,0.001244,54130.110085,54130.447414,54130.448799
R584:54130.133699,0.027035,54130.143218,54130.448852,54130.475888
R585:54130.146324,0.024330,54130.185289,54130.475977,54130.501760
R586:54130.166479,0.006944,54130.185297,54130.501818,54130.508897
R587:54130.292131,0.007830,54130.292184,54130.508928,54130.516759
R588:54130.293535,0.037810,54130.315375,54130.516781,54130.558024
R589:54130.407917,0.014184,54130.408085,54130.558053,54130.572310
R590:54130.470800,0.039016,54130.470864,54130.572366,54130.611383
R591:54130.492431,0.092931,54130.492477,54130.611452,54130.704384
R592:54130.685288,0.026993,54130.685767,54130.704537,54130.740149
R593:54130.708372,0.032394,54130.708396,54130.740225,54130.772620
R594:54130.820696,0.031129,54130.820950,54130.823148,54130.854286
R595:54130.829170,0.106316,54130.854369,54130.854400,54130.960718
R596:54131.065459,0.015491,54131.065528,54131.065704,54131.081207
R597:54131.150927,0.016287,54131.151089,54131.151100,54131.167495
R598:54131.171191,0.030649,54131.171343,54131.171361,54131.202011
R599:54131.220993,0.044159,54131.221176,54131.221302,54131.265462
R600:54131.251237,0.036165,54131.262321,54131.265506,54131.301671
R601:54131.425220,0.053031,54131.425305,54131.425744,54131.478776
R602:54131.722799,0.209917,54131.722846,54131.722986,54131.932905
R603:54131.814749,0.024687,54131.814807,54131.932970,54131.957658
R604:54131.948467,0.019464,54131.948522,54131.957700,54131.977164
R605:54132.009003,0.067387,54132.009071,54132.028065,54132.095453
R606:54132.112776,0.038148,54132.113604,54132.113615,54132.151803
R607:54132.279355,0.005247,54132.279935,54132.279945,54132.285232
R608:54132.362013,0.019560,54132.362553,54132.362561,54132.382131
R609:54132.613349,0.002217,54132.613408,54132.613977,54132.616214
R610:54132.685079,0.036462,54132.685129,54132.685635,54132.722097
R611:54132.814158,0.027869,54132.814257,54132.814326,54132.842197
R612:54133.029247,0.007474,54133.029319,54133.030150,54133.037625
R613:54133.159595,0.013235,54133.159642,54133.160401,54133.173637
R614:54133.261531,0.000396,54133.261582,54133.262095,54133.262491
R615:54133.337555,0.032032,54133.337624,54133.338185,54133.370218
R616:54133.480279,0.078252,54133.480344,54133.484386,54133.562639
R617:54133.542069,0.009151,54133.542193,54133.562698,54133.571876
R618:54133.553593,0.129855,54133.553646,54133.571929,54133.701785
R619:54133.678367,0.017225,54133.678413,54133.701837,54133.719063
R620:54133.747739,0.010757,54133.747800,54133.747817,54133.758575
R621:54133.779186,0.005948,54133.779330,54133.779342,54133.785291
R622:54133.782040,0.047842,54133.785360,54133.785376,54133.833218
R623:54133.890456,0.056685,54133.890593,54133.890606,54133.947292
R624:54133.910528,0.077621,54133.910613,54133.947357,54134.024979
R625:54134.144664,0.064886,54134.144996,54134.145004,54134.209891
R626:54134.251322,0.051873,54134.251449,54134.251463,54134.303337
R627:54134.281908,0.004723,54134.281961,54134.303388,54134.308116
R628:54134.295972,0.098107,54134.296027,54134.308131,54134.406239
R629:54134.423978,0.024031,54134.424009,54134.424144,54134.448176
R630:54134.456533,0.007646,54134.456573,54134.456654,54134.464300
R631:54134.626221,0.024719,54134.626277,54134.626385,54134.652236
R632:54134.787067,0.199373,54134.787124,54134.787761,54134.987145
R633:54135.012110,0.061656,54135.012150,54135.013543,54135.075199
R634:54135.080103,0.006063,54135.080138,54135.080531,54135.086595
R635:54135.278168,0.008417,54135.278233,54135.278841,54135.287258
R636:54135.278258,0.001608,54135.287318,54135.287331,54135.288940
R637:54135.308991,0.001783,54135.309088,54135.310521,54135.312326
R638:54135.335063,0.032588,54135.335139,54135.336091,54135.368679
R639:54135.422163,0.044239,54135.422227,54135.423136,54135.467376
R640:54135.526382,0.028523,54135.526448,54135.527295,54135.555846
R641:54135.552570,0.042563,54135.552620,54135.555878,54135.598676
R642:54135.584144,0.031573,54135.584192,54135.611970,54135.643544
R643:54135.591567,0.100077,54135.598799,54135.643629,54135.743713
R644:54135.682394,0.213244,54135.682447,54135.743757,54135.957001
R645:54135.715573,0.010842,54135.715606,54135.957029,54135.967872
R646:54135.739497,0.005330,54135.739538,54135.967894,54135.973225
R647:54135.751363,0.003118,54135.751406,54135.973235,54135.976354
R648:54135.825243,0.007674,54135.825281,54135.976372,54135.984047
R649:54135.833222,0.228016,54135.833389,54135.984066,54136.212089
R650:54135.956904,0.073293,54135.956973,54136.212131,54136.285425
R651:54135.983300,0.041535,54135.983352,54136.285477,54136.327012
R652:54135.997316,0.026513,54135.997366,54136.327099,54136.353614
R653:54136.132364,0.029740,54136.132419,54136.353675,54136.383415
R654:54136.208978,0.018734,54136.209071,54136.383467,54136.402202
R655:54136.393438,0.008572,54136.393487,54136.402269,54136.410841
R656:54136.396553,0.021506,54136.402255,54136.410859,54136.432365
R657:54136.511261,0.087901,54136.511388,54136.511400,54136.599302
R658:54136.620719,0.025038,54136.621372,54136.621382,54136.646459
R659:54136.762719,0.007855,54136.762770,54136.763210,54136.771066
R660:54136.861113,0.139814,54136.861748,54136.861759,54137.001574
R661:54136.901050,0.035425,54136.902103,54137.001670,54137.037096
R662:54136.935831,0.129726,54136.936839,54137.037125,54137.166852
R663:54136.940732,0.006543,54136.940792,54137.166906,54137.173451
R664:54137.011416,0.020560,54137.011486,54137.173494,54137.194055
R665:54137.017417,0.019585,54137.017483,54137.194135,54137.213721
R666:54137.027488,0.014831,54137.027528,54137.213768,54137.228599
R667:54137.036969,0.118783,54137.037023,54137.228635,54137.347419
R668:54137.219773,0.033436,54137.219815,54137.347488,54137.380925
R669:54137.311888,0.040895,54137.311941,54137.380986,54137.421882
R670:54137.348661,0.024788,54137.348706,54137.421911,54137.446700
R671:54137.482974,0.039633,54137.483043,54137.483134,54137.522768
R672:54137.588048,0.029609,54137.588113,54137.588184,54137.617794
R673:54137.700627,0.040845,54137.700680,54137.700878,54137.741723
R674:54137.740261,0.003492,54137.741142,54137.741749,54137.745241
R675:54137.893736,0.012467,54137.893785,54137.894406,54137.906874
R676:54137.995300,0.002244,54137.995342,54137.995522,54137.997766
R677:54137.996038,0.002381,54137.997816,54137.997835,54138.000217
R678:54138.107227,0.017575,54138.107285,54138.107711,54138.125287
R679:54138.397434,0.001876,54138.397518,54138.397628,54138.399505
R680:54138.413124,0.016521,54138.413218,54138.413758,54138.430298
R681:54138.496945,0.067314,54138.497142,54138.497520,54138.564835
R682:54138.534419,0.014335,54138.538301,54138.564897,54138.579234
R683:54138.598850,0.011551,54138.598908,54138.599000,54138.610552
R684:54138.685718,0.000111,54138.685830,54138.685879,54138.685990
R685:54138.797149,0.038505,54138.797433,54138.797446,54138.835953
R686:54138.918045,0.032805,54138.918090,54138.918146,54138.950952
R687:54138.959820,0.007167,54138.959860,54138.960370,54138.972008
R688:54138.967247,0.030751,54138.972378,54138.972392,54139.003143
R689:54139.186566,0.073225,54139.186657,54139.186749,54139.259975
R690:54139.284849,0.025152,54139.284946,54139.285017,54139.310170
R691:54139.347428,0.038098,54139.347519,54139.347699,54139.385798
R692:54139.727318,0.063253,54139.727388,54139.728476,54139.791757
R693:54139.782455,0.026248,54139.782506,54139.791844,54139.818093
R694:54139.854810,0.069104,54139.854863,54139.854994,54139.924354
R695:54139.856144,0.052160,54139.895197,54139.924431,54139.976592
R696:54139.905313,0.082033,54139.905371,54139.976670,54140.058704
R697:54139.907984,0.042010,54139.908015,54140.058760,54140.100864
R698:54139.948929,0.001745,54139.948981,54140.100930,54140.102676
R699:54139.953786,0.078586,54139.976656,54140.102692,54140.181649
R700:54140.078147,0.038781,54140.078235,54140.181715,54140.220558
R701:54140.081540,0.028072,54140.081587,54140.220763,54140.248835
R702:54140.115135,0.026699,54140.115190,54140.248860,54140.282321
R703:54140.117358,0.148511,54140.117406,54140.282387,54140.430900
R704:54140.186686,0.014712,54140.186747,54140.430950,54140.451870
R705:54140.359157,0.025535,54140.359214,54140.451936,54140.477471
R706:54140.464881,0.061378,54140.464938,54140.477527,54140.538906
R707:54140.552594,0.004684,54140.552707,54140.552845,54140.557530
R708:54140.778279,0.035969,54140.778328,54140.778438,54140.814407
R709:54140.824476,0.028895,54140.824525,54140.824706,54140.853602
R710:54140.882019,0.143307,54140.882132,54140.882334,54141.025642
R711:54140.907527,0.017280,54140.923348,54141.025745,54141.043026
R712:54140.915149,0.032129,54140.923351,54141.043083,54141.075213
R713:54141.030569,0.081646,54141.030632,54141.075269,54141.156916
R714:54141.194911,0.050427,54141.194967,54141.195069,54141.245497
R715:54141.254258,0.039360,54141.254306,54141.254385,54141.293746
R716:54141.330097,0.130383,54141.330154,54141.330232,54141.460627
R717:54141.346271,0.010879,54141.370253,54141.460934,54141.471814
R718:54141.652116,0.038573,54141.652308,54141.652320,54141.690893
R719:54141.686918,0.011984,54141.686975,54141.690937,54141.702921
R720:54141.700008,0.098938,54141.700041,54141.702952,54141.801891
R721:54141.831185,0.029241,54141.831277,54141.831361,54141.860602
R722:54141.910555,0.039507,54141.910780,54141.910791,54141.950300
R723:54141.980842,0.252011,54141.981023,54141.981034,54142.233047
R724:54142.044345,0.001526,54142.044404,54142.233104,54142.234631
R725:54142.049536,0.019360,54142.049578,54142.234640,54142.254001
R726:54142.096872,0.036599,54142.096928,54142.254023,54142.290624
R727:54142.398475,0.064074,54142.398555,54142.398611,54142.462687
R728:54142.477888,0.032108,54142.477928,54142.478119,54142.510228
R729:54142.894754,0.034806,54142.894824,54142.894901,54142.929707
R730:54142.957349,0.006618,54142.957565,54142.957698,54142.964317
R731:54142.967279,0.016698,54142.967306,54142.967402,54142.984101
R732:54142.971360,0.001054,54142.984262,54142.984286,54142.985341
R733:54142.975716,0.024739,54142.984269,54142.985392,54143.010132
R734:54143.030230,0.048869,54143.031276,54143.031310,54143.080179
R735:54143.099603,0.021623,54143.099658,54143.100716,54143.122340
R736:54143.176814,0.012196,54143.177572,54143.177687,54143.189885
R737:54143.232355,0.002787,54143.232427,54143.234149,54143.236938
R738:54143.364178,0.019733,54143.364233,54143.364258,54143.383993
R739:54143.484164,0.086254,54143.484250,54143.484405,54143.570660
R740:54143.488458,0.032715,54143.525724,54143.570810,54143.611064
R741:54143.525225,0.019972,54143.525730,54143.611138,54143.631258
R742:54143.538192,0.070559,54143.538253,54143.631328,54143.701887
R743:54144.136996,0.243663,54144.137056,54144.137110,54144.380773
R744:54144.141640,0.043221,54144.178077,54144.380835,54144.424057
R745:54144.163508,0.020705,54144.178081,54144.424117,54144.444823
R746:54144.220473,0.038848,54144.220528,54144.444849,54144.483698
R747:54144.322377,0.069905,54144.322439,54144.484247,54144.554153
R748:54144.403951,0.005404,54144.404006,54144.554200,54144.559605
R749:54144.472866,0.006368,54144.472915,54144.559620,54144.565989
R750:54144.485960,0.068646,54144.485996,54144.566003,54144.634659
R751:54144.594573,0.011888,54144.594626,54144.634687,54144.646576
R752:54144.647908,0.015364,54144.648049,54144.648227,54144.663592
R753:54144.923123,0.064690,54144.923181,54144.924194,54144.988884
R754:54144.948990,0.018812,54144.964161,54144.988939,54145.007752
R755:54145.023478,0.146696,54145.023605,54145.024689,54145.171386
R756:54145.089794,0.058640,54145.089850,54145.171473,54145.230171
R757:54145.222462,0.078751,54145.222635,54145.230315,54145.309080
R758:54145.249932,0.019860,54145.249964,54145.309133,54145.328994
R759:54145.300413,0.056448,54145.300458,54145.329024,54145.385472
R760:54145.429969,0.016368,54145.430021,54145.430079,54145.446448
R761:54145.627687,0.046975,54145.627807,54145.628349,54145.675326
R762:54145.629237,0.050901,54145.668131,54145.675370,54145.726271
R763:54145.771905,0.023937,54145.771989,54145.772196,54145.796137
R764:54145.809931,0.035194,54145.809982,54145.810235,54145.845430
R765:54145.922678,0.031487,54145.922764,54145.922888,54145.954376
R766:54145.980658,0.176496,54145.980702,54145.980803,54146.157329
R767:54146.005013,0.012108,54146.021265,54146.157375,54146.169484
R768:54146.100058,0.144746,54146.100144,54146.169509,54146.314256
R769:54146.123469,0.087405,54146.123529,54146.314344,54146.401749
R770:54146.360177,0.033515,54146.360268,54146.401784,54146.435301
R771:54146.385729,0.002671,54146.401288,54146.435365,54146.438036
R772:54146.509270,0.002503,54146.509326,54146.509375,54146.511879
R773:54146.525849,0.049121,54146.525898,54146.525965,54146.575087
R774:54146.681341,0.049760,54146.681416,54146.681991,54146.731754
R775:54146.720901,0.016644,54146.720965,54146.731793,54146.748438
R776:54146.751185,0.019131,54146.751219,54146.751727,54146.770860
R777:54146.951557,0.065264,54146.951817,54146.952158,54147.019532
R778:54147.137508,0.014680,54147.137571,54147.137622,54147.152303
R779:54147.399120,0.059824,54147.399216,54147.399227,54147.459051
R780:54147.408914,0.046998,54147.440177,54147.459153,54147.506151
R781:54147.527873,0.000591,54147.528039,54147.528050,54147.528641
R782:54147.543018,0.092861,54147.543067,54147.543517,54147.636379
R783:54147.615434,0.084449,54147.615490,54147.636454,54147.720904
R784:54147.636944,0.009175,54147.636970,54147.720964,54147.730140
R785:54147.766520,0.002399,54147.766565,54147.767409,54147.769809
R786:54147.852041,0.026713,54147.852089,54147.852173,54147.878886
R787:54147.941109,0.090106,54147.941249,54147.941730,54148.031837
R788:54147.949925,0.143998,54147.982403,54148.031890,54148.175889
R789:54148.001763,0.091427,54148.001822,54148.176017,54148.267444
R790:54148.053351,0.071958,54148.053406,54148.267503,54148.339461
R791:54148.124641,0.033057,54148.124693,54148.339594,54148.372652
R792:54148.135772,0.000746,54148.135946,54148.372677,54148.373424
R793:54148.143095,0.001906,54148.143151,54148.373429,54148.375335
R794:54148.163198,0.019429,54148.163253,54148.375340,54148.394770
R795:54148.189454,0.001472,54148.189501,54148.394818,54148.396291
R796:54148.300327,0.115211,54148.300381,54148.396337,54148.511548
R797:54148.523645,0.035809,54148.523716,54148.523834,54148.559644
R798:54148.527289,0.015569,54148.559712,54148.559735,54148.575305
R799:54148.640922,0.038033,54148.640971,54148.641043,54148.679078
R800:54148.674019,0.171895,54148.679122,54148.679134,54148.851070
R801:54148.721700,0.004788,54148.721736,54148.851103,54148.855916
R802:54148.794014,0.056715,54148.794064,54148.855962,54148.912677
R803:54148.834228,0.093050,54148.834280,54148.912821,54149.005871
R804:54149.051811,0.024470,54149.051866,54149.052019,54149.076491
R805:54149.133794,0.010934,54149.133852,54149.133917,54149.144853
R806:54149.229917,0.082078,54149.229999,54149.230417,54149.312496
R807:54149.243627,0.013112,54149.270262,54149.312544,54149.325657
R808:54149.338683,0.111660,54149.338736,54149.338819,54149.450480
R809:54149.482321,0.004736,54149.482383,54149.482487,54149.487224
R810:54149.508904,0.000162,54149.508984,54149.509408,54149.509703
R811:54149.529326,0.007899,54149.529486,54149.529751,54149.537651
R812:54149.540224,0.008726,54149.540256,54149.540376,54149.549128
R813:54149.735112,0.052128,54149.735160,54149.735496,54149.787626
R814:54149.824557,0.207392,54149.824650,54149.825520,54150.032913
R815:54149.871251,0.099359,54149.871320,54150.033079,54150.132439
R816:54149.887931,0.071271,54149.887979,54150.132501,54150.203773
R817:54150.141280,0.020311,54150.141343,54150.203833,54150.224145
R818:54150.398430,0.106262,54150.398525,54150.398575,54150.504839
R819:54150.446614,0.003102,54150.446670,54150.504917,54150.508020
R820:54150.463128,0.099078,54150.463184,54150.508068,54150.607147
R821:54150.489209,0.027020,54150.489266,54150.607227,54150.634248
R822:54150.514048,0.138036,54150.514100,54150.634282,54150.772319
R823:54150.606235,0.033628,54150.606309,54150.772368,54150.806396
R824:54150.693785,0.123996,54150.693836,54150.806461,54150.930458
R825:54150.845575,0.002269,54150.845696,54150.930495,54150.932765
R826:54150.919281,0.060089,54150.919330,54150.932785,54150.997366
R827:54151.129460,0.086545,54151.129492,54151.129609,54151.216155
R828:54151.147195,0.094201,54151.170217,54151.216219,54151.310422
R829:54151.311233,0.016926,54151.311279,54151.311290,54151.328246
R830:54151.364309,0.052551,54151.364365,54151.364506,54151.417058
R831:54151.513199,0.076692,54151.513473,54151.513506,54151.590198
R832:54151.527072,0.005509,54151.527307,54151.590235,54151.595745
R833:54151.571469,0.094178,54151.571548,54151.595772,54151.689951
R834:54151.582139,0.017580,54151.582198,54151.690012,54151.707593
R835:54151.931837,0.014553,54151.932378,54151.932390,54151.947491
R836:54152.130930,0.008998,54152.131002,54152.131433,54152.140432
R837:54152.145516,0.087739,54152.145561,54152.146092,54152.233832
R838:54152.238014,0.019150,54152.238063,54152.238545,54152.257696
R839:54152.247088,0.133693,54152.247179,54152.257730,54152.391423
R840:54152.279004,0.113466,54152.279107,54152.391484,54152.504951
R841:54152.301447,0.008357,54152.320913,54152.505011,54152.513369
R842:54152.610246,0.009069,54152.610308,54152.610362,54152.619432
R843:54152.685971,0.030389,54152.686039,54152.686193,54152.716583
R844:54152.999751,0.029631,54152.999982,54153.000420,54153.030052
R845:54153.001066,0.093582,54153.030118,54153.030288,54153.123883
R846:54153.114269,0.111616,54153.114327,54153.123914,54153.235532
R847:54153.122966,0.035419,54153.123316,54153.235589,54153.271009
R848:54153.206392,0.069026,54153.206442,54153.271078,54153.340104
R849:54153.692062,0.200813,54153.692143,54153.692297,54153.893116
R850:54153.728869,0.015300,54153.732235,54153.893188,54153.908489
R851:54153.732769,0.011381,54153.732785,54153.908544,54153.919926
R852:54153.755110,0.117452,54153.755154,54153.919953,54154.037405
R853:54153.801813,0.037725,54153.801871,54154.037456,54154.075182
R854:54153.804504,0.021331,54153.804524,54154.075261,54154.096593
R855:54153.825577,0.030548,54153.825630,54154.096641,54154.127190
R856:54153.877175,0.028648,54153.877214,54154.127241,54154.155890
R857:54153.900562,0.091588,54153.900597,54154.155943,54154.247532
R858:54153.979360,0.044323,54153.979411,54154.247566,54154.291890
R859:54154.056308,0.047847,54154.056350,54154.291944,54154.339792
R860:54154.085583,0.001934,54154.085630,54154.339843,54154.341777
R861:54154.088668,0.007110,54154.096630,54154.341830,54154.348940
R862:54154.140496,0.004852,54154.140531,54154.348981,54154.353834
R863:54154.363730,0.131351,54154.363901,54154.363912,54154.495264
R864:54154.449649,0.271541,54154.449891,54154.495298,54154.766839
R865:54154.603915,0.108591,54154.603953,54154.766888,54154.875481
R866:54154.805058,0.007786,54154.805096,54154.875516,54154.883337
R867:54154.830439,0.058165,54154.830486,54154.883356,54154.941522
R868:54154.838461,0.006405,54154.838495,54154.941552,54154.947958
R869:54154.842784,0.015836,54154.842807,54154.947969,54154.963805
R870:54154.863409,0.056671,54154.863459,54154.963842,54155.020513
R871:54154.916192,0.062142,54154.916278,54155.022463,54155.084606
R872:54155.025346,0.020755,54155.025375,54155.084659,54155.105415
R873:54155.036087,0.062983,54155.066259,54155.105447,54155.168431
R874:54155.103635,0.093739,54155.103726,54155.168484,54155.262224
R875:54155.322899,0.164354,54155.322953,54155.323265,54155.487620
R876:54155.356744,0.079054,54155.364138,54155.487666,54155.566721
R877:54155.536873,0.084423,54155.536928,54155.566772,54155.651196
R878:54155.546224,0.066459,54155.546255,54155.651283,54155.717743
R879:54155.728440,0.065057,54155.728481,54155.728532,54155.793589
R880:54155.841768,0.052862,54155.841804,54155.842316,54155.895179
R881:54155.951425,0.231088,54155.951482,54155.951707,54156.182796
R882:54156.031161,0.060771,54156.031214,54156.182853,54156.243625
R883:54156.164459,0.093387,54156.164516,54156.243686,54156.337074
R884:54156.259411,0.112694,54156.259471,54156.337152,54156.449847
R885:54156.404276,0.017208,54156.404446,54156.449908,54156.467117
R886:54156.414888,0.093421,54156.415078,54156.467160,54156.560582
R887:54156.486117,0.058125,54156.486158,54156.560643,54156.618768
R888:54156.486581,0.040363,54156.528073,54156.618814,54156.659179
R889:54156.503715,0.005995,54156.528080,54156.659208,54156.665204
R890:54156.546838,0.066538,54156.546891,54156.665237,54156.731776
R891:54156.589596,0.016779,54156.589647,54156.731819,54156.748599
R892:54156.596470,0.009366,54156.618826,54156.748626,54156.757993
R893:54156.659700,0.026953,54156.659723,54156.758009,54156.784963
R894:54156.669770,0.092633,54156.670062,54156.785005,54156.877638
R895:54156.867511,0.050675,54156.867577,54156.877684,54156.928360
R896:54156.880622,0.071001,54156.880648,54156.928395,54156.999397
R897:54156.937764,0.017305,54156.937809,54156.999443,54157.016749
R898:54157.020156,0.018187,54157.020246,54157.020376,54157.038564
R899:54157.071935,0.016799,54157.071981,54157.072441,54157.089240
R900:54157.084466,0.014724,54157.089304,54157.089315,54157.104040
R901:54157.103118,0.074144,54157.104085,54157.104098,54157.178243
R902:54157.174856,0.043277,54157.174910,54157.178298,54157.221575
R903:54157.183857,0.016849,54157.183896,54157.221622,54157.238472
R904:54157.235417,0.099700,54157.235462,54157.238499,54157.338204
R905:54157.247457,0.038139,54157.247485,54157.338266,54157.376406
R906:54157.290036,0.032188,54157.290066,54157.376491,54157.408680
R907:54157.366408,0.006937,54157.366446,54157.408702,54157.415640
R908:54157.508823,0.125661,54157.508999,54157.509011,54157.634673
R909:54157.595381,0.040107,54157.595422,54157.634729,54157.674837
R910:54157.661330,0.058677,54157.661376,54157.674895,54157.733573
R911:54157.781154,0.014916,54157.781186,54157.781267,54157.796204
R912:54157.798691,0.084615,54157.798715,54157.799128,54157.883744
R913:54157.848439,0.120802,54157.848476,54157.883801,54158.004604
R914:54157.915302,0.058330,54157.915334,54158.004653,54158.062984
R915:54157.926253,0.019340,54157.956281,54158.063047,54158.082400
R916:54157.944655,0.074062,54157.956286,54158.082451,54158.156514
R917:54158.184494,0.002269,54158.184585,54158.184775,54158.187044
R918:54158.192987,0.040383,54158.193028,54158.193105,54158.233488
R919:54158.229346,0.033172,54158.233291,54158.233596,54158.266768
R920:54158.262964,0.065374,54158.263002,54158.266806,54158.332180
R921:54158.308400,0.000884,54158.308422,54158.332232,54158.333116
R922:54158.310201,0.090784,54158.332218,54158.333143,54158.423928
R923:54158.329881,0.094753,54158.332221,54158.423974,54158.518728
R924:54158.343591,0.059096,54158.343637,54158.518790,54158.577887
R925:54158.461795,0.036536,54158.461939,54158.577925,54158.614461
R926:54158.505266,0.044581,54158.505311,54158.614491,54158.659089
R927:54158.545894,0.089507,54158.545944,54158.659139,54158.748646
R928:54158.671140,0.019791,54158.671221,54158.748700,54158.768492
R929:54158.715027,0.037407,54158.715054,54158.768522,54158.805930
R930:54158.828776,0.140569,54158.828825,54158.828910,54158.969480
R931:54158.830477,0.159827,54158.869279,54158.969520,54159.129358
R932:54158.987532,0.141775,54158.987662,54159.129445,54159.271248
R933:54159.092030,0.003325,54159.092093,54159.271834,54159.275159
R934:54159.092778,0.020315,54159.092838,54159.275170,54159.295486
R935:54159.150181,0.122297,54159.150216,54159.295508,54159.417806
R936:54159.217104,0.041945,54159.217149,54159.417864,54159.459810
R937:54159.222841,0.015570,54159.222885,54159.459877,54159.475447
R938:54159.445720,0.004057,54159.445763,54159.475475,54159.479533
R939:54159.489290,0.008798,54159.489332,54159.489448,54159.498246
R940:54159.499929,0.036552,54159.500037,54159.500134,54159.536687
R941:54159.623133,0.008438,54159.623230,54159.623674,54159.632113
R942:54159.718211,0.030455,54159.718246,54159.718300,54159.748756
R943:54159.727942,0.036131,54159.748799,54159.748809,54159.784941
R944:54160.099059,0.065864,54160.099197,54160.099209,54160.165119
R945:54160.226526,0.080092,54160.226574,54160.226986,54160.307154
R946:54160.230134,0.109821,54160.230154,54160.307204,54160.417051
R947:54160.323536,0.024269,54160.323580,54160.417085,54160.441355
R948:54160.442170,0.071571,54160.442253,54160.442320,54160.513902
R949:54160.590534,0.019691,54160.590567,54160.591017,54160.610708
R950:54160.640398,0.314409,54160.640454,54160.640992,54160.955402
R951:54160.648847,0.008618,54160.681507,54160.955457,54160.964076
R952:54160.671698,0.009301,54160.681512,54160.964094,54160.973397
R953:54160.741541,0.177105,54160.741579,54160.973418,54161.150523
R954:54160.787993,0.039172,54160.788195,54161.150589,54161.189761
R955:54160.811967,0.000956,54160.812263,54161.189806,54161.190762
R956:54160.824179,0.083616,54160.824340,54161.190779,54161.274395
R957:54160.829700,0.009339,54160.829853,54161.274457,54161.283796
R958:54160.845982,0.008871,54160.846195,54161.283829,54161.292700
R959:54160.872318,0.002637,54160.872608,54161.292737,54161.295375
R960:54160.969031,0.064762,54160.969066,54161.295382,54161.360144
R961:54161.156860,0.041819,54161.156937,54161.360177,54161.401997
R962:54161.315220,0.046752,54161.315264,54161.402034,54161.448786
R963:54161.395103,0.029446,54161.395148,54161.448819,54161.478266
R964:54161.647135,0.025554,54161.647249,54161.647311,54161.672866
R965:54161.685626,0.031123,54161.685794,54161.685810,54161.716934
R966:54161.808571,0.000476,54161.808619,54161.809083,54161.809559
R967:54161.851014,0.166558,54161.851089,54161.851691,54162.018250
R968:54161.932188,0.002438,54161.932236,54162.018314,54162.020752
R969:54161.948744,0.027835,54161.948784,54162.020791,54162.048627
R970:54162.177025,0.003505,54162.177203,54162.178002,54162.181507
R971:54162.251736,0.052851,54162.251847,54162.252370,54162.305222
R972:54162.301055,0.048387,54162.301098,54162.305262,54162.353650
R973:54162.477773,0.008022,54162.477972,54162.477984,54162.486007
R974:54162.622313,0.035441,54162.622416,54162.622428,54162.657870
R975:54162.749613,0.056558,54162.749657,54162.750026,54162.806584
R976:54162.768300,0.002537,54162.790248,54162.806622,54162.809160
R977:54162.790570,0.094495,54162.790588,54162.809203,54162.903759
R978:54162.813955,0.010867,54162.813992,54162.903793,54162.914660
R979:54162.903248,0.001284,54162.903300,54162.914673,54162.915958
R980:54162.932365,0.003338,54162.932406,54162.932883,54162.936222
R981:54163.007931,0.253950,54163.007975,54163.008490,54163.262441
R982:54163.063949,0.005851,54163.064003,54163.262493,54163.268345
R983:54163.070463,0.014603,54163.070496,54163.268421,54163.283025
R984:54163.334776,0.111895,54163.334835,54163.335307,54163.447203
R985:54163.349263,0.069069,54163.349316,54163.447300,54163.516370
R986:54163.444528,0.006735,54163.444585,54163.516430,54163.523166
R987:54163.715132,0.091911,54163.715182,54163.715637,54163.807549
R988:54163.758046,0.012691,54163.758082,54163.807613,54163.820304
R989:54163.872375,0.037614,54163.872527,54163.872710,54163.910324
R990:54164.249330,0.010459,54164.249366,54164.249415,54164.259874
R991:54164.359147,0.168897,54164.359198,54164.359805,54164.528702
R992:54164.378490,0.029902,54164.400257,54164.528758,54164.558662
R993:54164.401245,0.112749,54164.401274,54164.558718,54164.671468
R994:54164.542387,0.005758,54164.542486,54164.671513,54164.677272
R995:54164.629880,0.013784,54164.629978,54164.677768,54164.691552
R996:54164.841403,0.026315,54164.841777,54164.841871,54164.868187
R997:54164.857550,0.014213,54164.857592,54164.868226,54164.882439
R998:54164.880104,0.010705,54164.880155,54164.882484,54164.893189
R999:54164.941388,0.056607,54164.941536,54164.941547,54164.998155
R1000:54164.999385,0.009977,54164.999420,54164.999669,54165.009662
R1001:54165.006981,0.002410,54165.007032,54165.009725,54165.012168
R1002:54165.053407,0.087927,54165.053447,54165.053854,54165.141782
R1003:54165.084065,0.002722,54165.094278,54165.141838,54165.144560
R1004:54165.266575,0.104819,54165.266956,54165.266965,54165.371784
R1005:54165.271495,0.076579,54165.271556,54165.371856,54165.448436
R1006:54165.344284,0.077495,54165.344343,54165.448494,54165.525989
R1007:54165.350088,0.018126,54165.350626,54165.526048,54165.544175
R1008:54165.465903,0.041561,54165.465933,54165.544229,54165.585791
R1009:54165.489264,0.107407,54165.506094,54165.585839,54165.693247
R1010:54165.508365,0.006373,54165.508423,54165.693281,54165.699655
R1011:54165.602074,0.093749,54165.602106,54165.699674,54165.793423
R1012:54165.613341,0.022232,54165.642291,54165.793461,54165.815694
R1013:54165.676767,0.002487,54165.676867,54165.815714,54165.818202
R1014:54165.685345,0.045166,54165.685380,54165.818210,54165.863376
R1015:54165.752456,0.050769,54165.752503,54165.863415,54165.914201
R1016:54165.860636,0.008280,54165.860706,54165.914234,54165.922515
R1017:54165.985414,0.004309,54165.985465,54165.985603,54165.989912
R1018:54166.081763,0.042521,54166.081804,54166.082227,54166.124749
R1019:54166.409238,0.001636,54166.409454,54166.409466,54166.411203
R1020:54166.421535,0.063155,54166.421630,54166.421641,54166.484797
R1021:54166.471442,0.036254,54166.471486,54166.484852,54166.521107
R1022:54166.612616,0.041699,54166.612672,54166.612722,54166.654422
R1023:54166.671377,0.067895,54166.671449,54166.671507,54166.739421
R1024:54166.814306,0.000959,54166.814348,54166.814817,54166.815776
R1025:54166.826045,0.081338,54166.826080,54166.826528,54166.907867
R1026:54166.908079,0.069382,54166.908108,54166.908256,54166.977639
R1027:54166.920598,0.055065,54166.920642,54166.977696,54167.032762
R1028:54167.008343,0.068158,54167.008387,54167.032813,54167.100972
R1029:54167.018472,0.054083,54167.018571,54167.101010,54167.155097
R1030:54167.124351,0.029195,54167.124403,54167.155150,54167.184345
R1031:54167.159105,0.006085,54167.159131,54167.184398,54167.190484
R1032:54167.188946,0.205211,54167.188972,54167.190508,54167.395720
R1033:54167.264966,0.042807,54167.265008,54167.395778,54167.438586
R1034:54167.284187,0.020226,54167.305112,54167.438618,54167.458845
R1035:54167.352475,0.000307,54167.352514,54167.458884,54167.459191
R1036:54167.434410,0.027528,54167.434458,54167.459198,54167.486727
R1037:54167.438752,0.040472,54167.438766,54167.486751,54167.527223
R1038:54167.500283,0.020899,54167.500299,54167.527279,54167.548179
R1039:54167.876637,0.006348,54167.876686,54167.876734,54167.883082
R1040:54167.906251,0.128714,54167.906295,54167.906730,54168.036015
R1041:54167.943625,0.034585,54167.947373,54168.036162,54168.070758
R1042:54168.156990,0.042518,54168.157162,54168.157175,54168.199693
R1043:54168.250619,0.076488,54168.250782,54168.250798,54168.327288
R1044:54168.266064,0.107248,54168.266121,54168.327369,54168.434619
R1045:54168.297943,0.053328,54168.298001,54168.434675,54168.488004
R1046:54168.347031,0.067949,54168.347075,54168.488145,54168.556095
R1047:54168.379948,0.126345,54168.387154,54168.556151,54168.682497
R1048:54168.502637,0.171431,54168.502695,54168.682548,54168.853980
R1049:54168.610830,0.016622,54168.610881,54168.854032,54168.870655
R1050:54168.667926,0.005417,54168.667980,54168.870676,54168.876094
R1051:54168.698540,0.021555,54168.698579,54168.876105,54168.897661
R1052:54168.728170,0.083245,54168.739366,54168.897696,54168.980942
R1053:54168.791992,0.036193,54168.792091,54168.980994,54169.017252
R1054:54168.988777,0.011332,54168.988822,54169.017301,54169.028633
R1055:54169.003473,0.035977,54169.003511,54169.028662,54169.064640
R1056:54169.087584,0.040710,54169.087636,54169.087645,54169.128355
R1057:54169.100105,0.080649,54169.128431,54169.128467,54169.209132
R1058:54169.101277,0.009870,54169.128450,54169.209160,54169.219031
R1059:54169.113117,0.029586,54169.128451,54169.219078,54169.248665
R1060:54169.186480,0.001446,54169.186518,54169.248684,54169.250130
R1061:54169.192106,0.024492,54169.192146,54169.250136,54169.274628
R1062:54169.201379,0.103116,54169.201402,54169.274669,54169.377786
R1063:54169.324685,0.034473,54169.324729,54169.377829,54169.412303
R1064:54169.355600,0.081142,54169.366104,54169.412357,54169.493500
R1065:54169.508614,0.007581,54169.508655,54169.509064,54169.516664
R1066:54169.635342,0.003626,54169.635395,54169.635907,54169.639533
R1067:54169.831914,0.028230,54169.831960,54169.832532,54169.860762
R1068:54169.888308,0.025208,54169.888532,54169.888947,54169.914156
R1069:54170.065661,0.001686,54170.065860,54170.066200,54170.067886
R1070:54170.309857,0.043479,54170.309899,54170.310415,54170.353894
R1071:54170.386120,0.064614,54170.386178,54170.386725,54170.451340
R1072:54170.452199,0.040876,54170.452246,54170.452355,54170.493232
R1073:54170.464645,0.015572,54170.464682,54170.493343,54170.508916
R1074:54170.526965,0.005837,54170.527025,54170.527673,54170.533511
R1075:54170.638609,0.080391,54170.638662,54170.639149,54170.719541
R1076:54170.743161,0.084823,54170.743252,54170.743361,54170.828184
R1077:54170.755793,0.120543,54170.755820,54170.828231,54170.948775
R1078:54170.773120,0.034092,54170.773164,54170.949088,54170.983181
R1079:54170.870795,0.037742,54170.870944,54170.983279,54171.021022
R1080:54170.915143,0.010499,54170.915284,54171.021072,54171.031572
R1081:54170.944825,0.011303,54170.944925,54171.031632,54171.042940
R1082:54171.037625,0.008807,54171.037777,54171.042979,54171.051786
R1083:54171.062961,0.007546,54171.063157,54171.063208,54171.070754
R1084:54171.146952,0.043406,54171.146987,54171.147381,54171.190809
R1085:54171.214987,0.008495,54171.215106,54171.215300,54171.223796
R1086:54171.231015,0.063541,54171.231054,54171.231502,54171.295044
R1087:54171.245795,0.017763,54171.271335,54171.295099,54171.312863
R1088:54171.423678,0.026185,54171.423763,54171.423939,54171.450125
R1089:54171.450950,0.000780,54171.450981,54171.451170,54171.451951
R1090:54171.520778,0.016484,54171.520835,54171.520944,54171.537442
R1091:54171.581703,0.053434,54171.581757,54171.582207,54171.635643
R1092:54171.722518,0.000106,54171.722579,54171.723157,54171.723263
R1093:54171.731177,0.077330,54171.731202,54171.731656,54171.808986
R1094:54171.801101,0.184876,54171.801157,54171.809028,54171.993905
R1095:54171.858793,0.078851,54171.858818,54171.993961,54172.072813
R1096:54171.890669,0.219290,54171.899122,54172.072862,54172.292173
R1097:54171.905707,0.027579,54171.905738,54172.292234,54172.319814
R1098:54172.360610,0.049641,54172.360704,54172.360914,54172.410556
R1099:54172.374243,0.061298,54172.374280,54172.410610,54172.471909
R1100:54172.443520,0.066831,54172.443564,54172.471972,54172.538804
R1101:54172.463232,0.023170,54172.471960,54172.538846,54172.562017
R1102:54172.628808,0.068205,54172.628864,54172.628957,54172.697163
R1103:54172.679762,0.066315,54172.679806,54172.697248,54172.763564
R1104:54172.772221,0.013491,54172.772271,54172.772375,54172.785867
R1105:54172.786036,0.055421,54172.786058,54172.786414,54172.841836
R1106:54172.901682,0.041642,54172.901741,54172.901800,54172.943443
R1107:54172.962504,0.047707,54172.962547,54172.963000,54173.010708
R1108:54172.995572,0.111867,54172.995626,54173.010749,54173.122617
R1109:54173.065517,0.003293,54173.065552,54173.122649,54173.125942
R1110:54173.108480,0.063440,54173.108508,54173.125965,54173.189406
R1111:54173.277611,0.001683,54173.277648,54173.277982,54173.279665
R1112:54173.439920,0.095825,54173.440096,54173.440484,54173.536311
R1113:54173.542158,0.096696,54173.542303,54173.542482,54173.639178
R1114:54173.593272,0.001066,54173.593328,54173.639258,54173.640324
R1115:54173.648374,0.058896,54173.648411,54173.648502,54173.707399
R1116:54173.717300,0.027645,54173.717325,54173.717614,54173.745259
R1117:54173.835755,0.012106,54173.835915,54173.835942,54173.848048
R1118:54173.841323,0.065991,54173.848089,54173.848102,54173.914117
R1119:54173.856810,0.019369,54173.888250,54173.914174,54173.933544
R1120:54174.105808,0.060133,54174.105855,54174.106337,54174.166470
R1121:54174.396258,0.033340,54174.396318,54174.397088,54174.430428
R1122:54174.789766,0.019103,54174.789985,54174.789997,54174.809101
R1123:54174.815564,0.089218,54174.815600,54174.815915,54174.905134
R1124:54174.824576,0.034998,54174.857215,54174.905173,54174.940172
R1125:54174.844361,0.004130,54174.857218,54174.940254,54174.944385
R1126:54175.032901,0.069912,54175.032960,54175.033084,54175.102998
R1127:54175.053962,0.131975,54175.054004,54175.103058,54175.235034
R1128:54175.063987,0.042132,54175.064028,54175.235080,54175.277242
R1129:54175.141676,0.004617,54175.141740,54175.277294,54175.281911
R1130:54175.270068,0.021230,54175.270113,54175.281926,54175.303158
R1131:54175.345118,0.021453,54175.345157,54175.345329,54175.366783
R1132:54175.471588,0.092649,54175.471701,54175.471760,54175.564409
R1133:54175.594460,0.140497,54175.594673,54175.594732,54175.735230
R1134:54175.663777,0.036025,54175.663823,54175.735284,54175.771310
R1135:54175.735610,0.039412,54175.735764,54175.771370,54175.810782
R1136:54175.761280,0.014521,54175.761346,54175.810868,54175.825390
R1137:54175.781478,0.032494,54175.781523,54175.825434,54175.857948
R1138:54175.784309,0.007165,54175.810852,54175.857975,54175.865140
R1139:54175.854741,0.075799,54175.854785,54175.865161,54175.940960
R1140:54175.885870,0.011522,54175.885903,54175.941056,54175.952578
R1141:54175.970534,0.097996,54175.970580,54175.970702,54176.068699
R1142:54176.134440,0.178882,54176.134634,54176.134678,54176.313562
R1143:54176.400313,0.041578,54176.400356,54176.400732,54176.442311
R1144:54176.529579,0.042403,54176.529638,54176.530134,54176.572537
R1145:54176.594718,0.007078,54176.594763,54176.595293,54176.602371
R1146:54176.683007,0.028380,54176.683049,54176.683801,54176.712182
R1147:54176.891273,0.058302,54176.891337,54176.892063,54176.950366
R1148:54176.946028,0.002292,54176.946088,54176.950664,54176.952956
R1149:54176.973100,0.095660,54176.973150,54176.973884,54177.069545
R1150:54177.055901,0.109981,54177.055968,54177.069592,54177.179573
R1151:54177.124342,0.073785,54177.124380,54177.179621,54177.253406
R1152:54177.166882,0.028084,54177.166909,54177.253440,54177.281525
R1153:54177.179811,0.062033,54177.179832,54177.281567,54177.343601
R1154:54177.203924,0.040964,54177.221297,54177.343687,54177.384651
R1155:54177.273128,0.011168,54177.273155,54177.384693,54177.395862
R1156:54177.329858,0.021609,54177.329962,54177.395913,54177.417522
R1157:54177.450862,0.064338,54177.450902,54177.451308,54177.515647
R1158:54177.456046,0.093876,54177.491111,54177.515720,54177.609597
R1159:54177.488605,0.099918,54177.491119,54177.609657,54177.709575
R1160:54177.517326,0.141765,54177.517361,54177.709628,54177.851394
R1161:54177.563137,0.020511,54177.563178,54177.851438,54177.871950
R1162:54178.033245,0.032440,54178.033306,54178.033859,54178.066300
R1163:54178.072486,0.052599,54178.072528,54178.073291,54178.125892
R1164:54178.074675,0.052935,54178.113253,54178.125933,54178.178869
R1165:54178.136293,0.004191,54178.136319,54178.178909,54178.183101
R1166:54178.194804,0.115579,54178.194842,54178.195124,54178.310704
R1167:54178.260356,0.057514,54178.260431,54178.310772,54178.368287
R1168:54178.419732,0.005327,54178.419787,54178.420134,54178.425464
R1169:54178.453322,0.112173,54178.453367,54178.453777,54178.565951
R1170:54178.495196,0.108348,54178.495222,54178.565992,54178.674340
R1171:54178.585379,0.027701,54178.585428,54178.674394,54178.702096
R1172:54178.593805,0.008325,54178.593829,54178.702129,54178.710455
R1173:54178.617099,0.040973,54178.617145,54178.710470,54178.751444
R1174:54178.631829,0.028783,54178.631886,54178.751467,54178.780251
R1175:54178.632888,0.027167,54178.632912,54178.780304,54178.807471
R1176:54178.679854,0.027255,54178.679907,54178.807511,54178.834767
R1177:54178.720566,0.069995,54178.720608,54178.834820,54178.904815
R1178:54178.838664,0.075842,54178.838723,54178.904861,54178.980703
R1179:54179.028757,0.027207,54179.028850,54179.028947,54179.056155
R1180:54179.072095,0.118911,54179.072186,54179.072312,54179.191224
R1181:54179.119686,0.186348,54179.119714,54179.191286,54179.377634
R1182:54179.177549,0.021682,54179.177606,54179.377687,54179.399369
R1183:54179.315301,0.007473,54179.315357,54179.399453,54179.406927
R1184:54179.405228,0.002757,54179.405257,54179.406945,54179.409702
R1185:54179.455604,0.006007,54179.455674,54179.455808,54179.461848
R1186:54179.458522,0.006780,54179.461894,54179.461907,54179.468688
R1187:54179.691820,0.009649,54179.692303,54179.692312,54179.701961
R1188:54179.756390,0.058200,54179.756443,54179.757029,54179.815232
R1189:54179.783910,0.016466,54179.797213,54179.815276,54179.831743
R1190:54179.894612,0.008635,54179.894652,54179.894700,54179.903335
R1191:54179.905918,0.035099,54179.905942,54179.906190,54179.941290
R1192:54180.006313,0.030392,54180.006383,54180.006595,54180.036988
R1193:54180.078562,0.032348,54180.078649,54180.078833,54180.111183
R1194:54180.103563,0.054223,54180.111318,54180.111335,54180.165559
R1195:54180.126128,0.055397,54180.153397,54180.165608,54180.221006
R1196:54180.314828,0.025217,54180.314887,54180.314935,54180.340153
R1197:54180.385184,0.023691,54180.385275,54180.386082,54180.409773
R1198:54180.471813,0.018198,54180.471866,54180.472452,54180.490689
R1199:54180.586802,0.011210,54180.586978,54180.587358,54180.598575
R1200:54180.647445,0.039808,54180.647493,54180.647975,54180.687783
R1201:54180.684614,0.017680,54180.687944,54180.688141,54180.705822
R1202:54180.716105,0.095738,54180.716148,54180.716275,54180.812014
R1203:54180.810065,0.156108,54180.810122,54180.812079,54180.968224
R1204:54180.863619,0.011671,54180.863659,54180.968274,54180.979946
R1205:54180.928470,0.054804,54180.928506,54180.979973,54181.034779
R1206:54180.951052,0.137690,54180.951123,54181.034876,54181.172567
R1207:54180.989432,0.145577,54180.989498,54181.172625,54181.318206
R1208:54181.005622,0.027931,54181.030208,54181.318250,54181.346182
R1209:54181.047629,0.049425,54181.047669,54181.346368,54181.395793
R1210:54181.094296,0.019136,54181.094342,54181.395843,54181.414980
R1211:54181.102370,0.053810,54181.102402,54181.415003,54181.468814
R1212:54181.132039,0.143512,54181.132085,54181.468858,54181.612371
R1213:54181.236706,0.030998,54181.236744,54181.612418,54181.643417
R1214:54181.239986,0.040225,54181.278251,54181.643450,54181.683676
R1215:54181.264103,0.046713,54181.278258,54181.683721,54181.730435
R1216:54181.354951,0.188471,54181.355108,54181.730464,54181.918937
R1217:54181.364711,0.075114,54181.364760,54181.918986,54181.994101
R1218:54181.561451,0.023766,54181.561485,54181.994135,54182.017902
R1219:54181.709155,0.023097,54181.709195,54182.017976,54182.041074
R1220:54181.819807,0.175077,54181.819897,54182.041129,54182.216207
R1221:54181.894124,0.153173,54181.894161,54182.216247,54182.369421
R1222:54181.898626,0.011533,54181.898680,54182.369477,54182.381011
R1223:54182.096810,0.017688,54182.096892,54182.381100,54182.398789
R1224:54182.289407,0.019346,54182.289467,54182.398807,54182.418154
R1225:54182.373865,0.064350,54182.373907,54182.418173,54182.482523
R1226:54182.591271,0.012644,54182.591376,54182.592124,54182.605507
R1227:54182.676325,0.021766,54182.676536,54182.676582,54182.698350
R1228:54182.716740,0.027193,54182.716945,54182.716956,54182.744150
R1229:54182.732099,0.026820,54182.744213,54182.744226,54182.771047
R1230:54182.872780,0.032491,54182.872989,54182.873000,54182.905492
R1231:54183.171478,0.003835,54183.171536,54183.171631,54183.175466
R1232:54183.173523,0.131032,54183.175575,54183.175592,54183.306625
R1233:54183.224173,0.016728,54183.224232,54183.306683,54183.323412
R1234:54183.383073,0.043916,54183.383168,54183.383275,54183.427239
R1235:54183.413656,0.111305,54183.413760,54183.427300,54183.538605
R1236:54183.502355,0.058570,54183.502409,54183.538669,54183.597243
R1237:54183.569985,0.030859,54183.570037,54183.597321,54183.628181
R1238:54183.725704,0.068169,54183.725755,54183.726287,54183.794458
R1239:54183.914485,0.037756,54183.914583,54183.914706,54183.952462
R1240:54184.033089,0.057650,54184.033134,54184.033190,54184.090841
R1241:54184.038817,0.060856,54184.073221,54184.090897,54184.151755
R1242:54184.063292,0.050662,54184.073228,54184.151817,54184.202480
R1243:54184.261970,0.003871,54184.262081,54184.262130,54184.266002
R1244:54184.267070,0.102728,54184.267089,54184.267165,54184.369893
R1245:54184.272001,0.001454,54184.308201,54184.369923,54184.371377
R1246:54184.328257,0.035865,54184.328306,54184.371413,54184.407279
R1247:54184.364341,0.081612,54184.364395,54184.407309,54184.488922
R1248:54184.373793,0.153612,54184.373834,54184.488981,54184.642594
R1249:54184.422733,0.068272,54184.422887,54184.642656,54184.710929
R1250:54184.431362,0.067966,54184.463343,54184.710980,54184.778946
R1251:54184.496211,0.004857,54184.496299,54184.779005,54184.783863
R1252:54184.581508,0.032899,54184.581616,54184.783888,54184.816788
R1253:54184.629804,0.019971,54184.629848,54184.816815,54184.836786
R1254:54184.697111,0.018669,54184.697158,54184.836839,54184.855510
R1255:54184.718637,0.017222,54184.718706,54184.855564,54184.872786
R1256:54184.882255,0.006011,54184.882371,54184.882467,54184.888479
R1257:54185.340800,0.116995,54185.340846,54185.340900,54185.457895
R1258:54185.787632,0.002679,54185.787691,54185.787767,54185.790446
R1259:54185.903434,0.082174,54185.903488,54185.904046,54185.986221
R1260:54186.222252,0.031539,54186.222431,54186.223015,54186.254555
R1261:54186.437288,0.015992,54186.437464,54186.437745,54186.453737
R1262:54186.587735,0.138891,54186.587785,54186.588219,54186.727111
R1263:54186.912827,0.027144,54186.912900,54186.913562,54186.945727
R1264:54186.919877,0.009142,54186.919943,54186.945821,54186.957670
R1265:54187.108838,0.028081,54187.109780,54187.109891,54187.137973
R1266:54187.124592,0.080582,54187.138037,54187.138050,54187.218632
R1267:54187.325603,0.021041,54187.325796,54187.325813,54187.346856
R1268:54187.387366,0.003920,54187.387558,54187.387570,54187.391491
R1269:54187.415198,0.035551,54187.415238,54187.418191,54187.455287
R1270:54187.508500,0.037976,54187.508586,54187.508647,54187.546624
R1271:54187.549500,0.024137,54187.549561,54187.549666,54187.573804
R1272:54187.683876,0.079368,54187.683965,54187.684083,54187.763452
R1273:54187.770469,0.025177,54187.770548,54187.770719,54187.795897
R1274:54187.798795,0.015377,54187.798827,54187.799122,54187.814499
R1275:54187.955720,0.073860,54187.955907,54187.956111,54188.029972
R1276:54187.974715,0.001919,54187.997234,54188.030011,54188.031931
R1277:54188.084691,0.062295,54188.084884,54188.084896,54188.147192
R1278:54188.088725,0.006602,54188.125377,54188.147259,54188.153862
R1279:54188.397844,0.100868,54188.397903,54188.397960,54188.498828
R1280:54188.409839,0.017471,54188.438288,54188.498897,54188.516369
R1281:54188.438543,0.011224,54188.438560,54188.516429,54188.527654
R1282:54188.467954,0.085462,54188.468009,54188.527720,54188.613183
R1283:54188.476406,0.023732,54188.476440,54188.613232,54188.636965
R1284:54188.542041,0.012253,54188.542090,54188.636989,54188.649243
R1285:54188.729458,0.016523,54188.729498,54188.729595,54188.746118
R1286:54188.911114,0.058076,54188.911173,54188.911772,54188.969849
R1287:54189.026643,0.025113,54189.026697,54189.027282,54189.052396
R1288:54189.117693,0.150688,54189.117724,54189.118423,54189.269113
R1289:54189.172688,0.020041,54189.172736,54189.269169,54189.289211
R1290:54189.303249,0.246465,54189.303305,54189.303473,54189.549939
R1291:54189.323820,0.148024,54189.323869,54189.550000,54189.698025
R1292:54189.332988,0.007974,54189.333049,54189.698085,54189.706059
R1293:54189.335758,0.000296,54189.335777,54189.706111,54189.706408
R1294:54189.425985,0.078456,54189.426017,54189.706424,54189.784927
R1295:54189.452745,0.041266,54189.452784,54189.784990,54189.826259
R1296:54189.624975,0.009293,54189.625028,54189.826325,54189.835619
R1297:54189.632996,0.010045,54189.633075,54189.835684,54189.845730
R1298:54189.753526,0.018375,54189.753573,54189.845884,54189.864373
R1299:54190.126595,0.107281,54190.126677,54190.126763,54190.234044
R1300:54190.195215,0.029588,54190.195268,54190.234109,54190.263698
R1301:54190.257381,0.016033,54190.257430,54190.264233,54190.280308
R1302:54190.272515,0.088223,54190.272574,54190.280376,54190.368600
R1303:54190.284630,0.047877,54190.284678,54190.368659,54190.416537
R1304:54190.376937,0.030776,54190.376982,54190.416594,54190.447370
R1305:54190.503069,0.267508,54190.503105,54190.503638,54190.771147
R1306:54190.747125,0.002478,54190.747214,54190.771201,54190.773679
R1307:54190.797568,0.032969,54190.797620,54190.797669,54190.830639
R1308:54191.037148,0.046315,54191.037311,54191.037581,54191.083902
R1309:54191.055564,0.031448,54191.079114,54191.083958,54191.115407
R1310:54191.111552,0.022443,54191.111800,54191.115493,54191.137937
R1311:54191.153875,0.032930,54191.154095,54191.154112,54191.187047
R1312:54191.156579,0.078445,54191.156740,54191.187125,54191.265570
R1313:54191.220253,0.036684,54191.220321,54191.265614,54191.302299
R1314:54191.311509,0.012702,54191.311554,54191.311679,54191.324381
R1315:54191.320370,0.048926,54191.320395,54191.324436,54191.373363
R1316:54191.363545,0.041882,54191.363575,54191.373405,54191.415287
R1317:54191.456313,0.081642,54191.456369,54191.456444,54191.538086
R1318:54191.647075,0.041926,54191.647110,54191.647216,54191.689143
R1319:54191.689268,0.009655,54191.689295,54191.689872,54191.699528
R1320:54191.734901,0.022878,54191.734968,54191.736111,54191.758991
R1321:54191.737366,0.032666,54191.759517,54191.759582,54191.792261
R1322:54191.753065,0.006070,54191.759557,54191.792321,54191.798391
R1323:54191.797866,0.047245,54191.798076,54191.798415,54191.845660
R1324:54192.071635,0.030006,54192.071805,54192.071833,54192.101840
R1325:54192.177332,0.006055,54192.177382,54192.177444,54192.183499
R1326:54192.184273,0.005652,54192.184301,54192.184782,54192.190435
R1327:54192.324046,0.021092,54192.324102,54192.324998,54192.346189
R1328:54192.399803,0.015117,54192.399855,54192.401007,54192.416125
R1329:54192.590667,0.307689,54192.590754,54192.591826,54192.899517
R1330:54192.757251,0.015522,54192.757283,54192.899626,54192.915149
R1331:54192.812857,0.008495,54192.812906,54192.915230,54192.923739
R1332:54192.894525,0.036749,54192.894616,54192.923832,54192.960581
R1333:54193.044449,0.013077,54193.044973,54193.045153,54193.058232
R1334:54193.314670,0.024035,54193.314985,54193.314995,54193.339031
R1335:54193.322511,0.006132,54193.339252,54193.339380,54193.345512
R1336:54193.365947,0.042972,54193.366337,54193.366346,54193.409319
R1337:54193.481275,0.008978,54193.481331,54193.481383,54193.490361
R1338:54193.556799,0.040779,54193.556847,54193.557325,54193.598105
R1339:54193.654761,0.026315,54193.654814,54193.655339,54193.681655
R1340:54193.779444,0.096131,54193.779484,54193.779629,54193.875761
R1341:54193.780356,0.086236,54193.820118,54193.875803,54193.962040
R1342:54193.842195,0.006378,54193.842234,54193.962095,54193.968473
R1343:54194.111947,0.098051,54194.112000,54194.112489,54194.210540
R1344:54194.127224,0.001520,54194.153310,54194.210601,54194.212122
R1345:54194.167448,0.100468,54194.167487,54194.212167,54194.312636
R1346:54194.329989,0.032617,54194.330100,54194.330552,54194.363169
R1347:54194.359626,0.007019,54194.359658,54194.363197,54194.370217
R1348:54194.361608,0.203842,54194.361632,54194.370229,54194.574071
R1349:54195.025254,0.004594,54195.025311,54195.025361,54195.029956
R1350:54195.062773,0.072806,54195.063036,54195.063046,54195.135853
R1351:54195.100746,0.006025,54195.103355,54195.135918,54195.141944
R1352:54195.119747,0.080048,54195.119807,54195.141978,54195.222027
R1353:54195.154934,0.001749,54195.154981,54195.222610,54195.224366
R1354:54195.182265,0.002751,54195.182332,54195.224425,54195.227177
R1355:54195.219066,0.022690,54195.222591,54195.227197,54195.249888
R1356:54195.268018,0.170363,54195.268081,54195.268372,54195.438736
R1357:54195.466397,0.101239,54195.466460,54195.466516,54195.567756
R1358:54195.484083,0.021732,54195.484129,54195.567788,54195.589522
R1359:54195.492126,0.031489,54195.492160,54195.589545,54195.621035
R1360:54195.601005,0.043904,54195.601148,54195.621053,54195.664958
R1361:54195.642249,0.056860,54195.642263,54195.665005,54195.721866
R1362:54195.676294,0.021955,54195.676432,54195.722664,54195.744620
R1363:54195.682190,0.003267,54195.717172,54195.744646,54195.747913
R1364:54195.821186,0.009400,54195.821240,54195.821793,54195.831512
R1365:54195.855819,0.060721,54195.855866,54195.856580,54195.917302
R1366:54195.869766,0.021865,54195.897280,54195.917356,54195.939221
R1367:54196.101890,0.016544,54196.101946,54196.102462,54196.119007
R1368:54196.243439,0.004966,54196.243534,54196.243611,54196.248577
R1369:54196.257421,0.035508,54196.257466,54196.257894,54196.293403
R1370:54196.289333,0.071291,54196.293450,54196.293462,54196.364754
R1371:54196.302884,0.002849,54196.333234,54196.364791,54196.367640
R1372:54196.475096,0.003083,54196.475607,54196.475617,54196.478700
R1373:54196.583294,0.083880,54196.583332,54196.583747,54196.667628
R1374:54196.797458,0.052581,54196.797639,54196.797976,54196.850557
R1375:54196.841897,0.079179,54196.841953,54196.850593,54196.929773
R1376:54196.869431,0.047555,54196.869459,54196.929826,54196.977382
R1377:54196.891855,0.017737,54196.910314,54196.977455,54196.995192
R1378:54196.945469,0.016726,54196.945519,54196.995246,54197.011972
R1379:54197.235241,0.018372,54197.235280,54197.235309,54197.253681
R1380:54197.272800,0.035965,54197.272880,54197.274142,54197.310108
R1381:54197.323631,0.025040,54197.323678,54197.324349,54197.349389
R1382:54197.324622,0.087801,54197.349449,54197.349996,54197.437798
R1383:54197.492907,0.000992,54197.492957,54197.493091,54197.494084
R1384:54197.586850,0.239881,54197.586883,54197.587045,54197.826927
R1385:54197.799424,0.003623,54197.799483,54197.827013,54197.830636
R1386:54197.862250,0.025650,54197.862307,54197.862455,54197.888106
R1387:54197.978412,0.032504,54197.978500,54197.978629,54198.011134
R1388:54197.989754,0.002493,54198.011215,54198.011234,54198.013727
R1389:54198.041370,0.103341,54198.041489,54198.041562,54198.144904
R1390:54198.070220,0.042390,54198.082327,54198.144967,54198.187409
R1391:54198.171204,0.136142,54198.171371,54198.187463,54198.323606
R1392:54198.264974,0.007671,54198.265021,54198.323740,54198.331412
R1393:54198.283429,0.008385,54198.305366,54198.331466,54198.339852
R1394:54198.306986,0.045173,54198.307067,54198.339911,54198.385084
R1395:54198.353925,0.106956,54198.353964,54198.385144,54198.492101
R1396:54198.405767,0.031981,54198.405808,54198.492156,54198.524138
R1397:54198.415702,0.184175,54198.446102,54198.524167,54198.708342
R1398:54198.443170,0.151672,54198.446109,54198.708377,54198.860049
R1399:54198.473268,0.012525,54198.473320,54198.860181,54198.872707
R1400:54198.907131,0.036969,54198.907188,54198.907249,54198.944219
R1401:54199.147370,0.059379,54199.147427,54199.147508,54199.206887
R1402:54199.176234,0.026957,54199.189238,54199.206947,54199.233905
R1403:54199.390938,0.024307,54199.391024,54199.391188,54199.415496
R1404:54199.406953,0.031200,54199.415559,54199.415588,54199.446789
R1405:54199.459193,0.008995,54199.459235,54199.459280,54199.468276
R1406:54199.484238,0.130584,54199.484290,54199.484821,54199.615414
R1407:54199.487402,0.012498,54199.525148,54199.615455,54199.627954
R1408:54199.496125,0.020167,54199.525151,54199.627975,54199.648143
R1409:54199.502105,0.034195,54199.525152,54199.648162,54199.682357
R1410:54199.541406,0.090840,54199.541440,54199.682421,54199.773262
R1411:54199.759504,0.001755,54199.759557,54199.773312,54199.775067
R1412:54199.799124,0.053035,54199.799186,54199.799305,54199.852341
R1413:54199.830331,0.047047,54199.840074,54199.852383,54199.899430
R1414:54199.831298,0.000193,54199.840078,54199.899485,54199.899678
R1415:54199.908946,0.039841,54199.908982,54199.909060,54199.948902
R1416:54200.057369,0.006551,54200.057423,54200.057473,54200.064024
R1417:54200.119839,0.029923,54200.120098,54200.120225,54200.150149
R1418:54200.143325,0.027005,54200.150206,54200.150219,54200.177225
R1419:54200.208018,0.000248,54200.208076,54200.208547,54200.208795
R1420:54200.358460,0.004922,54200.358499,54200.359076,54200.363999
R1421:54200.536317,0.124668,54200.536369,54200.537071,54200.661740
R1422:54200.551917,0.015637,54200.577230,54200.661782,54200.677428
R1423:54200.553683,0.004669,54200.577233,54200.678650,54200.683320
R1424:54200.566196,0.036088,54200.577235,54200.683369,54200.719458
R1425:54200.642833,0.037457,54200.642880,54200.719500,54200.756958
R1426:54200.716343,0.163656,54200.716374,54200.756989,54200.920647
R1427:54200.752589,0.054164,54200.752623,54200.920753,54200.974918
R1428:54200.821505,0.042322,54200.821556,54200.974977,54201.017301
R1429:54200.901718,0.012522,54200.901780,54201.017357,54201.029879
R1430:54200.928531,0.005411,54200.928630,54201.029917,54201.035329
R1431:54201.000409,0.005345,54201.000462,54201.035390,54201.040735
R1432:54201.123317,0.000758,54201.123369,54201.123818,54201.124577
R1433:54201.144763,0.072392,54201.144824,54201.145428,54201.217822
R1434:54201.211744,0.024475,54201.211780,54201.217854,54201.242330
R1435:54201.259020,0.018835,54201.259052,54201.259305,54201.278141
R1436:54201.381540,0.140218,54201.381584,54201.382361,54201.522579
R1437:54201.436329,0.034775,54201.436397,54201.522629,54201.557404
R1438:54201.458495,0.023085,54201.458547,54201.557434,54201.580520
R1439:54201.478365,0.082640,54201.478406,54201.580538,54201.663178
R1440:54201.553260,0.009610,54201.553473,54201.663240,54201.672850
R1441:54201.733128,0.013424,54201.733225,54201.733349,54201.746773
R1442:54201.767414,0.113858,54201.767497,54201.767796,54201.881655
R1443:54201.779863,0.069890,54201.809125,54201.881714,54201.951605
R1444:54201.969357,0.009210,54201.969442,54201.969544,54201.978755
R1445:54202.022273,0.002219,54202.022952,54202.023112,54202.025332
R1446:54202.327942,0.068358,54202.328026,54202.328216,54202.396576
R1447:54202.354426,0.034277,54202.368102,54202.396639,54202.430916
R1448:54202.367551,0.059621,54202.368107,54202.430978,54202.490599
R1449:54202.486636,0.010696,54202.486684,54202.490637,54202.501334
R1450:54202.511999,0.001573,54202.512053,54202.512220,54202.513793
R1451:54202.519458,0.041552,54202.519509,54202.519658,54202.561264
R1452:54202.578486,0.066918,54202.578540,54202.578567,54202.645485
R1453:54202.871995,0.009827,54202.872120,54202.872863,54202.882690
R1454:54202.877862,0.053343,54202.877900,54202.883136,54202.936480
R1455:54202.887428,0.237876,54202.887458,54202.936517,54203.174394
R1456:54203.248868,0.019477,54203.248927,54203.248941,54203.268419
R1457:54203.397060,0.171675,54203.397284,54203.397397,54203.569072
R1458:54203.418667,0.006610,54203.439358,54203.569120,54203.575731
R1459:54203.439469,0.058325,54203.439896,54203.575764,54203.634089
R1460:54203.545827,0.059370,54203.546339,54203.634192,54203.693562
R1461:54203.574870,0.041376,54203.574905,54203.693618,54203.734995
R1462:54203.684717,0.104676,54203.684765,54203.735032,54203.839709
R1463:54203.733277,0.011181,54203.733322,54203.839764,54203.850947
R1464:54203.738514,0.019294,54203.738530,54203.850994,54203.870289
R1465:54203.809575,0.053478,54203.809610,54203.870346,54203.923825
R1466:54203.851300,0.114848,54203.851371,54203.923898,54204.038747
R1467:54203.887426,0.019395,54203.887446,54204.038793,54204.058189
R1468:54203.908344,0.016901,54203.923886,54204.058251,54204.075153
R1469:54203.992899,0.068262,54203.992957,54204.075182,54204.143444
R1470:54204.050776,0.033362,54204.050805,54204.143503,54204.176866
R1471:54204.289202,0.074251,54204.289233,54204.289305,54204.363557
R1472:54204.400342,0.164785,54204.400399,54204.400774,54204.565560
R1473:54204.538971,0.001500,54204.539020,54204.565593,54204.567093
R1474:54204.651925,0.030978,54204.651975,54204.652908,54204.683887
R1475:54204.659594,0.023810,54204.683970,54204.684683,54204.708494
R1476:54204.765169,0.029897,54204.765223,54204.765765,54204.795663
R1477:54204.779495,0.045436,54204.795724,54204.796186,54204.841623
R1478:54205.016457,0.000038,54205.016666,54205.016683,54205.016976
R1479:54205.049623,0.115162,54205.049837,54205.050146,54205.165398
R1480:54205.182808,0.010555,54205.183305,54205.183321,54205.193877
R1481:54205.215340,0.055740,54205.215408,54205.215445,54205.271186
R1482:54205.283341,0.075288,54205.283430,54205.283844,54205.359133
R1483:54205.292319,0.064896,54205.292446,54205.359225,54205.424121
R1484:54205.712793,0.034012,54205.712851,54205.713325,54205.747511
R1485:54205.718530,0.000387,54205.718557,54205.747622,54205.748010
R1486:54205.771802,0.011639,54205.771863,54205.771960,54205.783600
R1487:54206.099565,0.078004,54206.099621,54206.100141,54206.178146
R1488:54206.226365,0.036954,54206.226427,54206.227190,54206.264145
R1489:54206.242089,0.014881,54206.242139,54206.264204,54206.279086
R1490:54206.384866,0.038559,54206.384947,54206.385757,54206.424317
R1491:54206.731025,0.007603,54206.731145,54206.732276,54206.739880
R1492:54206.815534,0.043138,54206.815585,54206.816027,54206.859166
R1493:54207.181440,0.018873,54207.181580,54207.181673,54207.200547
R1494:54207.293250,0.038325,54207.293310,54207.293948,54207.332273
R1495:54207.365428,0.114973,54207.365708,54207.366184,54207.481161
R1496:54207.385672,0.073782,54207.406173,54207.481220,54207.555002
R1497:54207.493739,0.084479,54207.493785,54207.555058,54207.639538
R1498:54207.564534,0.041650,54207.564577,54207.639593,54207.681244
R1499:54207.631242,0.047660,54207.631293,54207.681362,54207.729023
