R0:54221.661606,0.050000,54221.662374,54221.662382,54221.712382
R1:54221.802754,0.050000,54221.802936,54221.802947,54221.852948
R2:54221.841564,0.050000,54221.841639,54221.852992,54221.902993
R3:54221.959347,0.050000,54221.959440,54221.959890,54222.009891
R4:54222.082678,0.050000,54222.082763,54222.083137,54222.133138
R5:54222.269445,0.050000,54222.269518,54222.269888,54222.319903
R6:54222.286487,0.050000,54222.286562,54222.319961,54222.369962
R7:54222.318012,0.050000,54222.318090,54222.370013,54222.420014
R8:54222.430558,0.050000,54222.430623,54222.430789,54222.480790
R9:54222.455671,0.050000,54222.471381,54222.480832,54222.530832
R10:54222.518171,0.050000,54222.518318,54222.530884,54222.580885
R11:54222.568594,0.050000,54222.568690,54222.580924,54222.630925
R12:54222.645426,0.050000,54222.645553,54222.645818,54222.695818
R13:54222.680653,0.050000,54222.686247,54222.695848,54222.745848
R14:54222.736320,0.050000,54222.736649,54222.745904,54222.795904
R15:54222.970384,0.050000,54222.970610,54222.970629,54223.020630
R16:54223.161327,0.050000,54223.161385,54223.161521,54223.211522
R17:54223.239182,0.050000,54223.239302,54223.239442,54223.289443
R18:54223.336533,0.050000,54223.336645,54223.336725,54223.386726
R19:54223.348425,0.050000,54223.348481,54223.386784,54223.436788
R20:54223.420391,0.050000,54223.420442,54223.437178,54223.487199
R21:54223.421759,0.050000,54223.437120,54223.487239,54223.537240
R22:54223.443228,0.050000,54223.477251,54223.537297,54223.587297
R23:54223.454644,0.050000,54223.477255,54223.587369,54223.637369
R24:54223.580129,0.050000,54223.580200,54223.637441,54223.687441
R25:54223.593362,0.050000,54223.593397,54223.687475,54223.737476
R26:54223.632875,0.050000,54223.634172,54223.737518,54223.787518
R27:54223.643622,0.050000,54223.643654,54223.787576,54223.837577
R28:54223.652576,0.050000,54223.684195,54223.837638,54223.887639
R29:54224.178471,0.050000,54224.178528,54224.179300,54224.229301
R30:54224.197541,0.050000,54224.219413,54224.229353,54224.279354
R31:54224.252941,0.050000,54224.252988,54224.279406,54224.329407
R32:54224.393591,0.050000,54224.393787,54224.393798,54224.443799
R33:54224.466691,0.050000,54224.466886,54224.466897,54224.516898
R34:54224.493841,0.050000,54224.493899,54224.516942,54224.566942
R35:54224.572015,0.050000,54224.572217,54224.572227,54224.622228
R36:54224.629305,0.050000,54224.629497,54224.629520,54224.679521
R37:54224.681870,0.050000,54224.682015,54224.682024,54224.732025
R38:54224.959269,0.050000,54224.959338,54224.959349,54225.009350
R39:54224.986191,0.050000,54224.986281,54225.009403,54225.059404
R40:54225.099885,0.050000,54225.099945,54225.100879,54225.150880
R41:54225.157565,0.050000,54225.157624,54225.158442,54225.208443
R42:54225.270717,0.050000,54225.271462,54225.271471,54225.321483
R43:54225.310198,0.050000,54225.310249,54225.321562,54225.371562
R44:54225.481202,0.050000,54225.481283,54225.481425,54225.531426
R45:54225.507001,0.050000,54225.522675,54225.531506,54225.581507
R46:54225.540511,0.050000,54225.540554,54225.581550,54225.631552
R47:54225.667510,0.050000,54225.667721,54225.667732,54225.717733
R48:54225.861014,0.050000,54225.861069,54225.861540,54225.911541
R49:54225.866686,0.050000,54225.866722,54225.911593,54225.961593
R50:54226.096217,0.050000,54226.096264,54226.096706,54226.146716
R51:54226.153771,0.050000,54226.153841,54226.154425,54226.204433
R52:54226.160833,0.050000,54226.160855,54226.204660,54226.254661
R53:54226.177339,0.050000,54226.177388,54226.254693,54226.304694
R54:54226.261176,0.050000,54226.261198,54226.304740,54226.354741
R55:54226.431248,0.050000,54226.432004,54226.432110,54226.482111
R56:54226.464608,0.050000,54226.464659,54226.482215,54226.532216
R57:54226.470012,0.050000,54226.470072,54226.532535,54226.582535
R58:54226.472098,0.050000,54226.472157,54226.582574,54226.632574
R59:54226.519712,0.050000,54226.519819,54226.632622,54226.682624
R60:54226.525575,0.050000,54226.532353,54226.682680,54226.733278
R61:54226.547367,0.050000,54226.573313,54226.733340,54226.783341
R62:54226.819283,0.050000,54226.819347,54226.820066,54226.870066
R63:54226.998261,0.050000,54226.998317,54226.998467,54227.048468
R64:54227.144843,0.050000,54227.144904,54227.145519,54227.195520
R65:54227.168847,0.050000,54227.168919,54227.195587,54227.245588
R66:54227.228700,0.050000,54227.228742,54227.245653,54227.295654
R67:54227.265334,0.050000,54227.265440,54227.295708,54227.345752
R68:54227.375547,0.050000,54227.375603,54227.375611,54227.430314
R69:54227.432339,0.050000,54227.432409,54227.432501,54227.482502
R70:54227.517268,0.050000,54227.518129,54227.518138,54227.568139
R71:54227.575905,0.050000,54227.575962,54227.576032,54227.626093
R72:54227.579154,0.050000,54227.579194,54227.626180,54227.676181
R73:54227.624404,0.050000,54227.624460,54227.676239,54227.726240
R74:54227.831794,0.050000,54227.831842,54227.831978,54227.888160
R75:54228.037473,0.050000,54228.037554,54228.038142,54228.088143
R76:54228.136502,0.050000,54228.136721,54228.136966,54228.186967
R77:54228.162556,0.050000,54228.162605,54228.187020,54228.237021
R78:54228.265860,0.050000,54228.265914,54228.267102,54228.317102
R79:54228.344568,0.050000,54228.344648,54228.345689,54228.395690
R80:54228.378350,0.050000,54228.378428,54228.395753,54228.445753
R81:54228.468209,0.050000,54228.468254,54228.468733,54228.518734
R82:54228.482513,0.050000,54228.509123,54228.518793,54228.568794
R83:54228.527359,0.050000,54228.527406,54228.568833,54228.618834
R84:54228.690891,0.050000,54228.690945,54228.696359,54228.746383
R85:54228.826968,0.050000,54228.827030,54228.827524,54228.877525
R86:54228.858231,0.050000,54228.858304,54228.877592,54228.927593
R87:54228.878536,0.050000,54228.878627,54228.927653,54228.977654
R88:54229.050966,0.050000,54229.051074,54229.060007,54229.110007
R89:54229.084464,0.050000,54229.084523,54229.110058,54229.160059
R90:54229.174209,0.050000,54229.174250,54229.174399,54229.224400
R91:54229.415483,0.050000,54229.415557,54229.415643,54229.465644
R92:54229.484153,0.050000,54229.484210,54229.484220,54229.534221
R93:54229.566702,0.050000,54229.566759,54229.567226,54229.617227
R94:54229.720641,0.050000,54229.720695,54229.721555,54229.771556
R95:54229.765348,0.050000,54229.765412,54229.771644,54229.821645
R96:54229.963675,0.050000,54229.964072,54229.964112,54230.014113
R97:54230.002898,0.050000,54230.004101,54230.014182,54230.064183
R98:54230.132666,0.050000,54230.132715,54230.133112,54230.183113
R99:54230.225292,0.050000,54230.225513,54230.230372,54230.280373
R100:54230.411761,0.050000,54230.412296,54230.412432,54230.462433
R101:54230.462511,0.050000,54230.462528,54230.462568,54230.512569
R102:54230.481307,0.050000,54230.481357,54230.512625,54230.562625
R103:54230.712284,0.050000,54230.712337,54230.712802,54230.762803
R104:54230.906847,0.050000,54230.906906,54230.907448,54230.957449
R105:54230.919303,0.050000,54230.919350,54230.957511,54231.007512
R106:54231.083189,0.050000,54231.083232,54231.083663,54231.133664
R107:54231.162157,0.050000,54231.162275,54231.162727,54231.215376
R108:54231.213526,0.050000,54231.213641,54231.215610,54231.271002
R109:54231.288442,0.050000,54231.288597,54231.288997,54231.338998
R110:54231.314333,0.050000,54231.329263,54231.339060,54231.389061
R111:54231.433028,0.050000,54231.433084,54231.433542,54231.483617
R112:54231.461424,0.050000,54231.473286,54231.483813,54231.533846
R113:54231.507622,0.050000,54231.507652,54231.533913,54231.583913
R114:54231.528029,0.050000,54231.533900,54231.583946,54231.633947
R115:54231.544488,0.050000,54231.574252,54231.633979,54231.683979
R116:54231.569623,0.050000,54231.574260,54231.684080,54231.734098
R117:54231.632684,0.050000,54231.632725,54231.734141,54231.784152
R118:54231.674688,0.050000,54231.674735,54231.784208,54231.834209
R119:54231.689416,0.050000,54231.689465,54231.834285,54231.884286
R120:54231.873188,0.050000,54231.873256,54231.884315,54231.934315
R121:54231.883958,0.050000,54231.884009,54231.934368,54231.984369
R122:54231.895658,0.050000,54231.895748,54231.984428,54232.034430
R123:54231.949448,0.050000,54231.949491,54232.034510,54232.084511
R124:54232.059954,0.050000,54232.060161,54232.084566,54232.134567
R125:54232.382094,0.050000,54232.382175,54232.382186,54232.432207
R126:54232.592719,0.050000,54232.593269,54232.593278,54232.643279
R127:54232.681700,0.050000,54232.682391,54232.682400,54232.732438
R128:54232.720041,0.050000,54232.720424,54232.732501,54232.783354
R129:54232.827123,0.050000,54232.827180,54232.827897,54232.877897
R130:54232.862632,0.050000,54232.868129,54232.877957,54232.927958
R131:54232.889478,0.050000,54232.889515,54232.928044,54232.978045
R132:54232.916369,0.050000,54232.928029,54232.978093,54233.028094
R133:54232.984069,0.050000,54232.984118,54233.028154,54233.078155
R134:54233.005891,0.050000,54233.005961,54233.078214,54233.128214
R135:54233.018802,0.050000,54233.018854,54233.128254,54233.178255
R136:54233.120378,0.050000,54233.120428,54233.178300,54233.228301
R137:54233.130829,0.050000,54233.130852,54233.228358,54233.278566
R138:54233.252452,0.050000,54233.252484,54233.278646,54233.328646
R139:54233.266566,0.050000,54233.266606,54233.328687,54233.378687
R140:54233.372606,0.050000,54233.372653,54233.378739,54233.428740
R141:54233.380283,0.050000,54233.380372,54233.428808,54233.478809
R142:54233.612561,0.050000,54233.612611,54233.612670,54233.662671
R143:54233.617007,0.050000,54233.617029,54233.662732,54233.712899
R144:54233.673906,0.050000,54233.673940,54233.712930,54233.762931
R145:54233.689039,0.050000,54233.689085,54233.762985,54233.812986
R146:54233.712666,0.050000,54233.712729,54233.813043,54233.863058
R147:54233.835992,0.050000,54233.836037,54233.863116,54233.913117
R148:54233.937865,0.050000,54233.937920,54233.938059,54233.988060
R149:54234.020457,0.050000,54234.020555,54234.020746,54234.070748
R150:54234.283944,0.050000,54234.283996,54234.285326,54234.335327
R151:54234.362535,0.050000,54234.362598,54234.363270,54234.413271
R152:54234.472363,0.050000,54234.472417,54234.472897,54234.522899
R153:54234.480052,0.050000,54234.480106,54234.522958,54234.572959
R154:54234.493321,0.050000,54234.493382,54234.573034,54234.623046
R155:54234.549972,0.050000,54234.550029,54234.623079,54234.673080
R156:54234.556333,0.050000,54234.573019,54234.673127,54234.723136
R157:54234.561969,0.050000,54234.573023,54234.723195,54234.773242
R158:54234.579644,0.050000,54234.614351,54234.773382,54234.823384
R159:54234.627294,0.050000,54234.627329,54234.823444,54234.873445
R160:54234.759203,0.050000,54234.759307,54234.873506,54234.923507
R161:54234.824900,0.050000,54234.824927,54234.923566,54234.973566
R162:54234.933383,0.050000,54234.933440,54234.973622,54235.024289
R163:54234.937639,0.050000,54234.937735,54235.024351,54235.074352
R164:54234.951078,0.050000,54234.951162,54235.074408,54235.124409
R165:54235.870831,0.050000,54235.870885,54235.870999,54235.932515
R166:54235.888593,0.050000,54235.911216,54235.953102,54236.003103
R167:54236.058470,0.050000,54236.058624,54236.058636,54236.108637
R168:54236.068973,0.050000,54236.099306,54236.108688,54236.158688
R169:54236.539747,0.050000,54236.539796,54236.539834,54236.589834
R170:54236.544137,0.050000,54236.580274,54236.589890,54236.639891
R171:54236.701471,0.050000,54236.701535,54236.701590,54236.751591
R172:54236.707434,0.050000,54236.742291,54236.751642,54236.801643
R173:54236.707769,0.050000,54236.742295,54236.801699,54236.851699
R174:54236.905202,0.050000,54236.905422,54236.906171,54236.956253
R175:54236.974823,0.050000,54236.974885,54236.975442,54237.025443
R176:54236.990294,0.050000,54236.990345,54237.025482,54237.075483
R177:54237.004146,0.050000,54237.004226,54237.075542,54237.125543
R178:54237.042725,0.050000,54237.042772,54237.125601,54237.175602
R179:54237.230740,0.050000,54237.230791,54237.231230,54237.281231
R180:54237.362639,0.050000,54237.362734,54237.362920,54237.412921
R181:54237.397113,0.050000,54237.397246,54237.412987,54237.463009
R182:54237.459329,0.050000,54237.459377,54237.463097,54237.513118
R183:54237.526325,0.050000,54237.526446,54237.527250,54237.577250
R184:54237.573169,0.050000,54237.573255,54237.577343,54237.627344
R185:54237.663782,0.050000,54237.663863,54237.664148,54237.714149
R186:54237.673589,0.050000,54237.704146,54237.714187,54237.764187
R187:54237.732842,0.050000,54237.732880,54237.764256,54237.814257
R188:54237.841888,0.050000,54237.841922,54237.842781,54237.892782
R189:54237.869928,0.050000,54237.882651,54237.892854,54237.942855
R190:54238.243676,0.050000,54238.243879,54238.244398,54238.294399
R191:54238.310149,0.050000,54238.310203,54238.310663,54238.360664
R192:54238.471851,0.050000,54238.471972,54238.471985,54238.521986
R193:54238.577945,0.050000,54238.578128,54238.578138,54238.628139
R194:54238.654364,0.050000,54238.654926,54238.654934,54238.704935
R195:54238.657277,0.050000,54238.657309,54238.704983,54238.754983
R196:54238.763337,0.050000,54238.763399,54238.763443,54238.813443
R197:54238.901301,0.050000,54238.901353,54238.901489,54238.951490
R198:54239.101094,0.050000,54239.101146,54239.101612,54239.151613
R199:54239.260113,0.050000,54239.260219,54239.260689,54239.310690
R200:54239.397158,0.050000,54239.397227,54239.397749,54239.447751
R201:54239.696177,0.050000,54239.696301,54239.696855,54239.746856
R202:54239.801067,0.050000,54239.801131,54239.801645,54239.851646
R203:54239.980955,0.050000,54239.981038,54239.981236,54240.031237
R204:54240.297367,0.050000,54240.297491,54240.297628,54240.347629
R205:54240.382175,0.050000,54240.382259,54240.382406,54240.432407
R206:54240.435296,0.050000,54240.435375,54240.435492,54240.485493
R207:54240.449271,0.050000,54240.449326,54240.485546,54240.535550
R208:54240.585696,0.050000,54240.585743,54240.586048,54240.636049
R209:54240.754901,0.050000,54240.754964,54240.755578,54240.805615
R210:54240.761192,0.050000,54240.761239,54240.805846,54240.855847
R211:54240.842312,0.050000,54240.842383,54240.855883,54240.905884
R212:54240.864642,0.050000,54240.864688,54240.905922,54240.955923
R213:54240.941957,0.050000,54240.942075,54240.955972,54241.005973
R214:54240.962583,0.050000,54240.962667,54241.006009,54241.056009
R215:54241.056531,0.050000,54241.056815,54241.057101,54241.107101
R216:54241.086285,0.050000,54241.086340,54241.107191,54241.157200
R217:54241.117148,0.050000,54241.117190,54241.157248,54241.207248
R218:54241.137662,0.050000,54241.157235,54241.207285,54241.257286
R219:54241.143935,0.050000,54241.157237,54241.257342,54241.307343
R220:54241.221563,0.050000,54241.221617,54241.307385,54241.357385
R221:54241.241209,0.050000,54241.241265,54241.357433,54241.407434
R222:54241.322462,0.050000,54241.322497,54241.407493,54241.457494
R223:54241.378252,0.050000,54241.378302,54241.457526,54241.507527
R224:54241.652340,0.050000,54241.652418,54241.652651,54241.702652
R225:54241.677877,0.050000,54241.693287,54241.702698,54241.752699
R226:54241.738706,0.050000,54241.738757,54241.752744,54241.802745
R227:54241.836565,0.050000,54241.836617,54241.837268,54241.887269
R228:54241.845922,0.050000,54241.877300,54241.887301,54241.937302
R229:54241.895020,0.050000,54241.895085,54241.937343,54241.987344
R230:54241.964211,0.050000,54241.964251,54241.987401,54242.037402
R231:54242.186507,0.050000,54242.186592,54242.186694,54242.236694
R232:54242.232803,0.050000,54242.232834,54242.236733,54242.286734
R233:54242.264435,0.050000,54242.264482,54242.286783,54242.336783
R234:54242.409292,0.050000,54242.409326,54242.409750,54242.459751
R235:54242.453249,0.050000,54242.453299,54242.459814,54242.509815
R236:54242.453560,0.050000,54242.453568,54242.509888,54242.559889
R237:54242.486213,0.050000,54242.486337,54242.559930,54242.609931
R238:54242.556641,0.050000,54242.556697,54242.609992,54242.659994
R239:54242.694566,0.050000,54242.694631,54242.694737,54242.744737
R240:54242.715266,0.050000,54242.735303,54242.744805,54242.794806
R241:54242.802376,0.050000,54242.802423,54242.802448,54242.852449
R242:54242.853297,0.050000,54242.853326,54242.853434,54242.903435
R243:54242.904074,0.050000,54242.904106,54242.904201,54242.954211
R244:54242.932474,0.050000,54242.932535,54242.954269,54243.004270
R245:54243.028603,0.050000,54243.028645,54243.028761,54243.078761
R246:54243.044482,0.050000,54243.069323,54243.078813,54243.128936
R247:54243.119614,0.050000,54243.119683,54243.129012,54243.179012
R248:54243.123152,0.050000,54243.128998,54243.179076,54243.229077
R249:54243.164357,0.050000,54243.169371,54243.229152,54243.279152
R250:54243.256030,0.050000,54243.256138,54243.279738,54243.329739
R251:54243.342409,0.050000,54243.342449,54243.342525,54243.392526
R252:54243.420603,0.050000,54243.420655,54243.420797,54243.470797
R253:54243.453685,0.050000,54243.453729,54243.470826,54243.520827
R254:54243.469832,0.050000,54243.469888,54243.520873,54243.570874
R255:54243.542365,0.050000,54243.542412,54243.570935,54243.620936
R256:54243.618508,0.050000,54243.618582,54243.621004,54243.671005
R257:54243.719689,0.050000,54243.719736,54243.719745,54243.769746
R258:54243.750432,0.050000,54243.760305,54243.769805,54243.819806
R259:54243.854271,0.050000,54243.854880,54243.854889,54243.904890
R260:54243.871737,0.050000,54243.895257,54243.904930,54243.954931
R261:54244.066976,0.050000,54244.067175,54244.067226,54244.117227
R262:54244.155931,0.050000,54244.156159,54244.156182,54244.206183
R263:54244.237539,0.050000,54244.237604,54244.237670,54244.287671
R264:54244.260551,0.050000,54244.260606,54244.287730,54244.337731
R265:54244.319172,0.050000,54244.319246,54244.337815,54244.387815
R266:54244.326365,0.050000,54244.337800,54244.387873,54244.437874
R267:54244.349643,0.050000,54244.378317,54244.437918,54244.487919
R268:54244.511205,0.050000,54244.511259,54244.511282,54244.561283
R269:54244.600427,0.050000,54244.600635,54244.600645,54244.650646
R270:54244.608152,0.050000,54244.608214,54244.650679,54244.700681
R271:54244.617339,0.050000,54244.617369,54244.700731,54244.750731
R272:54244.651969,0.050000,54244.652034,54244.750815,54244.800816
R273:54244.718458,0.050000,54244.718533,54244.800871,54244.850872
R274:54244.787838,0.050000,54244.787917,54244.850904,54244.900905
R275:54244.872482,0.050000,54244.872527,54244.900993,54244.950994
R276:54244.898809,0.050000,54244.900970,54244.951051,54245.001054
R277:54245.014340,0.050000,54245.014516,54245.014551,54245.064552
R278:54245.041340,0.050000,54245.041401,54245.064600,54245.114601
R279:54245.073112,0.050000,54245.073154,54245.114633,54245.164634
R280:54245.090557,0.050000,54245.114159,54245.164682,54245.214682
R281:54245.411125,0.050000,54245.411179,54245.411326,54245.461327
R282:54245.411586,0.050000,54245.452220,54245.461437,54245.511438
R283:54245.546813,0.050000,54245.546923,54245.547036,54245.597037
R284:54245.578015,0.050000,54245.587303,54245.597267,54245.647279
R285:54245.594162,0.050000,54245.594232,54245.647324,54245.697324
R286:54245.638423,0.050000,54245.638476,54245.697384,54245.747385
R287:54245.883567,0.050000,54245.883652,54245.883782,54245.933782
R288:54246.077020,0.050000,54246.077114,54246.077246,54246.127248
R289:54246.188571,0.050000,54246.188628,54246.188744,54246.238745
R290:54246.281104,0.050000,54246.281165,54246.281799,54246.331801
R291:54246.291195,0.050000,54246.291245,54246.331858,54246.382008
R292:54246.380392,0.050000,54246.380429,54246.382095,54246.432096
R293:54246.418223,0.050000,54246.418306,54246.432196,54246.482197
R294:54246.533296,0.050000,54246.533349,54246.533406,54246.583437
R295:54246.753940,0.050000,54246.753996,54246.754489,54246.804489
R296:54246.944876,0.050000,54246.944935,54246.945653,54246.995654
R297:54247.097294,0.050000,54247.097342,54247.097865,54247.147865
R298:54247.114903,0.050000,54247.114944,54247.147914,54247.197915
R299:54247.236429,0.050000,54247.236472,54247.236728,54247.286729
R300:54247.297677,0.050000,54247.297765,54247.298268,54247.348269
R301:54247.325022,0.050000,54247.325071,54247.348316,54247.398317
R302:54247.506174,0.050000,54247.506234,54247.506860,54247.556864
R303:54247.691283,0.050000,54247.691346,54247.691933,54247.745521
R304:54247.850716,0.050000,54247.850753,54247.850782,54247.900783
R305:54247.903868,0.050000,54247.903895,54247.904245,54247.954246
R306:54247.970016,0.050000,54247.970057,54247.970550,54248.020551
R307:54247.983783,0.050000,54247.983821,54248.020593,54248.070594
R308:54248.008530,0.050000,54248.008562,54248.070640,54248.120641
R309:54248.162426,0.050000,54248.162479,54248.162942,54248.212943
R310:54248.214812,0.050000,54248.214838,54248.215283,54248.265283
R311:54248.263058,0.050000,54248.263097,54248.265313,54248.315314
R312:54248.408555,0.050000,54248.408598,54248.409118,54248.459119
R313:54248.461374,0.050000,54248.461440,54248.461880,54248.511881
R314:54248.488031,0.050000,54248.488082,54248.511920,54248.561921
R315:54248.503456,0.050000,54248.503508,54248.561973,54248.611974
R316:54248.593548,0.050000,54248.593623,54248.612018,54248.662019
R317:54248.693932,0.050000,54248.693984,54248.694487,54248.744487
R318:54248.705636,0.050000,54248.734194,54248.744525,54248.794525
R319:54248.776873,0.050000,54248.776922,54248.794567,54248.844568
R320:54248.829337,0.050000,54248.829370,54248.844607,54248.894608
R321:54248.969841,0.050000,54248.969895,54248.970326,54249.020327
R322:54249.069086,0.050000,54249.069144,54249.069755,54249.119755
R323:54249.084391,0.050000,54249.084445,54249.119805,54249.169805
R324:54249.103806,0.050000,54249.103846,54249.169868,54249.219868
R325:54249.157166,0.050000,54249.157201,54249.219901,54249.269902
R326:54249.167363,0.050000,54249.169854,54249.269953,54249.319954
R327:54249.179006,0.050000,54249.211276,54249.319994,54249.369994
R328:54249.213614,0.050000,54249.213640,54249.370049,54249.420050
R329:54249.244156,0.050000,54249.244186,54249.420102,54249.470102
R330:54249.451416,0.050000,54249.451465,54249.470157,54249.520158
R331:54249.635969,0.050000,54249.636015,54249.636103,54249.686104
R332:54249.710960,0.050000,54249.711013,54249.711536,54249.770213
R333:54249.850566,0.050000,54249.850623,54249.850926,54249.900927
R334:54249.981813,0.050000,54249.981875,54249.982649,54250.032783
R335:54250.034639,0.050000,54250.034673,54250.035097,54250.085098
R336:54250.066157,0.050000,54250.066209,54250.085156,54250.135157
R337:54250.104841,0.050000,54250.104891,54250.135288,54250.185289
R338:54250.187667,0.050000,54250.187768,54250.187860,54250.237861
R339:54250.260100,0.050000,54250.260143,54250.260304,54250.310305
R340:54250.283269,0.050000,54250.283329,54250.310341,54250.360342
R341:54250.296006,0.050000,54250.296062,54250.360383,54250.410384
R342:54250.301896,0.050000,54250.301921,54250.410428,54250.460429
R343:54250.310736,0.050000,54250.310754,54250.460493,54250.510493
R344:54250.390955,0.050000,54250.391006,54250.510519,54250.560519
R345:54250.425825,0.050000,54250.425868,54250.560571,54250.610572
R346:54250.452089,0.050000,54250.460480,54250.610611,54250.660612
R347:54250.483115,0.050000,54250.502152,54250.660659,54250.710659
R348:54250.490578,0.050000,54250.502159,54250.710716,54250.760717
R349:54250.533583,0.050000,54250.533614,54250.760772,54250.810772
R350:54250.743353,0.050000,54250.743394,54250.810794,54250.860795
R351:54250.810846,0.050000,54250.810865,54250.860829,54250.910830
R352:54250.834656,0.050000,54250.851258,54250.910862,54250.960863
R353:54250.917439,0.050000,54250.917470,54250.960906,54251.010907
R354:54251.027891,0.050000,54251.027930,54251.028019,54251.078044
R355:54251.079501,0.050000,54251.079531,54251.079970,54251.130059
R356:54251.093247,0.050000,54251.093291,54251.130114,54251.180115
R357:54251.258669,0.050000,54251.258814,54251.259287,54251.309288
R358:54251.334497,0.050000,54251.334750,54251.335695,54251.385703
R359:54251.390978,0.050000,54251.391043,54251.391879,54251.441879
R360:54251.409063,0.050000,54251.409124,54251.441942,54251.491943
R361:54251.472234,0.050000,54251.472281,54251.492011,54251.542012
R362:54251.516030,0.050000,54251.516122,54251.542075,54251.592076
R363:54251.652586,0.050000,54251.652634,54251.653254,54251.703255
R364:54251.691339,0.050000,54251.693602,54251.703314,54251.753315
R365:54251.712960,0.050000,54251.713008,54251.753357,54251.803358
R366:54251.743420,0.050000,54251.753319,54251.803391,54251.853392
R367:54251.844566,0.050000,54251.844650,54251.853433,54251.903434
R368:54251.923062,0.050000,54251.923405,54251.923901,54251.973927
R369:54252.245491,0.050000,54252.246147,54252.246157,54252.296158
R370:54252.277408,0.050000,54252.277448,54252.296252,54252.346253
R371:54252.452784,0.050000,54252.453471,54252.453479,54252.503480
R372:54252.464175,0.050000,54252.493117,54252.503539,54252.553680
R373:54252.504907,0.050000,54252.504930,54252.553901,54252.603902
R374:54252.505388,0.050000,54252.545310,54252.604771,54252.654772
R375:54252.623621,0.050000,54252.623747,54252.655247,54252.705248
R376:54252.738996,0.050000,54252.739036,54252.739574,54252.789574
R377:54252.765851,0.050000,54252.779079,54252.789609,54252.839610
R378:54252.775268,0.050000,54252.779082,54252.839656,54252.889657
R379:54252.929680,0.050000,54252.929739,54252.929894,54252.979895
R380:54253.028002,0.050000,54253.028084,54253.028588,54253.078860
R381:54253.032014,0.050000,54253.032044,54253.078964,54253.128965
R382:54253.077988,0.050000,54253.078073,54253.128995,54253.178996
R383:54253.409144,0.050000,54253.409357,54253.410016,54253.460017
R384:54253.504120,0.050000,54253.504175,54253.504814,54253.554815
R385:54253.522456,0.050000,54253.522502,54253.554875,54253.604875
R386:54253.572000,0.050000,54253.572079,54253.605029,54253.655030
R387:54253.726297,0.050000,54253.726347,54253.726863,54253.776864
R388:54253.733989,0.050000,54253.767091,54253.776906,54253.826906
R389:54253.742134,0.050000,54253.767094,54253.826960,54253.876961
R390:54253.779330,0.050000,54253.779355,54253.877020,54253.927021
R391:54253.807071,0.050000,54253.820201,54253.927081,54253.977082
R392:54253.889482,0.050000,54253.889518,54253.977123,54254.027124
R393:54254.017000,0.050000,54254.017051,54254.027220,54254.077221
R394:54254.027997,0.050000,54254.028035,54254.077274,54254.127275
R395:54254.032244,0.050000,54254.068092,54254.127316,54254.177317
R396:54254.036604,0.050000,54254.068099,54254.177388,54254.227415
R397:54254.083758,0.050000,54254.083804,54254.227453,54254.277454
R398:54254.200684,0.050000,54254.200719,54254.277484,54254.327485
R399:54254.291395,0.050000,54254.291417,54254.327520,54254.377521
R400:54254.336431,0.050000,54254.336464,54254.377552,54254.427553
R401:54254.346336,0.050000,54254.377265,54254.427599,54254.477600
R402:54254.414939,0.050000,54254.414974,54254.477633,54254.527634
R403:54254.481534,0.050000,54254.481573,54254.527675,54254.577675
R404:54254.539757,0.050000,54254.539806,54254.577731,54254.627732
R405:54254.609408,0.050000,54254.609486,54254.627784,54254.677785
R406:54254.644116,0.050000,54254.644197,54254.677853,54254.727854
R407:54254.672272,0.050000,54254.677842,54254.727903,54254.777903
R408:54254.841325,0.050000,54254.841401,54254.841481,54254.891482
R409:54254.891312,0.050000,54254.891375,54254.891511,54254.941512
R410:54254.905769,0.050000,54254.905826,54254.941586,54254.991587
R411:54254.978309,0.050000,54254.978375,54254.991646,54255.041647
R412:54255.035916,0.050000,54255.035964,54255.041695,54255.091695
R413:54255.110309,0.050000,54255.110363,54255.110478,54255.160479
R414:54255.180240,0.050000,54255.180303,54255.180376,54255.230377
R415:54255.200868,0.050000,54255.200921,54255.230437,54255.280438
R416:54255.337222,0.050000,54255.337276,54255.337385,54255.387386
R417:54255.342946,0.050000,54255.378225,54255.387429,54255.437430
R418:54255.351076,0.050000,54255.378231,54255.437487,54255.487487
R419:54255.549099,0.050000,54255.549185,54255.549293,54255.599294
R420:54255.563581,0.050000,54255.589188,54255.599332,54255.649333
R421:54255.614216,0.050000,54255.614268,54255.649399,54255.699400
R422:54255.633979,0.050000,54255.649380,54255.699436,54255.749437
R423:54255.768891,0.050000,54255.769380,54255.769389,54255.819390
R424:54255.795432,0.050000,54255.795457,54255.819493,54255.869494
R425:54255.829916,0.050000,54255.829991,54255.869554,54255.919554
R426:54255.992231,0.050000,54255.992299,54255.992355,54256.042356
R427:54256.024841,0.050000,54256.034022,54256.042415,54256.092416
R428:54256.154704,0.050000,54256.154791,54256.154840,54256.204841
R429:54256.237650,0.050000,54256.237688,54256.237824,54256.287825
R430:54256.240579,0.050000,54256.240602,54256.287866,54256.337867
R431:54256.263562,0.050000,54256.263619,54256.337928,54256.387928
R432:54256.379771,0.050000,54256.379805,54256.387976,54256.437976
R433:54256.456002,0.050000,54256.456068,54256.456301,54256.506302
R434:54256.595296,0.050000,54256.595389,54256.595425,54256.645426
R435:54256.623820,0.050000,54256.623932,54256.645457,54256.695458
R436:54256.643279,0.050000,54256.643333,54256.695516,54256.745517
R437:54256.660417,0.050000,54256.660462,54256.746314,54256.796315
R438:54256.733472,0.050000,54256.733517,54256.796389,54256.846390
R439:54256.742554,0.050000,54256.745564,54256.846444,54256.896445
R440:54256.829023,0.050000,54256.829133,54256.896487,54256.946488
R441:54256.946723,0.050000,54256.946747,54256.946847,54256.996848
R442:54257.044810,0.050000,54257.044839,54257.045014,54257.095015
R443:54257.062124,0.050000,54257.062171,54257.095089,54257.145089
R444:54257.101717,0.050000,54257.101740,54257.145120,54257.195121
R445:54257.131153,0.050000,54257.142120,54257.195242,54257.245242
R446:54257.175180,0.050000,54257.175224,54257.245316,54257.295316
R447:54257.195527,0.050000,54257.195548,54257.295363,54257.345364
R448:54257.233146,0.050000,54257.236105,54257.345401,54257.395402
R449:54257.291766,0.050000,54257.291808,54257.395455,54257.445456
R450:54257.304792,0.050000,54257.304825,54257.445526,54257.495527
R451:54257.367261,0.050000,54257.367294,54257.495577,54257.545578
R452:54257.368463,0.050000,54257.368484,54257.545635,54257.598750
R453:54257.405339,0.050000,54257.405369,54257.598873,54257.648874
R454:54257.442473,0.050000,54257.445512,54257.648928,54257.698929
R455:54257.470885,0.050000,54257.486142,54257.698989,54257.748990
R456:54257.574416,0.050000,54257.574458,54257.749032,54257.799033
R457:54257.598671,0.050000,54257.598812,54257.799080,54257.849081
R458:54257.679910,0.050000,54257.679981,54257.849195,54257.899196
R459:54257.743071,0.050000,54257.743110,54257.899274,54257.949284
R460:54257.938427,0.050000,54257.938520,54257.949341,54257.999342
R461:54258.028244,0.050000,54258.028332,54258.028818,54258.078819
R462:54258.156157,0.050000,54258.156217,54258.156646,54258.206647
R463:54258.248344,0.050000,54258.248389,54258.248889,54258.298890
R464:54258.277212,0.050000,54258.277263,54258.298950,54258.348951
R465:54258.357247,0.050000,54258.357292,54258.357407,54258.407455
R466:54258.357815,0.050000,54258.398302,54258.407523,54258.457524
R467:54258.416550,0.050000,54258.416642,54258.457580,54258.507581
R468:54258.559767,0.050000,54258.559858,54258.559973,54258.609974
R469:54258.634072,0.050000,54258.634134,54258.634208,54258.684253
R470:54258.713425,0.050000,54258.713471,54258.713594,54258.763595
R471:54258.769717,0.050000,54258.769747,54258.769844,54258.819845
R472:54258.809293,0.050000,54258.809368,54258.819900,54258.869901
R473:54258.844215,0.050000,54258.844248,54258.869961,54258.919962
R474:54258.942223,0.050000,54258.942271,54258.942780,54258.992781
R475:54259.066903,0.050000,54259.066951,54259.067434,54259.117435
R476:54259.154133,0.050000,54259.154184,54259.154569,54259.204570
R477:54259.167015,0.050000,54259.167105,54259.204633,54259.254633
R478:54259.169731,0.050000,54259.169766,54259.254689,54259.304690
R479:54259.174895,0.050000,54259.174944,54259.304749,54259.354749
R480:54259.264487,0.050000,54259.264623,54259.354790,54259.404791
R481:54259.281107,0.050000,54259.304764,54259.404871,54259.454871
R482:54259.356102,0.050000,54259.356132,54259.454909,54259.504910
R483:54259.449902,0.050000,54259.450509,54259.504969,54259.554969
R484:54259.515138,0.050000,54259.515186,54259.555035,54259.605036
R485:54259.516018,0.050000,54259.555020,54259.605077,54259.655077
R486:54259.517176,0.050000,54259.555022,54259.655105,54259.705106
R487:54259.545572,0.050000,54259.555024,54259.705162,54259.755163
R488:54259.568974,0.050000,54259.595377,54259.755222,54259.805223
R489:54259.650989,0.050000,54259.651028,54259.805307,54259.855308
R490:54259.800997,0.050000,54259.801032,54259.855400,54259.905400
R491:54259.816467,0.050000,54259.816507,54259.905442,54259.955443
R492:54259.848653,0.050000,54259.855381,54259.955499,54260.005500
R493:54259.933492,0.050000,54259.933561,54260.005553,54260.055554
R494:54260.096104,0.050000,54260.096301,54260.096313,54260.146314
R495:54260.177797,0.050000,54260.177998,54260.178008,54260.228009
R496:54260.206879,0.050000,54260.206937,54260.228061,54260.278062
R497:54260.373400,0.050000,54260.373453,54260.373487,54260.423631
R498:54260.389379,0.050000,54260.414205,54260.423720,54260.473721
R499:54260.402590,0.050000,54260.414213,54260.474370,54260.524371
R500:54260.456515,0.050000,54260.456562,54260.524411,54260.574412
R501:54260.592486,0.050000,54260.592610,54260.592638,54260.642639
R502:54260.679256,0.050000,54260.679386,54260.679397,54260.729397
R503:54260.859795,0.050000,54260.859868,54260.860697,54260.910698
R504:54260.876254,0.050000,54260.876328,54260.910752,54260.960753
R505:54260.914979,0.050000,54260.915016,54260.960803,54261.010804
R506:54261.009419,0.050000,54261.009461,54261.010831,54261.060832
R507:54261.165882,0.050000,54261.166025,54261.166036,54261.216037
R508:54261.226994,0.050000,54261.227169,54261.227182,54261.277183
R509:54261.330497,0.050000,54261.330634,54261.330646,54261.380647
R510:54261.537984,0.050000,54261.538104,54261.538115,54261.588116
R511:54261.558543,0.050000,54261.558612,54261.588195,54261.638196
R512:54261.759550,0.050000,54261.759590,54261.760629,54261.810630
R513:54261.821318,0.050000,54261.821373,54261.822270,54261.872271
R514:54262.029850,0.050000,54262.029899,54262.030518,54262.080519
R515:54262.082476,0.050000,54262.082558,54262.083639,54262.133640
R516:54262.144493,0.050000,54262.144557,54262.145013,54262.195014
R517:54262.359930,0.050000,54262.359982,54262.360471,54262.410472
R518:54262.483724,0.050000,54262.483787,54262.485574,54262.535575
R519:54262.613339,0.050000,54262.613397,54262.613862,54262.663863
R520:54262.682914,0.050000,54262.683006,54262.683455,54262.733455
R521:54262.765455,0.050000,54262.765516,54262.765990,54262.815990
R522:54263.177901,0.050000,54263.177951,54263.178398,54263.228399
R523:54263.389318,0.050000,54263.389378,54263.389837,54263.439838
R524:54263.419620,0.050000,54263.419658,54263.439886,54263.490046
R525:54263.579269,0.050000,54263.579322,54263.579793,54263.629794
R526:54263.647867,0.050000,54263.647918,54263.648540,54263.698541
R527:54263.726101,0.050000,54263.726199,54263.727334,54263.777335
R528:54263.835833,0.050000,54263.835894,54263.836384,54263.886385
R529:54263.950852,0.050000,54263.950928,54263.951592,54264.001593
R530:54264.072894,0.050000,54264.072985,54264.073023,54264.123024
R531:54264.096508,0.050000,54264.096564,54264.123085,54264.173086
R532:54264.167985,0.050000,54264.168035,54264.173311,54264.223320
R533:54264.217063,0.050000,54264.217110,54264.223401,54264.273401
R534:54264.231232,0.050000,54264.231268,54264.273435,54264.323436
R535:54264.353420,0.050000,54264.353472,54264.353882,54264.403883
R536:54264.507653,0.050000,54264.507746,54264.507873,54264.557874
R537:54264.666615,0.050000,54264.666708,54264.666828,54264.716829
R538:54264.750788,0.050000,54264.751006,54264.751016,54264.801017
R539:54264.791849,0.050000,54264.791909,54264.801057,54264.851057
R540:54264.864791,0.050000,54264.864837,54264.864944,54264.914945
R541:54264.934788,0.050000,54264.934841,54264.935187,54264.985188
R542:54265.014690,0.050000,54265.014758,54265.014825,54265.064826
R543:54265.074358,0.050000,54265.074423,54265.074588,54265.124589
R544:54265.086875,0.050000,54265.086926,54265.124649,54265.174650
R545:54265.153539,0.050000,54265.153590,54265.174723,54265.224724
R546:54265.156210,0.050000,54265.174711,54265.224769,54265.274770
R547:54265.249115,0.050000,54265.249167,54265.274843,54265.324844
R548:54265.305397,0.050000,54265.305455,54265.324906,54265.374906
R549:54265.443057,0.050000,54265.443105,54265.443225,54265.493226
R550:54265.498898,0.050000,54265.499234,54265.499825,54265.549826
R551:54265.508573,0.050000,54265.508621,54265.549883,54265.599884
R552:54265.560450,0.050000,54265.560523,54265.599935,54265.649936
R553:54265.615849,0.050000,54265.615891,54265.650085,54265.700085
R554:54265.620128,0.050000,54265.649984,54265.700125,54265.750125
R555:54265.750085,0.050000,54265.750119,54265.750212,54265.800213
R556:54265.787951,0.050000,54265.787997,54265.800250,54265.850251
R557:54265.866658,0.050000,54265.866742,54265.866907,54265.916933
R558:54265.913718,0.050000,54265.913880,54265.916960,54265.966961
R559:54265.926604,0.050000,54265.926646,54265.967008,54266.017009
R560:54265.968548,0.050000,54265.968662,54266.017049,54266.067050
R561:54265.990705,0.050000,54266.009330,54266.067681,54266.117682
R562:54266.031285,0.050000,54266.031328,54266.117733,54266.167734
R563:54266.032850,0.050000,54266.067147,54266.167782,54266.217783
R564:54266.130342,0.050000,54266.130394,54266.217815,54266.267816
R565:54266.196084,0.050000,54266.196951,54266.267856,54266.317857
R566:54266.326105,0.050000,54266.326150,54266.326253,54266.376254
R567:54266.393519,0.050000,54266.393574,54266.394065,54266.444075
R568:54266.439546,0.050000,54266.439596,54266.444124,54266.494125
R569:54266.489677,0.050000,54266.490009,54266.494209,54266.544209
R570:54266.900363,0.050000,54266.900453,54266.900507,54266.950508
R571:54266.905272,0.050000,54266.942217,54266.950543,54267.000543
R572:54266.911250,0.050000,54266.942221,54267.000593,54267.050593
R573:54266.990051,0.050000,54266.990085,54267.050637,54267.100638
R574:54267.060192,0.050000,54267.060238,54267.100706,54267.150706
R575:54267.079674,0.050000,54267.100690,54267.150739,54267.200740
R576:54267.098839,0.050000,54267.100693,54267.200791,54267.250793
R577:54267.175864,0.050000,54267.175920,54267.250880,54267.313176
R578:54267.374497,0.050000,54267.374553,54267.374564,54267.424565
R579:54267.478433,0.050000,54267.478481,54267.478569,54267.528570
R580:54267.526366,0.050000,54267.526421,54267.528609,54267.578610
R581:54267.570894,0.050000,54267.570946,54267.578645,54267.628646
R582:54267.717348,0.050000,54267.717428,54267.717462,54267.767462
R583:54267.952147,0.050000,54267.952288,54267.952304,54268.002945
R584:54268.181239,0.050000,54268.181356,54268.181870,54268.231871
R585:54268.357883,0.050000,54268.358000,54268.358376,54268.408376
R586:54268.470086,0.050000,54268.470176,54268.471159,54268.521163
R587:54268.501485,0.050000,54268.501532,54268.521257,54268.571258
R588:54268.560842,0.050000,54268.560889,54268.571325,54268.621326
R589:54268.580817,0.050000,54268.580873,54268.621359,54268.671362
R590:54268.631907,0.050000,54268.632045,54268.671433,54268.721434
R591:54268.862458,0.050000,54268.865311,54268.871401,54268.921407
R592:54268.914194,0.050000,54268.914284,54268.921518,54268.979376
R593:54269.080307,0.050000,54269.080421,54269.081111,54269.131112
R594:54269.343600,0.050000,54269.343667,54269.344267,54269.394268
R595:54269.366202,0.050000,54269.366268,54269.394326,54269.444326
R596:54269.413488,0.050000,54269.413599,54269.444391,54269.494391
R597:54269.530257,0.050000,54269.530304,54269.530772,54269.580773
R598:54269.642269,0.050000,54269.642343,54269.643234,54269.693235
R599:54269.828141,0.050000,54269.828223,54269.828902,54269.878902
R600:54269.851273,0.050000,54269.851325,54269.878970,54269.928971
R601:54269.961695,0.050000,54269.961754,54269.962119,54270.012120
R602:54270.216486,0.050000,54270.216551,54270.217012,54270.267013
R603:54270.247666,0.050000,54270.247715,54270.267067,54270.317067
R604:54270.287384,0.050000,54270.287433,54270.317201,54270.367202
R605:54270.350883,0.050000,54270.350931,54270.367298,54270.417301
R606:54270.413447,0.050000,54270.413489,54270.417371,54270.467372
R607:54270.488509,0.050000,54270.488588,54270.488769,54270.538770
R608:54270.505126,0.050000,54270.530249,54270.538838,54270.588839
R609:54270.569478,0.050000,54270.569554,54270.588890,54270.638967
R610:54270.613280,0.050000,54270.613349,54270.639088,54270.689089
R611:54270.695084,0.050000,54270.695141,54270.695218,54270.745219
R612:54270.886270,0.050000,54270.886330,54270.886450,54270.936451
R613:54270.904677,0.050000,54270.904733,54270.936510,54270.986511
R614:54270.976854,0.050000,54270.976940,54270.986557,54271.036558
R615:54271.131585,0.050000,54271.132226,54271.132277,54271.182371
R616:54271.146554,0.050000,54271.172330,54271.182445,54271.232446
R617:54271.183147,0.050000,54271.183172,54271.232492,54271.282493
R618:54271.200356,0.050000,54271.223856,54271.282551,54271.332552
R619:54271.280481,0.050000,54271.280532,54271.332623,54271.382624
R620:54271.349661,0.050000,54271.349693,54271.382684,54271.432685
R621:54271.436789,0.050000,54271.436841,54271.437234,54271.487235
R622:54271.507627,0.050000,54271.507682,54271.508168,54271.558194
R623:54271.512654,0.050000,54271.512735,54271.573826,54271.629815
R624:54271.576519,0.050000,54271.576612,54271.629895,54271.679896
R625:54271.641848,0.050000,54271.641942,54271.679955,54271.729956
R626:54271.664098,0.050000,54271.664171,54271.730044,54271.780045
R627:54271.665837,0.050000,54271.665995,54271.780105,54271.830109
R628:54271.698895,0.050000,54271.699033,54271.830152,54271.880152
R629:54271.699933,0.050000,54271.730028,54271.880203,54271.930208
R630:54271.898393,0.050000,54271.898439,54271.930266,54271.980267
R631:54271.969594,0.050000,54271.969752,54271.980311,54272.030312
R632:54272.083195,0.050000,54272.083374,54272.083894,54272.133895
R633:54272.251491,0.050000,54272.251672,54272.251850,54272.301851
R634:54272.459961,0.050000,54272.460022,54272.460155,54272.510195
R635:54272.474715,0.050000,54272.474779,54272.510282,54272.560283
R636:54272.520556,0.050000,54272.520603,54272.560348,54272.610352
R637:54272.576968,0.050000,54272.577060,54272.610443,54272.660445
R638:54272.700424,0.050000,54272.700510,54272.700995,54272.750996
R639:54272.778970,0.050000,54272.779069,54272.779600,54272.829601
R640:54273.038530,0.050000,54273.038587,54273.039130,54273.089131
R641:54273.051649,0.050000,54273.051705,54273.089183,54273.139207
R642:54273.078444,0.050000,54273.078497,54273.139253,54273.189253
R643:54273.243196,0.050000,54273.243293,54273.243424,54273.293432
R644:54273.278503,0.050000,54273.284649,54273.293508,54273.343509
R645:54273.464867,0.050000,54273.466650,54273.466661,54273.516662
R646:54273.570924,0.050000,54273.574111,54273.574123,54273.624124
R647:54273.620762,0.050000,54273.620827,54273.624235,54273.674236
R648:54273.645418,0.050000,54273.645457,54273.674281,54273.724300
R649:54273.870986,0.050000,54273.871040,54273.871996,54273.921997
R650:54273.881287,0.050000,54273.911284,54273.922059,54273.972060
R651:54274.035876,0.050000,54274.035943,54274.036474,54274.086475
R652:54274.111161,0.050000,54274.111223,54274.111373,54274.161374
R653:54274.214909,0.050000,54274.214972,54274.215037,54274.265038
R654:54274.413833,0.050000,54274.413894,54274.413945,54274.463945
R655:54274.429686,0.050000,54274.429746,54274.464002,54274.514102
R656:54274.455319,0.050000,54274.455356,54274.514178,54274.564179
R657:54274.469473,0.050000,54274.469499,54274.564392,54274.614393
R658:54274.486999,0.050000,54274.510788,54274.614465,54274.664466
R659:54274.562757,0.050000,54274.562805,54274.664516,54274.714517
R660:54274.578402,0.050000,54274.578506,54274.714571,54274.764572
R661:54274.590395,0.050000,54274.614451,54274.764638,54274.814638
R662:54274.610352,0.050000,54274.614454,54274.814699,54274.865939
R663:54274.836450,0.050000,54274.836504,54274.866129,54274.916130
R664:54274.838165,0.050000,54274.838190,54274.916168,54274.966169
R665:54274.852596,0.050000,54274.852650,54274.966213,54275.018226
R666:54274.866178,0.050000,54274.866215,54275.018293,54275.068293
R667:54274.931026,0.050000,54274.931204,54275.068353,54275.118354
R668:54275.014453,0.050000,54275.014482,54275.118422,54275.168423
R669:54275.204537,0.050000,54275.204644,54275.204955,54275.254956
R670:54275.213126,0.050000,54275.245926,54275.255006,54275.305278
R671:54275.286754,0.050000,54275.286795,54275.305358,54275.355359
R672:54275.305152,0.050000,54275.305340,54275.355397,54275.405398
R673:54275.344975,0.050000,54275.347093,54275.405454,54275.463075
R674:54275.397942,0.050000,54275.397967,54275.463168,54275.513169
R675:54275.455504,0.050000,54275.455554,54275.513291,54275.563291
R676:54275.482637,0.050000,54275.482691,54275.563341,54275.613341
R677:54275.505082,0.050000,54275.513274,54275.613411,54275.663411
R678:54275.692779,0.050000,54275.692837,54275.696802,54275.746803
R679:54275.757218,0.050000,54275.757344,54275.757610,54275.815567
R680:54275.773848,0.050000,54275.774093,54275.815624,54275.865625
R681:54275.777018,0.050000,54275.777121,54275.865694,54275.915694
R682:54275.820842,0.050000,54275.821093,54275.915746,54275.965747
R683:54275.951242,0.050000,54275.951306,54275.965815,54276.015815
R684:54276.059195,0.050000,54276.059307,54276.059866,54276.110287
R685:54276.093332,0.050000,54276.101877,54276.110996,54276.160997
R686:54276.570304,0.050000,54276.570433,54276.570451,54276.620451
R687:54276.573207,0.050000,54276.612194,54276.620509,54276.670510
R688:54276.630377,0.050000,54276.630425,54276.670589,54276.720590
R689:54276.648383,0.050000,54276.670576,54276.720648,54276.771180
R690:54276.732170,0.050000,54276.732233,54276.771245,54276.821246
R691:54276.825364,0.050000,54276.825738,54276.825746,54276.875747
R692:54276.856205,0.050000,54276.866216,54276.875803,54276.927684
R693:54277.025719,0.050000,54277.026321,54277.026328,54277.076330
R694:54277.105880,0.050000,54277.106855,54277.106863,54277.156863
R695:54277.138191,0.050000,54277.138346,54277.156919,54277.206920
R696:54277.143014,0.050000,54277.143178,54277.206986,54277.256994
R697:54277.255566,0.050000,54277.255665,54277.257086,54277.307098
R698:54277.381018,0.050000,54277.381197,54277.381208,54277.431230
R699:54277.473580,0.050000,54277.473813,54277.473823,54277.523965
R700:54277.562164,0.050000,54277.562331,54277.562345,54277.612346
R701:54277.743006,0.050000,54277.743159,54277.743167,54277.793168
R702:54277.772021,0.050000,54277.772081,54277.793233,54277.850685
R703:54277.879918,0.050000,54277.879948,54277.879995,54277.929996
R704:54277.908104,0.050000,54277.920198,54277.930042,54277.980093
R705:54278.036294,0.050000,54278.036373,54278.036564,54278.086565
R706:54278.052896,0.050000,54278.078375,54278.086601,54278.136602
R707:54278.121963,0.050000,54278.122235,54278.136666,54278.186667
R708:54278.126579,0.050000,54278.136652,54278.186707,54278.236708
R709:54278.134891,0.050000,54278.136655,54278.236755,54278.286756
R710:54278.148477,0.050000,54278.178114,54278.286841,54278.336841
R711:54278.170365,0.050000,54278.178121,54278.336901,54278.386901
R712:54278.181845,0.050000,54278.182007,54278.386966,54278.436966
R713:54278.250572,0.050000,54278.250605,54278.437012,54278.487012
R714:54278.255524,0.050000,54278.286826,54278.487134,54278.537135
R715:54278.425162,0.050000,54278.425385,54278.537192,54278.587193
R716:54278.649380,0.050000,54278.649541,54278.649554,54278.699555
R717:54278.653975,0.050000,54278.690721,54278.699617,54278.749618
R718:54278.853523,0.050000,54278.853682,54278.853693,54278.904250
R719:54278.902373,0.050000,54278.902430,54278.904292,54278.954293
R720:54278.925342,0.050000,54278.925385,54278.954346,54279.004347
R721:54278.993583,0.050000,54278.993631,54279.004419,54279.057490
R722:54279.007990,0.050000,54279.008044,54279.057560,54279.108195
R723:54279.078506,0.050000,54279.078567,54279.108258,54279.158258
R724:54279.130574,0.050000,54279.130637,54279.158318,54279.208319
R725:54279.260764,0.050000,54279.260817,54279.261558,54279.311559
R726:54279.461520,0.050000,54279.461735,54279.462284,54279.512285
R727:54279.519338,0.050000,54279.519437,54279.519735,54279.569736
R728:54279.586649,0.050000,54279.586708,54279.587194,54279.637195
R729:54279.687321,0.050000,54279.687373,54279.688971,54279.738972
R730:54279.707150,0.050000,54279.707235,54279.739002,54279.789003
R731:54279.730997,0.050000,54279.731099,54279.789039,54279.839040
R732:54279.808401,0.050000,54279.808455,54279.839137,54279.889138
R733:54279.868035,0.050000,54279.868089,54279.889231,54279.939232
R734:54279.869419,0.050000,54279.889205,54279.939275,54279.989276
R735:54280.075726,0.050000,54280.075929,54280.075940,54280.125941
R736:54280.108721,0.050000,54280.108770,54280.125991,54280.175992
R737:54280.126503,0.050000,54280.126521,54280.176052,54280.226053
R738:54280.183460,0.050000,54280.183525,54280.226089,54280.276107
R739:54280.223012,0.050000,54280.223070,54280.276168,54280.326169
R740:54280.251420,0.050000,54280.251473,54280.326231,54280.376231
R741:54280.339177,0.050000,54280.339210,54280.376283,54280.426284
R742:54280.418967,0.050000,54280.419001,54280.426337,54280.476337
R743:54280.464308,0.050000,54280.464335,54280.476381,54280.526382
R744:54280.488620,0.050000,54280.488653,54280.526446,54280.576447
R745:54280.582494,0.050000,54280.582525,54280.582797,54280.632798
R746:54280.614305,0.050000,54280.623209,54280.632835,54280.682837
R747:54280.633568,0.050000,54280.633590,54280.684149,54280.734294
R748:54280.743415,0.050000,54280.743468,54280.743619,54280.793621
R749:54280.766537,0.050000,54280.766601,54280.793661,54280.843662
R750:54280.855354,0.050000,54280.855408,54280.855802,54280.905803
R751:54280.856949,0.050000,54280.896133,54280.905861,54280.955862
R752:54281.000509,0.050000,54281.000555,54281.000995,54281.050996
R753:54281.147831,0.050000,54281.147890,54281.148401,54281.198402
R754:54281.218620,0.050000,54281.218678,54281.219186,54281.269187
R755:54281.248684,0.050000,54281.248750,54281.269236,54281.319236
R756:54281.333848,0.050000,54281.333888,54281.334226,54281.384226
R757:54281.391568,0.050000,54281.391618,54281.392158,54281.442159
R758:54281.536619,0.050000,54281.536699,54281.537487,54281.587488
R759:54281.559134,0.050000,54281.559170,54281.587540,54281.637612
R760:54281.582013,0.050000,54281.582068,54281.637671,54281.687692
R761:54281.588008,0.050000,54281.588117,54281.687748,54281.737749
R762:54281.643836,0.050000,54281.643871,54281.737854,54281.787855
R763:54281.817452,0.050000,54281.817520,54281.817697,54281.867698
R764:54281.890588,0.050000,54281.890930,54281.891135,54281.941135
R765:54281.949297,0.050000,54281.949351,54281.949820,54281.999820
R766:54282.081943,0.050000,54282.082009,54282.082108,54282.132109
R767:54282.327780,0.050000,54282.327846,54282.334445,54282.384446
R768:54282.430584,0.050000,54282.430640,54282.431238,54282.481239
R769:54282.463182,0.050000,54282.463256,54282.481301,54282.531302
R770:54282.497646,0.050000,54282.497694,54282.531377,54282.581397
R771:54282.501164,0.050000,54282.531363,54282.581484,54282.631485
R772:54282.503074,0.050000,54282.531365,54282.631545,54282.681546
R773:54282.503514,0.050000,54282.531367,54282.681586,54282.731588
R774:54282.554960,0.050000,54282.572322,54282.731675,54282.781675
R775:54282.581639,0.050000,54282.581676,54282.781762,54282.831763
R776:54282.676505,0.050000,54282.676561,54282.831848,54282.881849
R777:54282.808616,0.050000,54282.808647,54282.881889,54282.931890
R778:54282.863439,0.050000,54282.863541,54282.931978,54282.981978
R779:54282.913147,0.050000,54282.913191,54282.982009,54283.032010
R780:54282.920492,0.050000,54282.931948,54283.032052,54283.082076
R781:54282.937297,0.050000,54282.972333,54283.082117,54283.132118
R782:54282.988430,0.050000,54282.988453,54283.132221,54283.182222
R783:54283.186612,0.050000,54283.186761,54283.186771,54283.236772
R784:54283.191068,0.050000,54283.191105,54283.236817,54283.286817
R785:54283.198376,0.050000,54283.198505,54283.286855,54283.336856
R786:54283.220184,0.050000,54283.220375,54283.336907,54283.386908
R787:54283.316428,0.050000,54283.316469,54283.386943,54283.436944
R788:54283.389540,0.050000,54283.389567,54283.436976,54283.486977
R789:54283.397350,0.050000,54283.430100,54283.487026,54283.537027
R790:54283.648218,0.050000,54283.648258,54283.648308,54283.698309
R791:54283.803813,0.050000,54283.803866,54283.803957,54283.853958
R792:54283.817967,0.050000,54283.818007,54283.854013,54283.904014
R793:54283.867793,0.050000,54283.867834,54283.904075,54283.954076
R794:54283.976812,0.050000,54283.976895,54283.977072,54284.027073
R795:54284.092585,0.050000,54284.092644,54284.092654,54284.142674
R796:54284.093267,0.050000,54284.093318,54284.142728,54284.192729
R797:54284.159865,0.050000,54284.159944,54284.192769,54284.242770
R798:54284.272608,0.050000,54284.272666,54284.272850,54284.322850
R799:54284.377485,0.050000,54284.377546,54284.377955,54284.428361
R800:54284.574442,0.050000,54284.574641,54284.574669,54284.624670
R801:54284.582421,0.050000,54284.582491,54284.624730,54284.674731
R802:54284.701733,0.050000,54284.701969,54284.701984,54284.751985
R803:54284.927056,0.050000,54284.927108,54284.927671,54284.977672
R804:54284.935409,0.050000,54284.935448,54284.977767,54285.027768
R805:54284.960201,0.050000,54284.960243,54285.027823,54285.077824
R806:54284.981856,0.050000,54284.982058,54285.077887,54285.127888
R807:54285.109798,0.050000,54285.109834,54285.127950,54285.177951
R808:54285.117951,0.050000,54285.118055,54285.178004,54285.228005
R809:54285.224444,0.050000,54285.224480,54285.228774,54285.278775
R810:54285.249957,0.050000,54285.250066,54285.278847,54285.328847
R811:54285.265108,0.050000,54285.278834,54285.328888,54285.383806
R812:54285.478750,0.050000,54285.479201,54285.479209,54285.529210
R813:54285.588947,0.050000,54285.589395,54285.589413,54285.639414
R814:54285.596877,0.050000,54285.597841,54285.639469,54285.689470
R815:54285.902300,0.050000,54285.902422,54285.902478,54285.952480
R816:54286.046007,0.050000,54286.046303,54286.046313,54286.096314
R817:54286.078350,0.050000,54286.078425,54286.096347,54286.146348
R818:54286.169189,0.050000,54286.169226,54286.169563,54286.219564
R819:54286.216234,0.050000,54286.216296,54286.219632,54286.269633
R820:54286.260223,0.050000,54286.260258,54286.269686,54286.319686
R821:54286.342004,0.050000,54286.342042,54286.342520,54286.392521
R822:54286.372372,0.050000,54286.382129,54286.392561,54286.442562
R823:54286.442971,0.050000,54286.442990,54286.443057,54286.493058
R824:54286.453756,0.050000,54286.483313,54286.493091,54286.543091
R825:54286.460317,0.050000,54286.483320,54286.543123,54286.593123
R826:54286.496882,0.050000,54286.496904,54286.593162,54286.643163
R827:54286.508279,0.050000,54286.537146,54286.643300,54286.693302
R828:54286.591640,0.050000,54286.591675,54286.693440,54286.743440
R829:54286.602276,0.050000,54286.602326,54286.743501,54286.793502
R830:54286.766767,0.050000,54286.766803,54286.793557,54286.843558
R831:54286.834270,0.050000,54286.834298,54286.843595,54286.893596
R832:54286.853296,0.050000,54286.853373,54286.893674,54286.943674
R833:54286.940425,0.050000,54286.940478,54286.943725,54286.993725
R834:54286.999914,0.050000,54286.999953,54287.000082,54287.050083
R835:54287.030787,0.050000,54287.040327,54287.050115,54287.100115
R836:54287.252410,0.050000,54287.252559,54287.252656,54287.302657
R837:54287.365144,0.050000,54287.365336,54287.365518,54287.415519
R838:54287.375552,0.050000,54287.375599,54287.415575,54287.465582
R839:54287.378670,0.050000,54287.378692,54287.465650,54287.515651
R840:54287.435093,0.050000,54287.435178,54287.515680,54287.565680
R841:54287.474567,0.050000,54287.474616,54287.565752,54287.615755
R842:54287.492961,0.050000,54287.515287,54287.615830,54287.665832
R843:54287.539458,0.050000,54287.539501,54287.665907,54287.715911
R844:54287.553129,0.050000,54287.565739,54287.716158,54287.766159
R845:54287.581717,0.050000,54287.606288,54287.766246,54287.816246
R846:54287.626402,0.050000,54287.626444,54287.816338,54287.866339
R847:54287.627004,0.050000,54287.665895,54287.866380,54287.916380
R848:54287.707922,0.050000,54287.707956,54287.916435,54287.970215
R849:54287.718537,0.050000,54287.718568,54287.970258,54288.020259
R850:54287.766290,0.050000,54287.766321,54288.020313,54288.070378
R851:54287.773175,0.050000,54287.773226,54288.070438,54288.120439
R852:54287.891049,0.050000,54287.891117,54288.120515,54288.170516
R853:54288.010958,0.050000,54288.011150,54288.170565,54288.220566
R854:54288.101489,0.050000,54288.101531,54288.220635,54288.270636
R855:54288.287317,0.050000,54288.287363,54288.287422,54288.337423
R856:54288.443529,0.050000,54288.443634,54288.443686,54288.493687
R857:54288.449119,0.050000,54288.449399,54288.493748,54288.543749
R858:54288.453217,0.050000,54288.453419,54288.543802,54288.593803
R859:54288.511136,0.050000,54288.511234,54288.593844,54288.643845
R860:54288.526298,0.050000,54288.526351,54288.643901,54288.694259
R861:54288.728664,0.050000,54288.728722,54288.728732,54288.778733
R862:54288.740319,0.050000,54288.771021,54288.778967,54288.828968
R863:54288.778887,0.050000,54288.779019,54288.829002,54288.879003
R864:54288.854263,0.050000,54288.854321,54288.879045,54288.933088
R865:54288.934402,0.050000,54288.934494,54288.940258,54288.990259
R866:54289.042327,0.050000,54289.042384,54289.043234,54289.093235
R867:54289.102114,0.050000,54289.102161,54289.102401,54289.152402
R868:54289.142379,0.050000,54289.142431,54289.152479,54289.202479
R869:54289.275433,0.050000,54289.275468,54289.278149,54289.328150
R870:54289.341964,0.050000,54289.342010,54289.342409,54289.396793
R871:54289.537910,0.050000,54289.537969,54289.538166,54289.588167
R872:54289.557351,0.050000,54289.557407,54289.588221,54289.638222
R873:54289.677261,0.050000,54289.677332,54289.677451,54289.727452
R874:54289.713530,0.050000,54289.719358,54289.727514,54289.777515
R875:54289.750613,0.050000,54289.750663,54289.777597,54289.827598
R876:54289.758579,0.050000,54289.777582,54289.827642,54289.877643
R877:54289.885695,0.050000,54289.885742,54289.885779,54289.935780
R878:54289.923515,0.050000,54289.923557,54289.935843,54289.985844
R879:54290.029425,0.050000,54290.029488,54290.029549,54290.079550
R880:54290.238900,0.050000,54290.238942,54290.239330,54290.289331
R881:54290.384570,0.050000,54290.384630,54290.384738,54290.434739
R882:54290.521721,0.050000,54290.521792,54290.521841,54290.572034
R883:54290.618319,0.050000,54290.618380,54290.619405,54290.669407
R884:54290.696089,0.050000,54290.696252,54290.696391,54290.746392
R885:54290.752122,0.050000,54290.752181,54290.753136,54290.804717
R886:54290.827626,0.050000,54290.828254,54290.828339,54290.878340
R887:54290.881496,0.050000,54290.882272,54290.882314,54290.932315
R888:54290.948154,0.050000,54290.948328,54290.948433,54290.998527
R889:54291.034018,0.050000,54291.034072,54291.034240,54291.084241
R890:54291.036429,0.050000,54291.036460,54291.084298,54291.134299
R891:54291.145013,0.050000,54291.145074,54291.145993,54291.195995
R892:54291.215590,0.050000,54291.215647,54291.216132,54291.266133
R893:54291.227286,0.050000,54291.227335,54291.266212,54291.316213
R894:54291.239381,0.050000,54291.239432,54291.316263,54291.366264
R895:54291.256305,0.050000,54291.256368,54291.366335,54291.416336
R896:54291.372434,0.050000,54291.372473,54291.416378,54291.466379
R897:54291.515803,0.050000,54291.515866,54291.515876,54291.566702
R898:54291.631184,0.050000,54291.631315,54291.633135,54291.683136
R899:54291.650760,0.050000,54291.651149,54291.683189,54291.733235
R900:54291.735942,0.050000,54291.735965,54291.736249,54291.786250
R901:54291.764914,0.050000,54291.776109,54291.786298,54291.836299
R902:54291.773574,0.050000,54291.776116,54291.836327,54291.886328
R903:54291.942409,0.050000,54291.942456,54291.942549,54291.992550
R904:54291.950876,0.050000,54291.984108,54291.992587,54292.042588
R905:54292.001227,0.050000,54292.001250,54292.042685,54292.092685
R906:54292.025588,0.050000,54292.042668,54292.092743,54292.142743
R907:54292.043057,0.050000,54292.066209,54292.142783,54292.192784
R908:54292.069441,0.050000,54292.069470,54292.192846,54292.242913
R909:54292.152946,0.050000,54292.153083,54292.242957,54292.292957
R910:54292.380125,0.050000,54292.380318,54292.380815,54292.430816
R911:54292.399703,0.050000,54292.422299,54292.430865,54292.480866
R912:54292.454260,0.050000,54292.454305,54292.480917,54292.530917
R913:54292.570341,0.050000,54292.570422,54292.570657,54292.620658
R914:54292.782517,0.050000,54292.782766,54292.783737,54292.833737
R915:54292.794676,0.050000,54292.794708,54292.833786,54292.883787
R916:54292.821613,0.050000,54292.821660,54292.883835,54292.933836
R917:54292.885264,0.050000,54292.885331,54292.933881,54292.983882
R918:54292.965288,0.050000,54292.965343,54292.983932,54293.033933
R919:54293.124455,0.050000,54293.124633,54293.124676,54293.174677
R920:54293.145022,0.050000,54293.165263,54293.174719,54293.224720
R921:54293.231293,0.050000,54293.231322,54293.231410,54293.281411
R922:54293.307761,0.050000,54293.307853,54293.307981,54293.357982
R923:54293.445443,0.050000,54293.445587,54293.445597,54293.496134
R924:54293.574537,0.050000,54293.574723,54293.574762,54293.624763
R925:54293.688870,0.050000,54293.689106,54293.689116,54293.739140
R926:54293.691246,0.050000,54293.691276,54293.739191,54293.789192
R927:54293.760037,0.050000,54293.760097,54293.789254,54293.839258
R928:54293.834134,0.050000,54293.834165,54293.839287,54293.889288
R929:54293.945240,0.050000,54293.945292,54293.945842,54293.995843
R930:54294.059942,0.050000,54294.060007,54294.060319,54294.110320
R931:54294.085849,0.050000,54294.085883,54294.110370,54294.160371
R932:54294.092091,0.050000,54294.092126,54294.160405,54294.210405
R933:54294.255435,0.050000,54294.255515,54294.255640,54294.305641
R934:54294.270425,0.050000,54294.296736,54294.305716,54294.355717
R935:54294.285826,0.050000,54294.296746,54294.355775,54294.405776
R936:54294.320468,0.050000,54294.320514,54294.405832,54294.455832
R937:54294.365701,0.050000,54294.365737,54294.455886,54294.505887
R938:54294.402600,0.050000,54294.405818,54294.505927,54294.555927
R939:54294.483128,0.050000,54294.483183,54294.555969,54294.605970
R940:54294.491623,0.050000,54294.491649,54294.606007,54294.656008
R941:54294.522199,0.050000,54294.522231,54294.656065,54294.706066
R942:54294.679277,0.050000,54294.679317,54294.706127,54294.756127
R943:54294.751969,0.050000,54294.751994,54294.756159,54294.806160
R944:54294.760849,0.050000,54294.760867,54294.806197,54294.856206
R945:54294.887134,0.050000,54294.887185,54294.887617,54294.937618
R946:54294.993890,0.050000,54294.993952,54294.996938,54295.046939
R947:54295.033161,0.050000,54295.033218,54295.046988,54295.096989
R948:54295.068431,0.050000,54295.068470,54295.097034,54295.147035
R949:54295.107094,0.050000,54295.107121,54295.147113,54295.197113
R950:54295.131625,0.050000,54295.147095,54295.197176,54295.247176
R951:54295.202113,0.050000,54295.202205,54295.247254,54295.297255
R952:54295.207765,0.050000,54295.207817,54295.297334,54295.347335
R953:54295.386381,0.050000,54295.386438,54295.386555,54295.436556
R954:54295.430264,0.050000,54295.430312,54295.436603,54295.486603
R955:54295.594298,0.050000,54295.594448,54295.594669,54295.644670
R956:54295.680950,0.050000,54295.681149,54295.681160,54295.731161
R957:54295.728594,0.050000,54295.728652,54295.731225,54295.781226
R958:54295.777815,0.050000,54295.777852,54295.781309,54295.831309
R959:54295.804550,0.050000,54295.804577,54295.831365,54295.881376
R960:54295.824200,0.050000,54295.831353,54295.881446,54295.931446
R961:54295.846050,0.050000,54295.873278,54295.931499,54295.981500
R962:54295.912296,0.050000,54295.912368,54295.981609,54296.031610
R963:54295.940395,0.050000,54295.940577,54296.031651,54296.081652
R964:54295.951926,0.050000,54295.981598,54296.081696,54296.131697
R965:54296.059579,0.050000,54296.059648,54296.131757,54296.181758
R966:54296.110386,0.050000,54296.110425,54296.181816,54296.231817
R967:54296.163520,0.050000,54296.163576,54296.231864,54296.281869
R968:54296.180618,0.050000,54296.181803,54296.281909,54296.331910
R969:54296.331933,0.050000,54296.331973,54296.331989,54296.383171
R970:54296.343572,0.050000,54296.343626,54296.383233,54296.433234
R971:54296.371123,0.050000,54296.371236,54296.433266,54296.483266
R972:54296.387229,0.050000,54296.387340,54296.483346,54296.533347
R973:54296.387845,0.050000,54296.428104,54296.533407,54296.583408
R974:54296.567769,0.050000,54296.567956,54296.583448,54296.633448
R975:54296.595194,0.050000,54296.595237,54296.633508,54296.683509
R976:54296.722743,0.050000,54296.722783,54296.722792,54296.772793
R977:54296.810924,0.050000,54296.811128,54296.811138,54296.861139
R978:54296.900560,0.050000,54296.900612,54296.900663,54296.950664
R979:54296.915538,0.050000,54296.915588,54296.950702,54297.000703
R980:54296.919165,0.050000,54296.919211,54297.000743,54297.050743
R981:54297.166339,0.050000,54297.166390,54297.166855,54297.216856
R982:54297.281228,0.050000,54297.281283,54297.281735,54297.331736
R983:54297.290574,0.050000,54297.290601,54297.331804,54297.381805
R984:54297.442631,0.050000,54297.442690,54297.442749,54297.492750
R985:54297.460696,0.050000,54297.460730,54297.492814,54297.544051
R986:54297.856921,0.050000,54297.857065,54297.857090,54297.907091
R987:54297.916222,0.050000,54297.916269,54297.916359,54297.966360
R988:54298.002624,0.050000,54298.002690,54298.003160,54298.055734
R989:54298.057719,0.050000,54298.059683,54298.059699,54298.109700
R990:54298.196362,0.050000,54298.196430,54298.198130,54298.248131
R991:54298.367950,0.050000,54298.368079,54298.368453,54298.418454
R992:54298.463834,0.050000,54298.463989,54298.464000,54298.514002
R993:54298.504018,0.050000,54298.504091,54298.514095,54298.564096
R994:54298.520702,0.050000,54298.520743,54298.564158,54298.614159
R995:54298.660844,0.050000,54298.662630,54298.662639,54298.712640
R996:54298.675426,0.050000,54298.704266,54298.712714,54298.762715
R997:54298.761598,0.050000,54298.761630,54298.762759,54298.813420
R998:54298.791785,0.050000,54298.791827,54298.813483,54298.863485
R999:54298.825237,0.050000,54298.825286,54298.863565,54298.913565
R1000:54298.884276,0.050000,54298.884320,54298.913617,54298.963618
R1001:54298.931827,0.050000,54298.931900,54298.963674,54299.013675
R1002:54299.011125,0.050000,54299.011174,54299.013719,54299.063719
R1003:54299.108386,0.050000,54299.108477,54299.108577,54299.158578
R1004:54299.155988,0.050000,54299.156045,54299.158616,54299.208617
R1005:54299.216034,0.050000,54299.216148,54299.216204,54299.266206
R1006:54299.216643,0.050000,54299.265088,54299.266260,54299.316261
R1007:54299.240766,0.050000,54299.265091,54299.316310,54299.366312
R1008:54299.257209,0.050000,54299.265099,54299.366376,54299.416510
R1009:54299.348357,0.050000,54299.348385,54299.416609,54299.466610
R1010:54299.393973,0.050000,54299.394008,54299.466655,54299.516656
R1011:54299.415713,0.050000,54299.416593,54299.516708,54299.566709
R1012:54299.498808,0.050000,54299.498855,54299.566763,54299.616764
R1013:54299.518715,0.050000,54299.518778,54299.616816,54299.666817
R1014:54299.552575,0.050000,54299.559128,54299.666874,54299.716875
R1015:54299.608403,0.050000,54299.608696,54299.716957,54299.766957
R1016:54299.651825,0.050000,54299.652175,54299.767014,54299.817060
R1017:54299.685924,0.050000,54299.685968,54299.817117,54299.867118
R1018:54299.691374,0.050000,54299.716941,54299.867181,54299.917182
R1019:54299.700413,0.050000,54299.716944,54299.917239,54299.967240
R1020:54299.829137,0.050000,54299.829189,54299.967279,54300.017280
R1021:54299.992713,0.050000,54299.992778,54300.017351,54300.067352
R1022:54300.325546,0.050000,54300.325707,54300.326799,54300.376800
R1023:54300.382601,0.050000,54300.382714,54300.382747,54300.432748
R1024:54300.408518,0.050000,54300.408567,54300.432813,54300.482814
R1025:54300.424044,0.050000,54300.424112,54300.482875,54300.533936
R1026:54300.459783,0.050000,54300.459853,54300.534039,54300.584040
R1027:54300.527875,0.050000,54300.527958,54300.584157,54300.634158
R1028:54300.675969,0.050000,54300.676037,54300.677009,54300.727010
R1029:54300.764518,0.050000,54300.764580,54300.765117,54300.815117
R1030:54300.883319,0.050000,54300.883383,54300.884201,54300.934231
R1031:54300.921102,0.050000,54300.921156,54300.934292,54300.984311
R1032:54300.932871,0.050000,54300.932942,54300.984377,54301.034377
R1033:54300.976268,0.050000,54300.976322,54301.034431,54301.084432
R1034:54300.987413,0.050000,54300.987501,54301.084489,54301.134490
R1035:54301.060115,0.050000,54301.060175,54301.134526,54301.184527
R1036:54301.324278,0.050000,54301.324343,54301.324453,54301.374454
R1037:54301.333376,0.050000,54301.365381,54301.374506,54301.424507
R1038:54301.489848,0.050000,54301.491620,54301.491639,54301.541640
R1039:54301.503331,0.050000,54301.523150,54301.541709,54301.591710
R1040:54301.628209,0.050000,54301.628391,54301.628402,54301.678421
R1041:54301.657298,0.050000,54301.670395,54301.678474,54301.728474
R1042:54301.696100,0.050000,54301.696139,54301.728558,54301.778559
R1043:54301.743866,0.050000,54301.743910,54301.778620,54301.828621
R1044:54301.803143,0.050000,54301.803184,54301.828677,54301.878677
R1045:54301.908698,0.050000,54301.908741,54301.909040,54301.959077
R1046:54302.178702,0.050000,54302.178769,54302.179688,54302.229688
R1047:54302.424184,0.050000,54302.424433,54302.424712,54302.474713
R1048:54302.431508,0.050000,54302.431569,54302.474862,54302.524863
R1049:54302.433225,0.050000,54302.433270,54302.524951,54302.574952
R1050:54302.437500,0.050000,54302.437558,54302.575020,54302.625027
R1051:54302.613654,0.050000,54302.613706,54302.626860,54302.676861
R1052:54302.790661,0.050000,54302.790714,54302.791406,54302.841407
R1053:54302.793929,0.050000,54302.832375,54302.841465,54302.891465
R1054:54302.835787,0.050000,54302.835835,54302.891550,54302.941551
R1055:54302.851519,0.050000,54302.851557,54302.941618,54302.991619
R1056:54302.870709,0.050000,54302.891537,54302.994368,54303.044369
R1057:54302.987790,0.050000,54302.987852,54303.044431,54303.094828
R1058:54303.063799,0.050000,54303.063923,54303.095052,54303.145052
R1059:54303.070489,0.050000,54303.094902,54303.145317,54303.195318
R1060:54303.118630,0.050000,54303.141400,54303.195382,54303.245383
R1061:54303.159324,0.050000,54303.159372,54303.245441,54303.295442
R1062:54303.208444,0.050000,54303.208489,54303.295498,54303.345499
R1063:54303.280652,0.050000,54303.280695,54303.345563,54303.395564
R1064:54303.419832,0.050000,54303.419904,54303.419997,54303.469998
R1065:54303.483764,0.050000,54303.483850,54303.483939,54303.533940
R1066:54303.501395,0.050000,54303.501484,54303.533996,54303.583997
R1067:54303.626647,0.050000,54303.626734,54303.626852,54303.676853
R1068:54303.712746,0.050000,54303.712829,54303.713692,54303.763731
R1069:54303.718612,0.050000,54303.718666,54303.763790,54303.813791
R1070:54303.971469,0.050000,54303.989061,54303.989114,54304.039115
R1071:54304.021207,0.050000,54304.021268,54304.039174,54304.089175
R1072:54304.058694,0.050000,54304.058742,54304.089225,54304.139225
R1073:54304.092946,0.050000,54304.092980,54304.139266,54304.189267
R1074:54304.298610,0.050000,54304.298675,54304.298846,54304.348847
R1075:54304.490219,0.050000,54304.490274,54304.490327,54304.540328
R1076:54304.498751,0.050000,54304.498803,54304.540382,54304.590383
R1077:54304.676680,0.050000,54304.676842,54304.676854,54304.726855
R1078:54304.837165,0.050000,54304.837334,54304.837364,54304.887365
R1079:54304.853725,0.050000,54304.853772,54304.887432,54304.937434
R1080:54305.049528,0.050000,54305.050159,54305.050337,54305.100339
R1081:54305.252805,0.050000,54305.253170,54305.253181,54305.303182
R1082:54305.260122,0.050000,54305.260173,54305.303244,54305.353245
R1083:54305.392555,0.050000,54305.392721,54305.393179,54305.443193
R1084:54305.658393,0.050000,54305.658453,54305.658899,54305.709012
R1085:54305.713344,0.050000,54305.713392,54305.714165,54305.764166
R1086:54305.713772,0.050000,54305.713781,54305.764227,54305.814228
R1087:54305.729883,0.050000,54305.729938,54305.814276,54305.864277
R1088:54305.759096,0.050000,54305.759159,54305.864339,54305.914340
R1089:54305.835189,0.050000,54305.835232,54305.914404,54305.964405
R1090:54305.858655,0.050000,54305.864325,54305.964440,54306.014442
R1091:54305.964910,0.050000,54305.964939,54306.014496,54306.064653
R1092:54305.967850,0.050000,54305.967868,54306.064716,54306.115616
R1093:54306.066345,0.050000,54306.066383,54306.115704,54306.173951
R1094:54306.114256,0.050000,54306.114309,54306.174004,54306.224005
R1095:54306.272526,0.050000,54306.272577,54306.272723,54306.322724
R1096:54306.306567,0.050000,54306.315402,54306.322784,54306.372785
R1097:54306.368552,0.050000,54306.368606,54306.372834,54306.422834
R1098:54306.455194,0.050000,54306.455347,54306.455379,54306.505380
R1099:54306.698743,0.050000,54306.698801,54306.698850,54306.748851
R1100:54306.774240,0.050000,54306.774298,54306.775078,54306.825079
R1101:54306.852569,0.050000,54306.852624,54306.852790,54306.902791
R1102:54306.896327,0.050000,54306.896385,54306.902828,54306.952829
R1103:54306.897124,0.050000,54306.897146,54306.952868,54307.002869
R1104:54307.322739,0.050000,54307.322799,54307.322924,54307.372926
R1105:54307.357736,0.050000,54307.364348,54307.373004,54307.423005
R1106:54307.557453,0.050000,54307.557481,54307.563425,54307.613426
R1107:54307.566864,0.050000,54307.598160,54307.613536,54307.663536
R1108:54307.590576,0.050000,54307.598164,54307.663596,54307.717460
R1109:54307.715439,0.050000,54307.715494,54307.717521,54307.774294
R1110:54307.742502,0.050000,54307.742651,54307.774364,54307.825198
R1111:54307.759201,0.050000,54307.774352,54307.825268,54307.875269
R1112:54307.860199,0.050000,54307.860227,54307.875316,54307.925324
R1113:54307.897661,0.050000,54307.897703,54307.925525,54307.975526
R1114:54307.898535,0.050000,54307.925424,54307.975578,54308.025607
R1115:54307.996504,0.050000,54307.996577,54308.025722,54308.075722
R1116:54308.167228,0.050000,54308.167274,54308.167316,54308.217317
R1117:54308.168284,0.050000,54308.209262,54308.220210,54308.270211
R1118:54308.335629,0.050000,54308.335674,54308.336195,54308.386196
R1119:54308.350762,0.050000,54308.377266,54308.386276,54308.436277
R1120:54308.429358,0.050000,54308.429387,54308.436344,54308.486345
R1121:54308.443308,0.050000,54308.443357,54308.486384,54308.536385
R1122:54308.643304,0.050000,54308.643378,54308.643847,54308.693848
R1123:54308.730094,0.050000,54308.730251,54308.730975,54308.780976
R1124:54308.887373,0.050000,54308.887829,54308.887841,54308.937842
R1125:54308.912323,0.050000,54308.912399,54308.937894,54308.989788
R1126:54308.976842,0.050000,54308.976898,54308.989838,54309.039840
R1127:54308.990209,0.050000,54308.990237,54309.039919,54309.089920
R1128:54309.126185,0.050000,54309.126258,54309.126270,54309.184355
R1129:54309.146347,0.050000,54309.146400,54309.184429,54309.234472
R1130:54309.155713,0.050000,54309.155803,54309.234525,54309.284526
R1131:54309.202274,0.050000,54309.202326,54309.284586,54309.334587
R1132:54309.354114,0.050000,54309.354165,54309.354486,54309.407343
R1133:54309.415206,0.050000,54309.415274,54309.416071,54309.466071
R1134:54309.463487,0.050000,54309.463608,54309.466122,54309.516145
R1135:54309.613269,0.050000,54309.613318,54309.613378,54309.663379
R1136:54309.798265,0.050000,54309.798358,54309.798398,54309.848406
R1137:54309.836033,0.050000,54309.836087,54309.848452,54309.898453
R1138:54310.076617,0.050000,54310.076803,54310.076813,54310.126814
R1139:54310.091484,0.050000,54310.117369,54310.126867,54310.176868
R1140:54310.107541,0.050000,54310.117373,54310.176911,54310.226912
R1141:54310.129431,0.050000,54310.129467,54310.226974,54310.276975
R1142:54310.163880,0.050000,54310.170260,54310.277036,54310.327086
R1143:54310.355772,0.050000,54310.355861,54310.356018,54310.406019
R1144:54310.432001,0.050000,54310.432065,54310.432131,54310.482132
R1145:54310.467326,0.050000,54310.467381,54310.482233,54310.532234
R1146:54310.541052,0.050000,54310.541098,54310.541336,54310.591337
R1147:54310.597315,0.050000,54310.597358,54310.597629,54310.647630
R1148:54310.634242,0.050000,54310.634290,54310.647661,54310.697662
R1149:54310.688463,0.050000,54310.688521,54310.697726,54310.747727
R1150:54310.779859,0.050000,54310.779941,54310.780077,54310.830078
R1151:54310.781418,0.050000,54310.821365,54310.830120,54310.880121
R1152:54310.862253,0.050000,54310.862316,54310.880199,54310.930200
R1153:54310.936711,0.050000,54310.936766,54310.936939,54310.986940
R1154:54311.027882,0.050000,54311.027937,54311.028040,54311.078041
R1155:54311.084536,0.050000,54311.084593,54311.084679,54311.134679
R1156:54311.258272,0.050000,54311.258309,54311.258399,54311.308400
R1157:54311.279639,0.050000,54311.279695,54311.308451,54311.358452
R1158:54311.366329,0.050000,54311.366377,54311.366511,54311.416512
R1159:54311.465464,0.050000,54311.465501,54311.465624,54311.515625
R1160:54311.513594,0.050000,54311.513642,54311.515674,54311.565675
R1161:54311.633269,0.050000,54311.633318,54311.633734,54311.683735
R1162:54311.648344,0.050000,54311.674242,54311.683776,54311.733777
R1163:54311.678697,0.050000,54311.678714,54311.733825,54311.783826
R1164:54311.710111,0.050000,54311.710157,54311.783875,54311.833876
R1165:54311.788587,0.050000,54311.788615,54311.833921,54311.883922
R1166:54311.804264,0.050000,54311.829252,54311.883982,54311.933983
R1167:54311.825852,0.050000,54311.829255,54311.934055,54311.984056
R1168:54311.827848,0.050000,54311.829265,54311.984112,54312.034112
R1169:54311.839392,0.050000,54311.839429,54312.034210,54312.084211
R1170:54311.881491,0.050000,54311.881529,54312.084251,54312.134252
R1171:54311.901006,0.050000,54311.901068,54312.134292,54312.184293
R1172:54311.939606,0.050000,54311.939662,54312.184353,54312.234354
R1173:54312.055756,0.050000,54312.055904,54312.234405,54312.284406
R1174:54312.067068,0.050000,54312.067203,54312.284471,54312.334472
R1175:54312.068488,0.050000,54312.068508,54312.334544,54312.384545
R1176:54312.080965,0.050000,54312.080996,54312.384581,54312.434582
R1177:54312.186522,0.050000,54312.186548,54312.434636,54312.484637
R1178:54312.245428,0.050000,54312.245514,54312.484689,54312.534690
R1179:54312.302812,0.050000,54312.302857,54312.535290,54312.585291
R1180:54312.324860,0.050000,54312.334532,54312.585347,54312.635348
R1181:54312.344593,0.050000,54312.376299,54312.635404,54312.685405
R1182:54312.404752,0.050000,54312.404804,54312.685481,54312.735482
R1183:54312.579765,0.050000,54312.579816,54312.735550,54312.785552
R1184:54312.723192,0.050000,54312.723237,54312.785613,54312.835614
R1185:54312.744441,0.050000,54312.744609,54312.835648,54312.885649
R1186:54312.786922,0.050000,54312.786950,54312.885688,54312.935688
R1187:54312.890751,0.050000,54312.890884,54312.935748,54312.985749
R1188:54312.941693,0.050000,54312.941753,54312.985813,54313.035813
R1189:54312.950770,0.050000,54312.950827,54313.035864,54313.085865
R1190:54313.000109,0.050000,54313.000157,54313.085898,54313.135899
R1191:54313.218840,0.050000,54313.218891,54313.219047,54313.269048
R1192:54313.382542,0.050000,54313.382653,54313.383115,54313.433116
R1193:54313.461277,0.050000,54313.461344,54313.461857,54313.511858
R1194:54313.485389,0.050000,54313.485540,54313.511908,54313.561909
R1195:54313.504117,0.050000,54313.504307,54313.561962,54313.611962
R1196:54313.529335,0.050000,54313.529388,54313.612038,54313.662039
R1197:54313.575257,0.050000,54313.575425,54313.662133,54313.712166
R1198:54313.622613,0.050000,54313.622673,54313.712215,54313.762447
R1199:54313.650614,0.050000,54313.662161,54313.762519,54313.812520
R1200:54313.718658,0.050000,54313.718707,54313.812576,54313.862576
R1201:54313.879334,0.050000,54313.879885,54313.879967,54313.929967
R1202:54313.935309,0.050000,54313.935363,54313.935444,54313.985445
R1203:54314.210022,0.050000,54314.210207,54314.210223,54314.260224
R1204:54314.291776,0.050000,54314.291846,54314.292415,54314.342415
R1205:54314.371471,0.050000,54314.371510,54314.371973,54314.421974
R1206:54314.694587,0.050000,54314.694647,54314.695054,54314.745059
R1207:54314.818022,0.050000,54314.818071,54314.818609,54314.868610
R1208:54314.856122,0.050000,54314.856206,54314.868664,54314.918665
R1209:54314.912008,0.050000,54314.912096,54314.918718,54314.968719
R1210:54314.942153,0.050000,54314.942842,54314.968790,54315.018791
R1211:54315.020415,0.050000,54315.020463,54315.020560,54315.070561
R1212:54315.124470,0.050000,54315.124524,54315.124982,54315.174983
R1213:54315.278183,0.050000,54315.278245,54315.278518,54315.328519
R1214:54315.337191,0.050000,54315.337241,54315.337264,54315.387264
R1215:54315.404831,0.050000,54315.404923,54315.405015,54315.455016
R1216:54315.413055,0.050000,54315.413089,54315.455054,54315.505055
R1217:54315.644964,0.050000,54315.645019,54315.646107,54315.696108
R1218:54315.675202,0.050000,54315.675252,54315.696148,54315.746149
R1219:54315.741404,0.050000,54315.741430,54315.746208,54315.796209
R1220:54315.745176,0.050000,54315.746196,54315.796248,54315.846249
R1221:54315.864312,0.050000,54315.864808,54315.864817,54315.914817
R1222:54315.920636,0.050000,54315.920703,54315.921265,54315.971266
R1223:54316.119121,0.050000,54316.119178,54316.119668,54316.169669
R1224:54316.162144,0.050000,54316.162209,54316.169711,54316.219711
R1225:54316.285381,0.050000,54316.285448,54316.285460,54316.335461
R1226:54316.297731,0.050000,54316.327271,54316.335495,54316.385496
R1227:54316.391780,0.050000,54316.391918,54316.391928,54316.441929
R1228:54316.412264,0.050000,54316.433236,54316.441971,54316.491972
R1229:54316.482257,0.050000,54316.482286,54316.492040,54316.542309
R1230:54316.482985,0.050000,54316.492028,54316.542369,54316.592370
R1231:54316.614748,0.050000,54316.614949,54316.614959,54316.664960
R1232:54316.664293,0.050000,54316.664373,54316.664999,54316.715000
R1233:54316.721297,0.050000,54316.721487,54316.721497,54316.771498
R1234:54316.841795,0.050000,54316.841965,54316.841975,54316.891976
R1235:54316.852573,0.050000,54316.852647,54316.892016,54316.942016
R1236:54316.866778,0.050000,54316.866813,54316.942122,54316.992123
R1237:54316.982572,0.050000,54316.982703,54316.992156,54317.042177
R1238:54317.182716,0.050000,54317.182856,54317.182886,54317.232887
R1239:54317.245454,0.050000,54317.245697,54317.245707,54317.295708
R1240:54317.272189,0.050000,54317.272310,54317.296242,54317.346243
R1241:54317.294306,0.050000,54317.294365,54317.346305,54317.396306
R1242:54317.310968,0.050000,54317.311005,54317.396354,54317.446354
R1243:54317.313518,0.050000,54317.346290,54317.446395,54317.496396
R1244:54317.322721,0.050000,54317.346293,54317.496428,54317.546429
R1245:54317.422728,0.050000,54317.422790,54317.546489,54317.596490
R1246:54317.497090,0.050000,54317.497119,54317.596535,54317.646536
R1247:54317.516426,0.050000,54317.538245,54317.646575,54317.696576
R1248:54317.604185,0.050000,54317.604225,54317.696634,54317.746635
R1249:54317.820292,0.050000,54317.820353,54317.820488,54317.870489
R1250:54317.939885,0.050000,54317.940013,54317.940025,54317.990026
R1251:54318.038451,0.050000,54318.038588,54318.038598,54318.091580
R1252:54318.138490,0.050000,54318.138637,54318.138647,54318.188648
R1253:54318.166780,0.050000,54318.166882,54318.188679,54318.238680
R1254:54318.246778,0.050000,54318.246883,54318.246960,54318.296961
R1255:54318.259850,0.050000,54318.290211,54318.297021,54318.347022
R1256:54318.267208,0.050000,54318.290216,54318.347060,54318.397079
R1257:54318.385331,0.050000,54318.385417,54318.397162,54318.447163
R1258:54318.536419,0.050000,54318.536469,54318.536520,54318.586521
R1259:54318.566532,0.050000,54318.578257,54318.586559,54318.636560
R1260:54318.603570,0.050000,54318.603618,54318.636608,54318.686609
R1261:54318.759155,0.050000,54318.759206,54318.759342,54318.809343
R1262:54318.771125,0.050000,54318.801249,54318.809393,54318.861137
R1263:54318.919542,0.050000,54318.919651,54318.920307,54318.970308
R1264:54318.957735,0.050000,54318.960201,54318.970350,54319.020351
R1265:54319.165399,0.050000,54319.165484,54319.165613,54319.215614
R1266:54319.472365,0.050000,54319.472408,54319.472537,54319.522538
R1267:54319.535172,0.050000,54319.535207,54319.535538,54319.585538
R1268:54319.630205,0.050000,54319.630264,54319.630896,54319.680897
R1269:54319.813019,0.050000,54319.813185,54319.813617,54319.863899
R1270:54319.822501,0.050000,54319.822579,54319.863928,54319.913928
R1271:54319.822576,0.050000,54319.822587,54319.913979,54319.963980
R1272:54319.835586,0.050000,54319.835781,54319.964016,54320.014017
R1273:54319.863987,0.050000,54319.864007,54320.014108,54320.064109
R1274:54319.866517,0.050000,54319.905278,54320.064149,54320.114176
R1275:54319.890470,0.050000,54319.905280,54320.114212,54320.164222
R1276:54319.893275,0.050000,54319.905282,54320.164283,54320.214283
R1277:54319.973562,0.050000,54319.973617,54320.214317,54320.264318
R1278:54320.023826,0.050000,54320.023877,54320.264359,54320.314359
R1279:54320.120020,0.050000,54320.120080,54320.314419,54320.364420
R1280:54320.188205,0.050000,54320.188304,54320.364457,54320.414457
R1281:54320.212326,0.050000,54320.212367,54320.414494,54320.464494
R1282:54320.256337,0.050000,54320.256366,54320.464534,54320.514535
R1283:54320.285424,0.050000,54320.285464,54320.514571,54320.564572
R1284:54320.351024,0.050000,54320.351055,54320.564603,54320.614604
R1285:54320.357545,0.050000,54320.364466,54320.614657,54320.664658
R1286:54320.406449,0.050000,54320.406476,54320.664699,54320.714700
R1287:54320.490412,0.050000,54320.490442,54320.714759,54320.764759
R1288:54320.644996,0.050000,54320.645152,54320.764805,54320.814806
R1289:54320.675914,0.050000,54320.675950,54320.814861,54320.864862
R1290:54321.004243,0.050000,54321.004286,54321.004396,54321.054397
R1291:54321.026192,0.050000,54321.046262,54321.054443,54321.104444
R1292:54321.043273,0.050000,54321.046266,54321.104488,54321.154489
R1293:54321.054352,0.050000,54321.054487,54321.154561,54321.204562
R1294:54321.063273,0.050000,54321.096090,54321.204586,54321.254587
R1295:54321.131510,0.050000,54321.131577,54321.254614,54321.304614
R1296:54321.137085,0.050000,54321.154546,54321.304676,54321.354676
R1297:54321.144168,0.050000,54321.154549,54321.354718,54321.404719
R1298:54321.156554,0.050000,54321.195278,54321.404778,54321.454779
R1299:54321.269506,0.050000,54321.269548,54321.454817,54321.504817
R1300:54321.620396,0.050000,54321.620431,54321.620477,54321.670478
R1301:54321.643313,0.050000,54321.661254,54321.671390,54321.721391
R1302:54321.756236,0.050000,54321.756287,54321.756363,54321.806364
R1303:54321.768396,0.050000,54321.797164,54321.806425,54321.856426
R1304:54321.832364,0.050000,54321.832429,54321.856458,54321.906458
R1305:54321.956595,0.050000,54321.956644,54321.956713,54322.006714
R1306:54321.997542,0.050000,54321.998193,54322.006743,54322.056744
R1307:54322.067944,0.050000,54322.067987,54322.068090,54322.118091
R1308:54322.113953,0.050000,54322.113981,54322.118171,54322.168172
R1309:54322.284296,0.050000,54322.284376,54322.284571,54322.334572
R1310:54322.313281,0.050000,54322.326264,54322.334625,54322.384627
R1311:54322.316145,0.050000,54322.326272,54322.384681,54322.434681
R1312:54322.329390,0.050000,54322.329408,54322.434738,54322.484738
R1313:54322.435213,0.050000,54322.435232,54322.484774,54322.534775
R1314:54322.468374,0.050000,54322.476272,54322.534821,54322.584822
R1315:54322.569353,0.050000,54322.569404,54322.584869,54322.634870
R1316:54322.704744,0.050000,54322.704793,54322.704941,54322.754942
R1317:54322.835844,0.050000,54322.835939,54322.836104,54322.886105
R1318:54322.874569,0.050000,54322.874646,54322.886163,54322.936195
R1319:54322.965419,0.050000,54322.965493,54322.965645,54323.015646
R1320:54322.977671,0.050000,54323.007297,54323.015673,54323.065674
R1321:54323.014485,0.050000,54323.014511,54323.065723,54323.115723
R1322:54323.229675,0.050000,54323.229730,54323.229775,54323.279776
R1323:54323.261800,0.050000,54323.271265,54323.279843,54323.329844
R1324:54323.316370,0.050000,54323.316422,54323.329907,54323.379907
R1325:54323.319618,0.050000,54323.329894,54323.379944,54323.429944
R1326:54323.519263,0.050000,54323.519316,54323.521202,54323.571209
R1327:54323.583954,0.050000,54323.584124,54323.584133,54323.634134
R1328:54323.594174,0.050000,54323.594216,54323.634205,54323.684206
R1329:54323.599648,0.050000,54323.599676,54323.684237,54323.734238
R1330:54323.631370,0.050000,54323.631561,54323.734292,54323.784293
R1331:54323.640869,0.050000,54323.640896,54323.784343,54323.834344
R1332:54323.671082,0.050000,54323.682237,54323.834410,54323.884411
R1333:54323.679775,0.050000,54323.682243,54323.884466,54323.934467
R1334:54323.702646,0.050000,54323.702724,54323.934513,54323.984513
R1335:54323.871456,0.050000,54323.871495,54323.984564,54324.034564
R1336:54324.054291,0.050000,54324.054333,54324.054459,54324.104460
R1337:54324.139333,0.050000,54324.139404,54324.139479,54324.189480
R1338:54324.190932,0.050000,54324.190969,54324.191329,54324.241329
R1339:54324.225006,0.050000,54324.225083,54324.241374,54324.291404
R1340:54324.288518,0.050000,54324.288659,54324.291436,54324.341437
R1341:54324.412774,0.050000,54324.412828,54324.413023,54324.463024
R1342:54324.451047,0.050000,54324.453347,54324.463107,54324.513108
R1343:54324.548009,0.050000,54324.548097,54324.548276,54324.598277
R1344:54324.609190,0.050000,54324.609242,54324.609348,54324.659349
R1345:54324.713065,0.050000,54324.713126,54324.713230,54324.763251
R1346:54324.758781,0.050000,54324.758833,54324.763286,54324.813289
R1347:54324.795048,0.050000,54324.795102,54324.813334,54324.863334
R1348:54324.857990,0.050000,54324.858018,54324.863366,54324.913366
R1349:54324.999429,0.050000,54324.999470,54324.999588,54325.049588
R1350:54325.004891,0.050000,54325.040276,54325.049626,54325.099669
R1351:54325.098775,0.050000,54325.098814,54325.099701,54325.149701
R1352:54325.118728,0.050000,54325.118763,54325.149779,54325.199780
R1353:54325.120236,0.050000,54325.149764,54325.199821,54325.249822
R1354:54325.124985,0.050000,54325.149768,54325.249859,54325.299860
R1355:54325.225832,0.050000,54325.225889,54325.299908,54325.349909
R1356:54325.229618,0.050000,54325.229652,54325.349947,54325.399948
R1357:54325.497454,0.050000,54325.497641,54325.497682,54325.547683
R1358:54325.524642,0.050000,54325.538288,54325.547719,54325.597720
R1359:54325.538957,0.050000,54325.538974,54325.597776,54325.647777
R1360:54325.541899,0.050000,54325.541920,54325.647840,54325.697840
R1361:54325.619198,0.050000,54325.619287,54325.697865,54325.747865
R1362:54325.644800,0.050000,54325.647826,54325.748479,54325.798480
R1363:54325.679305,0.050000,54325.689294,54325.798537,54325.848538
R1364:54325.782945,0.050000,54325.783008,54325.848570,54325.898571
R1365:54325.842517,0.050000,54325.842552,54325.898615,54325.948615
R1366:54325.864657,0.050000,54325.864681,54325.948645,54325.998646
R1367:54325.945149,0.050000,54325.945181,54325.998701,54326.048702
R1368:54325.963499,0.050000,54325.963538,54326.048738,54326.098738
R1369:54326.066933,0.050000,54326.067002,54326.098804,54326.148804
R1370:54326.067474,0.050000,54326.098791,54326.148847,54326.198848
R1371:54326.179169,0.050000,54326.179506,54326.198893,54326.248894
R1372:54326.239820,0.050000,54326.239859,54326.248930,54326.298931
R1373:54326.278510,0.050000,54326.278554,54326.298987,54326.348988
R1374:54326.329534,0.050000,54326.329583,54326.349044,54326.399045
R1375:54326.336543,0.050000,54326.349030,54326.399083,54326.449084
R1376:54326.347771,0.050000,54326.349033,54326.449116,54326.499117
R1377:54326.550243,0.050000,54326.550705,54326.550724,54326.600725
R1378:54326.597662,0.050000,54326.597714,54326.600760,54326.650760
R1379:54326.688593,0.050000,54326.688683,54326.689215,54326.739216
R1380:54326.801519,0.050000,54326.801556,54326.801988,54326.851989
R1381:54326.859164,0.050000,54326.859232,54326.859730,54326.909731
R1382:54326.897985,0.050000,54326.898026,54326.909773,54326.959773
R1383:54327.248451,0.050000,54327.248483,54327.249084,54327.299085
R1384:54327.307183,0.050000,54327.307218,54327.307700,54327.357701
R1385:54327.351762,0.050000,54327.351796,54327.357738,54327.407739
R1386:54327.449186,0.050000,54327.449235,54327.449826,54327.499827
R1387:54327.516002,0.050000,54327.516052,54327.516579,54327.566580
R1388:54327.556490,0.050000,54327.556531,54327.566632,54327.616633
R1389:54327.557670,0.050000,54327.557689,54327.616675,54327.666676
R1390:54327.664563,0.050000,54327.664604,54327.666707,54327.716707
R1391:54327.710689,0.050000,54327.710731,54327.716767,54327.766768
R1392:54327.791131,0.050000,54327.791161,54327.791246,54327.841246
R1393:54327.793583,0.050000,54327.833334,54327.841285,54327.891285
R1394:54327.919842,0.050000,54327.919880,54327.920362,54327.970363
R1395:54327.957843,0.050000,54327.960086,54327.970406,54328.020406
R1396:54328.022748,0.050000,54328.022776,54328.023153,54328.073161
R1397:54328.027376,0.050000,54328.064105,54328.073197,54328.123259
R1398:54328.030955,0.050000,54328.064112,54328.123331,54328.173332
R1399:54328.145669,0.050000,54328.145712,54328.173387,54328.223388
R1400:54328.266950,0.050000,54328.266994,54328.267320,54328.317320
R1401:54328.270065,0.050000,54328.307301,54328.317356,54328.367357
R1402:54328.329957,0.050000,54328.329998,54328.367423,54328.417423
R1403:54328.360993,0.050000,54328.367410,54328.417461,54328.467462
R1404:54328.404653,0.050000,54328.410144,54328.467507,54328.517508
R1405:54328.406530,0.050000,54328.410150,54328.517538,54328.567539
R1406:54328.447922,0.050000,54328.448056,54328.567579,54328.617579
R1407:54328.512460,0.050000,54328.512494,54328.617611,54328.667611
R1408:54328.741751,0.050000,54328.741792,54328.742697,54328.792698
R1409:54328.900679,0.050000,54328.900721,54328.901306,54328.951307
R1410:54328.923449,0.050000,54328.923499,54328.951358,54329.001359
R1411:54329.020935,0.050000,54329.020971,54329.021351,54329.071352
R1412:54329.060496,0.050000,54329.061126,54329.071391,54329.121392
R1413:54329.141530,0.050000,54329.141717,54329.141800,54329.191801
R1414:54329.236434,0.050000,54329.236527,54329.236720,54329.286721
R1415:54329.444721,0.050000,54329.444780,54329.445420,54329.495421
R1416:54329.452088,0.050000,54329.452119,54329.495453,54329.545453
R1417:54329.494712,0.050000,54329.494758,54329.545496,54329.595497
R1418:54329.550322,0.050000,54329.550342,54329.595553,54329.645554
R1419:54329.603503,0.050000,54329.603545,54329.645601,54329.695602
R1420:54329.648615,0.050000,54329.648694,54329.695632,54329.745632
R1421:54329.673408,0.050000,54329.673463,54329.745662,54329.795662
R1422:54329.894490,0.050000,54329.894633,54329.895143,54329.945144
R1423:54329.901670,0.050000,54329.935280,54329.946096,54329.996097
R1424:54329.928309,0.050000,54329.935284,54329.996145,54330.046145
R1425:54330.035211,0.050000,54330.035279,54330.046225,54330.096226
R1426:54330.085260,0.050000,54330.085335,54330.096308,54330.146322
R1427:54330.237178,0.050000,54330.237227,54330.237693,54330.287745
R1428:54330.362902,0.050000,54330.362980,54330.363006,54330.413250
R1429:54330.417658,0.050000,54330.417728,54330.417798,54330.467798
R1430:54330.495359,0.050000,54330.495439,54330.495489,54330.545490
R1431:54330.565420,0.050000,54330.565466,54330.565627,54330.615628
R1432:54330.626114,0.050000,54330.626177,54330.626210,54330.676211
R1433:54330.641023,0.050000,54330.641073,54330.676266,54330.726267
R1434:54330.841753,0.050000,54330.841926,54330.841937,54330.891938
R1435:54331.124198,0.050000,54331.124303,54331.124324,54331.174325
R1436:54331.141067,0.050000,54331.141153,54331.174424,54331.224425
R1437:54331.173235,0.050000,54331.173321,54331.224491,54331.274491
R1438:54331.232749,0.050000,54331.232786,54331.274517,54331.324518
R1439:54331.244859,0.050000,54331.274359,54331.324558,54331.374559
R1440:54331.263436,0.050000,54331.274363,54331.374620,54331.424621
R1441:54331.384495,0.050000,54331.384535,54331.424681,54331.474682
R1442:54331.536798,0.050000,54331.536831,54331.537165,54331.587165
R1443:54331.609964,0.050000,54331.610023,54331.610515,54331.660516
R1444:54331.655170,0.050000,54331.655224,54331.660582,54331.710583
R1445:54331.719992,0.050000,54331.720029,54331.720511,54331.770511
R1446:54331.780930,0.050000,54331.781003,54331.781133,54331.831134
R1447:54331.839547,0.050000,54331.839583,54331.839904,54331.889905
R1448:54332.227360,0.050000,54332.227420,54332.227886,54332.277887
R1449:54332.232185,0.050000,54332.232208,54332.277943,54332.327943
R1450:54332.234607,0.050000,54332.234647,54332.327992,54332.377993
R1451:54332.278242,0.050000,54332.278269,54332.378021,54332.428022
R1452:54332.308132,0.050000,54332.308163,54332.428083,54332.478083
R1453:54332.586485,0.050000,54332.586536,54332.587252,54332.637253
R1454:54332.642892,0.050000,54332.642932,54332.643639,54332.693640
R1455:54332.716070,0.050000,54332.716118,54332.716539,54332.766539
R1456:54332.814761,0.050000,54332.814804,54332.815185,54332.865186
R1457:54333.197765,0.050000,54333.197805,54333.198083,54333.248115
R1458:54333.247294,0.050000,54333.247349,54333.248152,54333.298153
R1459:54333.304990,0.050000,54333.305059,54333.305226,54333.355227
R1460:54333.358684,0.050000,54333.358716,54333.358869,54333.408892
R1461:54333.367648,0.050000,54333.367678,54333.408921,54333.458921
R1462:54333.377941,0.050000,54333.377971,54333.458954,54333.508954
R1463:54333.381756,0.050000,54333.381774,54333.508985,54333.558986
R1464:54333.407696,0.050000,54333.407741,54333.559021,54333.609022
R1465:54333.411835,0.050000,54333.411851,54333.609085,54333.659086
R1466:54333.413628,0.050000,54333.453251,54333.659138,54333.709139
R1467:54333.464158,0.050000,54333.464236,54333.709173,54333.759209
R1468:54333.502843,0.050000,54333.505092,54333.759249,54333.809250
R1469:54333.566179,0.050000,54333.566250,54333.809298,54333.859299
R1470:54333.642132,0.050000,54333.642231,54333.859335,54333.909336
R1471:54333.714084,0.050000,54333.714108,54333.909360,54333.959361
R1472:54333.748360,0.050000,54333.755077,54333.959430,54334.009431
R1473:54333.800644,0.050000,54333.800690,54334.009461,54334.059464
R1474:54333.820765,0.050000,54333.820815,54334.059502,54334.109503
R1475:54333.943286,0.050000,54333.943375,54334.109565,54334.159566
R1476:54333.947955,0.050000,54333.959417,54334.159606,54334.209607
R1477:54334.058835,0.050000,54334.058886,54334.209635,54334.259636
R1478:54334.089436,0.050000,54334.089465,54334.259691,54334.309692
R1479:54334.093391,0.050000,54334.109552,54334.309747,54334.359748
R1480:54334.226207,0.050000,54334.226254,54334.359788,54334.409789
R1481:54334.260144,0.050000,54334.260172,54334.409815,54334.459816
R1482:54334.310584,0.050000,54334.310691,54334.459856,54334.509857
R1483:54334.322629,0.050000,54334.322695,54334.509891,54334.559892
R1484:54334.353488,0.050000,54334.353539,54334.560437,54334.610438
R1485:54334.906256,0.050000,54334.906308,54334.906458,54334.956459
R1486:54335.014943,0.050000,54335.014991,54335.015102,54335.065102
R1487:54335.019118,0.050000,54335.019143,54335.065162,54335.115163
R1488:54335.394171,0.050000,54335.394223,54335.394364,54335.444365
R1489:54335.414393,0.050000,54335.414443,54335.444428,54335.494429
R1490:54335.481026,0.050000,54335.481072,54335.494476,54335.544477
R1491:54335.533537,0.050000,54335.533586,54335.544524,54335.594525
R1492:54335.565538,0.050000,54335.565576,54335.594583,54335.644584
R1493:54335.658932,0.050000,54335.658996,54335.659117,54335.709118
R1494:54335.718869,0.050000,54335.718947,54335.719066,54335.769067
R1495:54335.794078,0.050000,54335.794172,54335.794280,54335.844335
R1496:54335.901815,0.050000,54335.901850,54335.901964,54335.951965
R1497:54335.965271,0.050000,54335.965311,54335.965552,54336.015553
R1498:54335.973711,0.050000,54335.973759,54336.015596,54336.065597
R1499:54335.985694,0.050000,54335.985727,54336.065650,54336.115651
