R0:54336.151424,0.050000,54336.151471,54336.151508,54336.201509
R1:54336.282528,0.050000,54336.282693,54336.283212,54336.333213
R2:54336.318952,0.050000,54336.319273,54336.333263,54336.383264
R3:54336.428528,0.050000,54336.428702,54336.428918,54336.478918
R4:54336.543259,0.050000,54336.543342,54336.543519,54336.593520
R5:54336.716777,0.050000,54336.716838,54336.717471,54336.767472
R6:54336.732654,0.050000,54336.732719,54336.767528,54336.817529
R7:54336.762031,0.050000,54336.762084,54336.817584,54336.867588
R8:54336.866631,0.050000,54336.866679,54336.868651,54336.918652
R9:54336.890017,0.050000,54336.890076,54336.918691,54336.968692
R10:54336.947897,0.050000,54336.947942,54336.968736,54337.018736
R11:54336.994364,0.050000,54336.994405,54337.018790,54337.068791
R12:54337.065285,0.050000,54337.065328,54337.068828,54337.118828
R13:54337.097814,0.050000,54337.097840,54337.118874,54337.168875
R14:54337.149356,0.050000,54337.149381,54337.168925,54337.218926
R15:54337.366685,0.050000,54337.366725,54337.366774,54337.416775
R16:54337.543900,0.050000,54337.543936,54337.544048,54337.594049
R17:54337.616223,0.050000,54337.616294,54337.617007,54337.667007
R18:54337.706648,0.050000,54337.706706,54337.706825,54337.756826
R19:54337.717662,0.050000,54337.717685,54337.756884,54337.806885
R20:54337.784468,0.050000,54337.784520,54337.806963,54337.856965
R21:54337.785750,0.050000,54337.807005,54337.856999,54337.907000
R22:54337.805702,0.050000,54337.807009,54337.907031,54337.957032
R23:54337.816468,0.050000,54337.848272,54337.957105,54338.007105
R24:54337.933012,0.050000,54337.933044,54338.007137,54338.057141
R25:54337.945280,0.050000,54337.957151,54338.057169,54338.107169
R26:54337.981953,0.050000,54337.998194,54338.107229,54338.157231
R27:54337.991941,0.050000,54337.998208,54338.157283,54338.207284
R28:54338.000233,0.050000,54338.000252,54338.207334,54338.257335
R29:54338.488525,0.050000,54338.489138,54338.489148,54338.539148
R30:54338.506237,0.050000,54338.529097,54338.539183,54338.589184
R31:54338.557685,0.050000,54338.557727,54338.589259,54338.639260
R32:54338.688312,0.050000,54338.688505,54338.688515,54338.738516
R33:54338.756179,0.050000,54338.756863,54338.756873,54338.806874
R34:54338.781475,0.050000,54338.781524,54338.806930,54338.856931
R35:54338.854077,0.050000,54338.854110,54338.856980,54338.906981
R36:54338.908243,0.050000,54338.908271,54338.908391,54338.958392
R37:54338.957001,0.050000,54338.957046,54338.958423,54339.008424
R38:54339.214513,0.050000,54339.214602,54339.214784,54339.264785
R39:54339.239441,0.050000,54339.255271,54339.264845,54339.314845
R40:54339.344933,0.050000,54339.345090,54339.345101,54339.395101
R41:54339.398477,0.050000,54339.398547,54339.398614,54339.448614
R42:54339.503560,0.050000,54339.503601,54339.503702,54339.553703
R43:54339.540175,0.050000,54339.540247,54339.553747,54339.603748
R44:54339.698965,0.050000,54339.699035,54339.699158,54339.749170
R45:54339.722924,0.050000,54339.739219,54339.749225,54339.799226
R46:54339.754012,0.050000,54339.754045,54339.799262,54339.849262
R47:54339.871885,0.050000,54339.872084,54339.872096,54339.922097
R48:54340.051589,0.050000,54340.051678,54340.051876,54340.101877
R49:54340.056948,0.050000,54340.056983,54340.101908,54340.151909
R50:54340.270096,0.050000,54340.270132,54340.271109,54340.321110
R51:54340.323507,0.050000,54340.323543,54340.323955,54340.373956
R52:54340.330014,0.050000,54340.330034,54340.374013,54340.424013
R53:54340.345333,0.050000,54340.345369,54340.424078,54340.474079
R54:54340.423263,0.050000,54340.423292,54340.474126,54340.524127
R55:54340.581203,0.050000,54340.581255,54340.581791,54340.631792
R56:54340.611983,0.050000,54340.622184,54340.631853,54340.681854
R57:54340.616767,0.050000,54340.622188,54340.681924,54340.731924
R58:54340.618260,0.050000,54340.622189,54340.731952,54340.781953
R59:54340.662032,0.050000,54340.662080,54340.781994,54340.831995
R60:54340.666926,0.050000,54340.681911,54340.832058,54340.882059
R61:54340.686921,0.050000,54340.723098,54340.882118,54340.932119
R62:54340.939272,0.050000,54340.939313,54340.939513,54340.989515
R63:54341.105451,0.050000,54341.105503,54341.105785,54341.155786
R64:54341.241513,0.050000,54341.241565,54341.242342,54341.292342
R65:54341.263779,0.050000,54341.263825,54341.292398,54341.342399
R66:54341.319433,0.050000,54341.319463,54341.342492,54341.392493
R67:54341.353860,0.050000,54341.353901,54341.392551,54341.442585
R68:54341.456195,0.050000,54341.456271,54341.456506,54341.506507
R69:54341.507771,0.050000,54341.507808,54341.508093,54341.558095
R70:54341.586920,0.050000,54341.586979,54341.587442,54341.637443
R71:54341.641220,0.050000,54341.641256,54341.641594,54341.691594
R72:54341.644160,0.050000,54341.644229,54341.691622,54341.741623
R73:54341.685549,0.050000,54341.685585,54341.741650,54341.791651
R74:54341.877574,0.050000,54341.877620,54341.877724,54341.927725
R75:54342.068465,0.050000,54342.068520,54342.068994,54342.118995
R76:54342.159757,0.050000,54342.159812,54342.160323,54342.210324
R77:54342.183775,0.050000,54342.183839,54342.210372,54342.260373
R78:54342.279839,0.050000,54342.279885,54342.280323,54342.330324
R79:54342.353048,0.050000,54342.353094,54342.353532,54342.403533
R80:54342.384406,0.050000,54342.384456,54342.403595,54342.453596
R81:54342.467745,0.050000,54342.467777,54342.468130,54342.518130
R82:54342.480838,0.050000,54342.510094,54342.518161,54342.568162
R83:54342.522406,0.050000,54342.522429,54342.568194,54342.618195
R84:54342.674049,0.050000,54342.674106,54342.674274,54342.724275
R85:54342.800436,0.050000,54342.800494,54342.800925,54342.850926
R86:54342.829228,0.050000,54342.829277,54342.850957,54342.900958
R87:54342.848034,0.050000,54342.848084,54342.901015,54342.951015
R88:54343.008072,0.050000,54343.008142,54343.008541,54343.058542
R89:54343.039040,0.050000,54343.048091,54343.058569,54343.108570
R90:54343.122046,0.050000,54343.122088,54343.122247,54343.172248
R91:54343.346065,0.050000,54343.346151,54343.346230,54343.396231
R92:54343.409684,0.050000,54343.409726,54343.409944,54343.459945
R93:54343.486282,0.050000,54343.486337,54343.486779,54343.536780
R94:54343.626182,0.050000,54343.626235,54343.626289,54343.676290
R95:54343.667663,0.050000,54343.667705,54343.676336,54343.726337
R96:54343.851818,0.050000,54343.851870,54343.852552,54343.902553
R97:54343.888242,0.050000,54343.892327,54343.902587,54343.952588
R98:54344.008747,0.050000,54344.008784,54344.009335,54344.059336
R99:54344.091204,0.050000,54344.091270,54344.091990,54344.141991
R100:54344.264111,0.050000,54344.264190,54344.264835,54344.314836
R101:54344.311344,0.050000,54344.311391,54344.314915,54344.364916
R102:54344.328806,0.050000,54344.328844,54344.364951,54344.414951
R103:54344.543246,0.050000,54344.543283,54344.543880,54344.593881
R104:54344.723889,0.050000,54344.723939,54344.724610,54344.774611
R105:54344.735410,0.050000,54344.735449,54344.774646,54344.824647
R106:54344.887593,0.050000,54344.887645,54344.887694,54344.937694
R107:54344.960944,0.050000,54344.960984,54344.961472,54345.011473
R108:54345.001474,0.050000,54345.001526,54345.011512,54345.061513
R109:54345.070615,0.050000,54345.070685,54345.070813,54345.120814
R110:54345.094344,0.050000,54345.111216,54345.120857,54345.170858
R111:54345.204540,0.050000,54345.204587,54345.204704,54345.254705
R112:54345.230916,0.050000,54345.245225,54345.254735,54345.304737
R113:54345.273296,0.050000,54345.273343,54345.304796,54345.354797
R114:54345.291713,0.050000,54345.304784,54345.354819,54345.404820
R115:54345.306594,0.050000,54345.346189,54345.404875,54345.454876
R116:54345.329745,0.050000,54345.346195,54345.454939,54345.504939
R117:54345.387861,0.050000,54345.387893,54345.504972,54345.554973
R118:54345.426433,0.050000,54345.426463,54345.555006,54345.605007
R119:54345.439784,0.050000,54345.454926,54345.605050,54345.655052
R120:54345.609331,0.050000,54345.609357,54345.655088,54345.705089
R121:54345.617308,0.050000,54345.617332,54345.705147,54345.755148
R122:54345.627196,0.050000,54345.627226,54345.755174,54345.805175
R123:54345.676472,0.050000,54345.676508,54345.805231,54345.855232
R124:54345.779474,0.050000,54345.779526,54345.855265,54345.905279
R125:54346.078971,0.050000,54346.079038,54346.079713,54346.129713
R126:54346.274438,0.050000,54346.274484,54346.274567,54346.324568
R127:54346.356969,0.050000,54346.357022,54346.357138,54346.407139
R128:54346.391632,0.050000,54346.391684,54346.407223,54346.457224
R129:54346.490698,0.050000,54346.490733,54346.491280,54346.541281
R130:54346.523674,0.050000,54346.531158,54346.541331,54346.591331
R131:54346.548618,0.050000,54346.548647,54346.591360,54346.641361
R132:54346.567593,0.050000,54346.589140,54346.641414,54346.691415
R133:54346.631005,0.050000,54346.631111,54346.691492,54346.741492
R134:54346.651786,0.050000,54346.651829,54346.741538,54346.791539
R135:54346.664315,0.050000,54346.691478,54346.791583,54346.841583
R136:54346.758894,0.050000,54346.758930,54346.841620,54346.891621
R137:54346.769007,0.050000,54346.769051,54346.891648,54346.941649
R138:54346.882895,0.050000,54346.882948,54346.941681,54346.991682
R139:54346.896457,0.050000,54346.896495,54346.991753,54347.041754
R140:54346.994874,0.050000,54346.994916,54347.041801,54347.091801
R141:54347.001223,0.050000,54347.001290,54347.091850,54347.141851
R142:54347.215871,0.050000,54347.215927,54347.215976,54347.265977
R143:54347.219857,0.050000,54347.219879,54347.266015,54347.316016
R144:54347.272591,0.050000,54347.272618,54347.316055,54347.366056
R145:54347.286769,0.050000,54347.286815,54347.366134,54347.416135
R146:54347.306796,0.050000,54347.306839,54347.416181,54347.466187
R147:54347.421556,0.050000,54347.421582,54347.466226,54347.516227
R148:54347.516055,0.050000,54347.516093,54347.516254,54347.566285
R149:54347.592664,0.050000,54347.592717,54347.593172,54347.643173
R150:54347.837360,0.050000,54347.837417,54347.837471,54347.887472
R151:54347.910494,0.050000,54347.910534,54347.910684,54347.960685
R152:54348.012560,0.050000,54348.012614,54348.016277,54348.066278
R153:54348.019657,0.050000,54348.019690,54348.066323,54348.118099
R154:54348.030168,0.050000,54348.030221,54348.118214,54348.168214
R155:54348.082951,0.050000,54348.083004,54348.168245,54348.218245
R156:54348.089018,0.050000,54348.118200,54348.218304,54348.268306
R157:54348.094382,0.050000,54348.118203,54348.268371,54348.318371
R158:54348.110912,0.050000,54348.118204,54348.318403,54348.368403
R159:54348.155952,0.050000,54348.160106,54348.368459,54348.418460
R160:54348.279353,0.050000,54348.279397,54348.418509,54348.468510
R161:54348.341361,0.050000,54348.341401,54348.468582,54348.518582
R162:54348.443231,0.050000,54348.443281,54348.518613,54348.568613
R163:54348.448046,0.050000,54348.468566,54348.568664,54348.618665
R164:54348.461417,0.050000,54348.468570,54348.618699,54348.668700
R165:54349.315943,0.050000,54349.316165,54349.316221,54349.366222
R166:54349.332484,0.050000,54349.332544,54349.366306,54349.416307
R167:54349.490346,0.050000,54349.490397,54349.490446,54349.540447
R168:54349.500050,0.050000,54349.531205,54349.540485,54349.590486
R169:54349.937168,0.050000,54349.937215,54349.937255,54349.987256
R170:54349.941235,0.050000,54349.979243,54349.987297,54350.037322
R171:54350.087319,0.050000,54350.087367,54350.088383,54350.138384
R172:54350.092823,0.050000,54350.128280,54350.138419,54350.188420
R173:54350.093177,0.050000,54350.128285,54350.188479,54350.238480
R174:54350.276574,0.050000,54350.276673,54350.276989,54350.326990
R175:54350.341253,0.050000,54350.341302,54350.341736,54350.391737
R176:54350.355739,0.050000,54350.355777,54350.391784,54350.441785
R177:54350.368669,0.050000,54350.368703,54350.441837,54350.491838
R178:54350.404464,0.050000,54350.404502,54350.491869,54350.546214
R179:54350.579232,0.050000,54350.579283,54350.579362,54350.629362
R180:54350.701744,0.050000,54350.701828,54350.701935,54350.751935
R181:54350.733701,0.050000,54350.733753,54350.751972,54350.801972
R182:54350.791272,0.050000,54350.791311,54350.802021,54350.852022
R183:54350.853227,0.050000,54350.853259,54350.853395,54350.903396
R184:54350.896395,0.050000,54350.896429,54350.903436,54350.953437
R185:54350.979541,0.050000,54350.979613,54350.979751,54351.029751
R186:54350.987205,0.050000,54351.021093,54351.029784,54351.079784
R187:54351.041343,0.050000,54351.041376,54351.079827,54351.129827
R188:54351.142577,0.050000,54351.142613,54351.142689,54351.192690
R189:54351.168597,0.050000,54351.183311,54351.192725,54351.242742
R190:54351.515631,0.050000,54351.515678,54351.515786,54351.565786
R191:54351.577269,0.050000,54351.577314,54351.577720,54351.627721
R192:54351.727386,0.050000,54351.727451,54351.740912,54351.790913
R193:54351.825915,0.050000,54351.825968,54351.826590,54351.876591
R194:54351.896903,0.050000,54351.897110,54351.897757,54351.947759
R195:54351.899633,0.050000,54351.899744,54351.947814,54351.997815
R196:54351.998101,0.050000,54351.998128,54351.998197,54352.048198
R197:54352.126159,0.050000,54352.126290,54352.126331,54352.176356
R198:54352.311650,0.050000,54352.311688,54352.311740,54352.361740
R199:54352.459349,0.050000,54352.459385,54352.459432,54352.509433
R200:54352.586505,0.050000,54352.586559,54352.587007,54352.637008
R201:54352.864251,0.050000,54352.864337,54352.864508,54352.914509
R202:54352.961737,0.050000,54352.961829,54352.962680,54353.012681
R203:54353.128811,0.050000,54353.128895,54353.129602,54353.179602
R204:54353.422558,0.050000,54353.422627,54353.423093,54353.473094
R205:54353.501190,0.050000,54353.501235,54353.501623,54353.551624
R206:54353.550426,0.050000,54353.550481,54353.551654,54353.601654
R207:54353.563452,0.050000,54353.563484,54353.601709,54353.651709
R208:54353.690163,0.050000,54353.690208,54353.690582,54353.740583
R209:54353.847267,0.050000,54353.847323,54353.847376,54353.897377
R210:54353.853155,0.050000,54353.853181,54353.897438,54353.947439
R211:54353.928223,0.050000,54353.928281,54353.947488,54353.997489
R212:54353.948689,0.050000,54353.948716,54353.997530,54354.047530
R213:54354.019970,0.050000,54354.020076,54354.047571,54354.097586
R214:54354.039261,0.050000,54354.039295,54354.097678,54354.147678
R215:54354.126083,0.050000,54354.126129,54354.147722,54354.197723
R216:54354.153588,0.050000,54354.153631,54354.197750,54354.247750
R217:54354.182454,0.050000,54354.194331,54354.247778,54354.297779
R218:54354.201387,0.050000,54354.201410,54354.297843,54354.347844
R219:54354.206951,0.050000,54354.243212,54354.347874,54354.397874
R220:54354.278626,0.050000,54354.278680,54354.397927,54354.447928
R221:54354.296886,0.050000,54354.297830,54354.447966,54354.497966
R222:54354.372351,0.050000,54354.372406,54354.498010,54354.548010
R223:54354.423544,0.050000,54354.423591,54354.548041,54354.598042
R224:54354.677735,0.050000,54354.677922,54354.677963,54354.727964
R225:54354.701358,0.050000,54354.718309,54354.727998,54354.777999
R226:54354.757853,0.050000,54354.757907,54354.778055,54354.828056
R227:54354.848708,0.050000,54354.848741,54354.849328,54354.899328
R228:54354.857376,0.050000,54354.892260,54354.899358,54354.949359
R229:54354.903029,0.050000,54354.903086,54354.949393,54354.999394
R230:54354.967303,0.050000,54354.967335,54354.999448,54355.049449
R231:54355.173690,0.050000,54355.173734,54355.173847,54355.223848
R232:54355.216627,0.050000,54355.216647,54355.223887,54355.273888
R233:54355.246166,0.050000,54355.246204,54355.273937,54355.323938
R234:54355.380785,0.050000,54355.380826,54355.381316,54355.431509
R235:54355.421633,0.050000,54355.421658,54355.431567,54355.481568
R236:54355.421926,0.050000,54355.421945,54355.481614,54355.531615
R237:54355.452472,0.050000,54355.452508,54355.531661,54355.581661
R238:54355.518003,0.050000,54355.518085,54355.581695,54355.631696
R239:54355.646405,0.050000,54355.646439,54355.646500,54355.696501
R240:54355.665605,0.050000,54355.688212,54355.696538,54355.746548
R241:54355.746500,0.050000,54355.746627,54355.746631,54355.796631
R242:54355.794332,0.050000,54355.794371,54355.796657,54355.846658
R243:54355.842241,0.050000,54355.842286,54355.846710,54355.896711
R244:54355.868406,0.050000,54355.868452,54355.896768,54355.946769
R245:54355.957440,0.050000,54355.957512,54355.957629,54356.007630
R246:54355.972121,0.050000,54355.998280,54356.007663,54356.057663
R247:54356.041758,0.050000,54356.041792,54356.057715,54356.107716
R248:54356.044921,0.050000,54356.057703,54356.107768,54356.157769
R249:54356.083504,0.050000,54356.099265,54356.157804,54356.207805
R250:54356.168759,0.050000,54356.168795,54356.208417,54356.258417
R251:54356.249037,0.050000,54356.249068,54356.258460,54356.308461
R252:54356.321779,0.050000,54356.321820,54356.321950,54356.371950
R253:54356.352609,0.050000,54356.363140,54356.371986,54356.421987
R254:54356.367374,0.050000,54356.367391,54356.422019,54356.472511
R255:54356.434668,0.050000,54356.434709,54356.472588,54356.522589
R256:54356.505278,0.050000,54356.505330,54356.522640,54356.572641
R257:54356.599100,0.050000,54356.599131,54356.599205,54356.649205
R258:54356.627652,0.050000,54356.639380,54356.649240,54356.699240
R259:54356.724050,0.050000,54356.724129,54356.724182,54356.774183
R260:54356.740591,0.050000,54356.765269,54356.774236,54356.824237
R261:54356.921897,0.050000,54356.922039,54356.922608,54356.972609
R262:54357.004607,0.050000,54357.004683,54357.004741,54357.054742
R263:54357.080375,0.050000,54357.080430,54357.080941,54357.130942
R264:54357.101728,0.050000,54357.101760,54357.130997,54357.180998
R265:54357.156125,0.050000,54357.156175,54357.181063,54357.231063
R266:54357.162769,0.050000,54357.181050,54357.231113,54357.281114
R267:54357.184386,0.050000,54357.221273,54357.281141,54357.331142
R268:54357.334355,0.050000,54357.334494,54357.334517,54357.384518
R269:54357.417243,0.050000,54357.417395,54357.417406,54357.467406
R270:54357.424375,0.050000,54357.424414,54357.467435,54357.517435
R271:54357.432988,0.050000,54357.433028,54357.517473,54357.567474
R272:54357.465356,0.050000,54357.465405,54357.567528,54357.617529
R273:54357.527146,0.050000,54357.527231,54357.617611,54357.667613
R274:54357.591657,0.050000,54357.591698,54357.667652,54357.717652
R275:54357.670265,0.050000,54357.670289,54357.717682,54357.767682
R276:54357.694688,0.050000,54357.711342,54357.767724,54357.817725
R277:54357.801637,0.050000,54357.801781,54357.817759,54357.867760
R278:54357.826239,0.050000,54357.826284,54357.867789,54357.917790
R279:54357.855230,0.050000,54357.867431,54357.917830,54357.967830
R280:54357.870341,0.050000,54357.870363,54357.967863,54358.017864
R281:54358.167429,0.050000,54358.167469,54358.167546,54358.217547
R282:54358.167744,0.050000,54358.167762,54358.217576,54358.267577
R283:54358.294109,0.050000,54358.294168,54358.294391,54358.344392
R284:54358.324246,0.050000,54358.324305,54358.344433,54358.394434
R285:54358.339848,0.050000,54358.339941,54358.394490,54358.444491
R286:54358.381556,0.050000,54358.381627,54358.444536,54358.494536
R287:54358.609584,0.050000,54358.609697,54358.609806,54358.659807
R288:54358.789282,0.050000,54358.789340,54358.789525,54358.839526
R289:54358.892803,0.050000,54358.892855,54358.893005,54358.943006
R290:54358.978758,0.050000,54358.978810,54358.978910,54359.028911
R291:54358.988122,0.050000,54358.988192,54359.028962,54359.078963
R292:54359.070980,0.050000,54359.071010,54359.078998,54359.128999
R293:54359.105688,0.050000,54359.105734,54359.129056,54359.179057
R294:54359.212110,0.050000,54359.212149,54359.212274,54359.262274
R295:54359.416983,0.050000,54359.417201,54359.417211,54359.467212
R296:54359.594323,0.050000,54359.594536,54359.594547,54359.644548
R297:54359.735898,0.050000,54359.735932,54359.736373,54359.786374
R298:54359.752247,0.050000,54359.752293,54359.786427,54359.836687
R299:54359.865084,0.050000,54359.865264,54359.865300,54359.915301
R300:54359.922006,0.050000,54359.922671,54359.922853,54359.972854
R301:54359.947343,0.050000,54359.947485,54359.972905,54360.022905
R302:54360.115555,0.050000,54360.115608,54360.116137,54360.166138
R303:54360.287388,0.050000,54360.287457,54360.288381,54360.338382
R304:54360.435479,0.050000,54360.435516,54360.435953,54360.485954
R305:54360.484822,0.050000,54360.484870,54360.485982,54360.535983
R306:54360.546248,0.050000,54360.546280,54360.546696,54360.596697
R307:54360.559025,0.050000,54360.587292,54360.596731,54360.646732
R308:54360.581978,0.050000,54360.587300,54360.646765,54360.696766
R309:54360.724850,0.050000,54360.724894,54360.725288,54360.775289
R310:54360.773469,0.050000,54360.773535,54360.775341,54360.825342
R311:54360.818316,0.050000,54360.818349,54360.825402,54360.875403
R312:54360.953490,0.050000,54360.953542,54360.954171,54361.004202
R313:54361.002542,0.050000,54361.002580,54361.004233,54361.054233
R314:54361.027219,0.050000,54361.027260,54361.054375,54361.104375
R315:54361.041760,0.050000,54361.054285,54361.104409,54361.154410
R316:54361.125079,0.050000,54361.125145,54361.154463,54361.204463
R317:54361.218554,0.050000,54361.218589,54361.218884,54361.268885
R318:54361.229515,0.050000,54361.260154,54361.268934,54361.318935
R319:54361.295798,0.050000,54361.295829,54361.318998,54361.368999
R320:54361.344655,0.050000,54361.344692,54361.369050,54361.419050
R321:54361.475070,0.050000,54361.475122,54361.475301,54361.525301
R322:54361.567233,0.050000,54361.567293,54361.567744,54361.617745
R323:54361.581375,0.050000,54361.581424,54361.617789,54361.667789
R324:54361.599403,0.050000,54361.599441,54361.667845,54361.717846
R325:54361.648874,0.050000,54361.648913,54361.717879,54361.767880
R326:54361.658198,0.050000,54361.667833,54361.767911,54361.817912
R327:54361.668901,0.050000,54361.709145,54361.817951,54361.867952
R328:54361.701028,0.050000,54361.709153,54361.867983,54361.917984
R329:54361.729209,0.050000,54361.729238,54361.918020,54361.968021
R330:54361.921389,0.050000,54361.921699,54361.968104,54362.018104
R331:54362.092601,0.050000,54362.092651,54362.092778,54362.142779
R332:54362.162258,0.050000,54362.162308,54362.162469,54362.212470
R333:54362.291859,0.050000,54362.291900,54362.292039,54362.342040
R334:54362.413713,0.050000,54362.413770,54362.413882,54362.463883
R335:54362.462794,0.050000,54362.462858,54362.463913,54362.513913
R336:54362.492305,0.050000,54362.492332,54362.513990,54362.563991
R337:54362.528597,0.050000,54362.528705,54362.564047,54362.614047
R338:54362.606110,0.050000,54362.606147,54362.614070,54362.664093
R339:54362.673542,0.050000,54362.673574,54362.673590,54362.723590
R340:54362.695795,0.050000,54362.714280,54362.723633,54362.773634
R341:54362.708769,0.050000,54362.714287,54362.773694,54362.823695
R342:54362.715177,0.050000,54362.715236,54362.823752,54362.873753
R343:54362.724888,0.050000,54362.724919,54362.873836,54362.923837
R344:54362.800271,0.050000,54362.800378,54362.923881,54362.973882
R345:54362.833923,0.050000,54362.834065,54362.973938,54363.023939
R346:54362.858786,0.050000,54362.873823,54363.023975,54363.074179
R347:54362.887994,0.050000,54362.914102,54363.074268,54363.124269
R348:54362.895320,0.050000,54362.914109,54363.124388,54363.174388
R349:54362.936023,0.050000,54362.936191,54363.174433,54363.224434
R350:54363.132272,0.050000,54363.132315,54363.224483,54363.274485
R351:54363.197567,0.050000,54363.197635,54363.274547,54363.324547
R352:54363.222102,0.050000,54363.222207,54363.324607,54363.374608
R353:54363.299918,0.050000,54363.299961,54363.374650,54363.424651
R354:54363.403665,0.050000,54363.403708,54363.424700,54363.474701
R355:54363.453083,0.050000,54363.453138,54363.474773,54363.524774
R356:54363.466907,0.050000,54363.474760,54363.524828,54363.574829
R357:54363.620805,0.050000,54363.621426,54363.621437,54363.671438
R358:54363.691347,0.050000,54363.691948,54363.691958,54363.741958
R359:54363.743842,0.050000,54363.743920,54363.744453,54363.794454
R360:54363.760971,0.050000,54363.761036,54363.794517,54363.844518
R361:54363.819586,0.050000,54363.819680,54363.844576,54363.898128
R362:54363.859578,0.050000,54363.859704,54363.898189,54363.948194
R363:54363.986431,0.050000,54363.986540,54363.986656,54364.036657
R364:54364.022456,0.050000,54364.028088,54364.036689,54364.086689
R365:54364.042532,0.050000,54364.042565,54364.086720,54364.136721
R366:54364.070814,0.050000,54364.083187,54364.136763,54364.186763
R367:54364.164235,0.050000,54364.164344,54364.186821,54364.236822
R368:54364.237147,0.050000,54364.237163,54364.237285,54364.287301
R369:54364.536684,0.050000,54364.537013,54364.537075,54364.587076
R370:54364.566633,0.050000,54364.566779,54364.587140,54364.637141
R371:54364.729590,0.050000,54364.729641,54364.729727,54364.779727
R372:54364.740186,0.050000,54364.775460,54364.779788,54364.829789
R373:54364.778893,0.050000,54364.779032,54364.829843,54364.879844
R374:54364.780684,0.050000,54364.780717,54364.879888,54364.929888
R375:54364.891008,0.050000,54364.891072,54364.930401,54364.980402
R376:54364.998250,0.050000,54364.998283,54364.998451,54365.048451
R377:54365.023228,0.050000,54365.039258,54365.048492,54365.098493
R378:54365.031978,0.050000,54365.039264,54365.098531,54365.148532
R379:54365.175355,0.050000,54365.175402,54365.175984,54365.225985
R380:54365.266648,0.050000,54365.266687,54365.267227,54365.317229
R381:54365.270334,0.050000,54365.270359,54365.317261,54365.367261
R382:54365.313015,0.050000,54365.313076,54365.367311,54365.417312
R383:54365.620471,0.050000,54365.620519,54365.621112,54365.671113
R384:54365.708504,0.050000,54365.708546,54365.708951,54365.758952
R385:54365.725522,0.050000,54365.725565,54365.759008,54365.809009
R386:54365.771498,0.050000,54365.771542,54365.809052,54365.859053
R387:54365.914764,0.050000,54365.914813,54365.915352,54365.965352
R388:54365.921917,0.050000,54365.956345,54365.965443,54366.015444
R389:54365.929462,0.050000,54365.956349,54366.015479,54366.065479
R390:54365.964004,0.050000,54365.964029,54366.065512,54366.115512
R391:54365.989865,0.050000,54365.989898,54366.115547,54366.165548
R392:54366.066564,0.050000,54366.066732,54366.165587,54366.215588
R393:54366.185467,0.050000,54366.185511,54366.215620,54366.265621
R394:54366.196128,0.050000,54366.196160,54366.265661,54366.315669
R395:54366.200360,0.050000,54366.200463,54366.315719,54366.365720
R396:54366.204720,0.050000,54366.204778,54366.365757,54366.415757
R397:54366.249085,0.050000,54366.249123,54366.415813,54366.465814
R398:54366.358148,0.050000,54366.358192,54366.465860,54366.515861
R399:54366.443366,0.050000,54366.443416,54366.515929,54366.565929
R400:54366.485885,0.050000,54366.485932,54366.565999,54366.616000
R401:54366.495738,0.050000,54366.515916,54366.616025,54366.666058
R402:54366.559956,0.050000,54366.559990,54366.666084,54366.716085
R403:54366.622218,0.050000,54366.622324,54366.716131,54366.766131
R404:54366.676956,0.050000,54366.676999,54366.766250,54366.816251
R405:54366.742847,0.050000,54366.742907,54366.816283,54366.866284
R406:54366.775760,0.050000,54366.775891,54366.866321,54366.916322
R407:54366.802526,0.050000,54366.816272,54366.916385,54366.966385
R408:54366.960103,0.050000,54366.960133,54366.966415,54367.016415
R409:54367.006884,0.050000,54367.007008,54367.016454,54367.066455
R410:54367.020899,0.050000,54367.021004,54367.066487,54367.116488
R411:54367.088735,0.050000,54367.088776,54367.116514,54367.166514
R412:54367.142710,0.050000,54367.142762,54367.166553,54367.216553
R413:54367.212093,0.050000,54367.212199,54367.216586,54367.266619
R414:54367.277181,0.050000,54367.277224,54367.277334,54367.327335
R415:54367.296469,0.050000,54367.320245,54367.327387,54367.377387
R416:54367.423047,0.050000,54367.423083,54367.423701,54367.473701
R417:54367.428393,0.050000,54367.464140,54367.473750,54367.523751
R418:54367.435897,0.050000,54367.464147,54367.523808,54367.573809
R419:54367.619776,0.050000,54367.619824,54367.620327,54367.670328
R420:54367.633187,0.050000,54367.661304,54367.670370,54367.720371
R421:54367.680215,0.050000,54367.680248,54367.720438,54367.770439
R422:54367.698690,0.050000,54367.720426,54367.770497,54367.820498
R423:54367.824033,0.050000,54367.824917,54367.826726,54367.876727
R424:54367.848712,0.050000,54367.848766,54367.876781,54367.926782
R425:54367.880398,0.050000,54367.880475,54367.926825,54367.976826
R426:54368.030991,0.050000,54368.031084,54368.031230,54368.081231
R427:54368.061331,0.050000,54368.061382,54368.081282,54368.131282
R428:54368.181953,0.050000,54368.181998,54368.182115,54368.232116
R429:54368.258979,0.050000,54368.259075,54368.259201,54368.309206
R430:54368.261795,0.050000,54368.261818,54368.309236,54368.359237
R431:54368.283144,0.050000,54368.283186,54368.359284,54368.409285
R432:54368.390938,0.050000,54368.390981,54368.409328,54368.459329
R433:54368.461386,0.050000,54368.461409,54368.461504,54368.511505
R434:54368.590664,0.050000,54368.591113,54368.591161,54368.641162
R435:54368.617114,0.050000,54368.617192,54368.641192,54368.691194
R436:54368.635090,0.050000,54368.635163,54368.691237,54368.741238
R437:54368.650975,0.050000,54368.650998,54368.742060,54368.792061
R438:54368.718755,0.050000,54368.718795,54368.792150,54368.842150
R439:54368.727444,0.050000,54368.741292,54368.842209,54368.892209
R440:54368.807906,0.050000,54368.807956,54368.892249,54368.942363
R441:54368.917117,0.050000,54368.917160,54368.942404,54368.992405
R442:54369.008113,0.050000,54369.008155,54369.008617,54369.058617
R443:54369.024192,0.050000,54369.049230,54369.058650,54369.108651
R444:54369.060886,0.050000,54369.060905,54369.108689,54369.158690
R445:54369.088596,0.050000,54369.102127,54369.158748,54369.208749
R446:54369.129779,0.050000,54369.129866,54369.208782,54369.258784
R447:54369.149351,0.050000,54369.158738,54369.258848,54369.308849
R448:54369.184780,0.050000,54369.200263,54369.308885,54369.358886
R449:54369.239407,0.050000,54369.239441,54369.358923,54369.408923
R450:54369.251852,0.050000,54369.258835,54369.409060,54369.459061
R451:54369.309979,0.050000,54369.310012,54369.459094,54369.509095
R452:54369.311314,0.050000,54369.311353,54369.509126,54369.559127
R453:54369.345727,0.050000,54369.345773,54369.559162,54369.609171
R454:54369.380385,0.050000,54369.380428,54369.609207,54369.659207
R455:54369.406682,0.050000,54369.408959,54369.659232,54369.709233
R456:54369.502386,0.050000,54369.502416,54369.709288,54369.766958
R457:54369.524328,0.050000,54369.524378,54369.767023,54369.817025
R458:54369.599556,0.050000,54369.599585,54369.817082,54369.867082
R459:54369.657644,0.050000,54369.657675,54369.867138,54369.917139
R460:54369.838635,0.050000,54369.838686,54369.917189,54369.967199
R461:54369.922717,0.050000,54369.922829,54369.967252,54370.017253
R462:54370.042261,0.050000,54370.042312,54370.042494,54370.092495
R463:54370.127992,0.050000,54370.128038,54370.128513,54370.178514
R464:54370.154809,0.050000,54370.154845,54370.178577,54370.228577
R465:54370.229073,0.050000,54370.229097,54370.229162,54370.279162
R466:54370.229678,0.050000,54370.271188,54370.279225,54370.329226
R467:54370.284153,0.050000,54370.284187,54370.329262,54370.379263
R468:54370.416913,0.050000,54370.416987,54370.417102,54370.467103
R469:54370.486051,0.050000,54370.486241,54370.486423,54370.536424
R470:54370.559712,0.050000,54370.559791,54370.559883,54370.609883
R471:54370.612157,0.050000,54370.612188,54370.612316,54370.662316
R472:54370.648842,0.050000,54370.648877,54370.662352,54370.712353
R473:54370.681052,0.050000,54370.681087,54370.712393,54370.762394
R474:54370.771792,0.050000,54370.771815,54370.772249,54370.822249
R475:54370.887528,0.050000,54370.887596,54370.888275,54370.938276
R476:54370.968623,0.050000,54370.968702,54370.969544,54371.019545
R477:54370.980737,0.050000,54370.980794,54371.019588,54371.069589
R478:54370.983286,0.050000,54370.983331,54371.069627,54371.119628
R479:54370.988101,0.050000,54370.988130,54371.119662,54371.169663
R480:54371.071065,0.050000,54371.071085,54371.169720,54371.219721
R481:54371.086410,0.050000,54371.113715,54371.219761,54371.269762
R482:54371.156012,0.050000,54371.156092,54371.269801,54371.319802
R483:54371.242944,0.050000,54371.242991,54371.319860,54371.369861
R484:54371.303806,0.050000,54371.303858,54371.369894,54371.419895
R485:54371.304248,0.050000,54371.319846,54371.419919,54371.469920
R486:54371.304709,0.050000,54371.319849,54371.469945,54371.519946
R487:54371.330797,0.050000,54371.361303,54371.519997,54371.569997
R488:54371.352600,0.050000,54371.361310,54371.570040,54371.620041
R489:54371.428765,0.050000,54371.428797,54371.620105,54371.670106
R490:54371.568426,0.050000,54371.568524,54371.670136,54371.720136
R491:54371.583366,0.050000,54371.583416,54371.720178,54371.770179
R492:54371.613750,0.050000,54371.620093,54371.770220,54371.820220
R493:54371.692585,0.050000,54371.692633,54371.820269,54371.870270
R494:54371.843955,0.050000,54371.843994,54371.870311,54371.920324
R495:54371.920696,0.050000,54371.920730,54371.920766,54371.970767
R496:54371.948459,0.050000,54371.961084,54371.970810,54372.020811
R497:54372.103280,0.050000,54372.103320,54372.103393,54372.153394
R498:54372.118200,0.050000,54372.144317,54372.153445,54372.203446
R499:54372.130464,0.050000,54372.144327,54372.204115,54372.254116
R500:54372.180975,0.050000,54372.181014,54372.254147,54372.304147
R501:54372.307428,0.050000,54372.307446,54372.307468,54372.357469
R502:54372.388005,0.050000,54372.388064,54372.388180,54372.438181
R503:54372.555646,0.050000,54372.556192,54372.556257,54372.606258
R504:54372.570934,0.050000,54372.570975,54372.606309,54372.656310
R505:54372.606855,0.050000,54372.606876,54372.656348,54372.706349
R506:54372.694398,0.050000,54372.694448,54372.706393,54372.756394
R507:54372.839652,0.050000,54372.839927,54372.839937,54372.889938
R508:54372.896454,0.050000,54372.896681,54372.896692,54372.946693
R509:54372.992567,0.050000,54372.992804,54372.992813,54373.042814
R510:54373.185295,0.050000,54373.185333,54373.185375,54373.235376
R511:54373.204349,0.050000,54373.204395,54373.235415,54373.285417
R512:54373.391017,0.050000,54373.391475,54373.391506,54373.441507
R513:54373.448503,0.050000,54373.448578,54373.448852,54373.498853
R514:54373.642275,0.050000,54373.642692,54373.642718,54373.692719
R515:54373.691096,0.050000,54373.691180,54373.692757,54373.742757
R516:54373.748683,0.050000,54373.748725,54373.748836,54373.798837
R517:54373.948752,0.050000,54373.948850,54373.948949,54373.998950
R518:54374.063804,0.050000,54374.063895,54374.063983,54374.113984
R519:54374.184285,0.050000,54374.184376,54374.184511,54374.234512
R520:54374.248914,0.050000,54374.248966,54374.249465,54374.299466
R521:54374.325535,0.050000,54374.325595,54374.325830,54374.375831
R522:54374.708550,0.050000,54374.708595,54374.709080,54374.759080
R523:54374.904865,0.050000,54374.904911,54374.905615,54374.955616
R524:54374.933006,0.050000,54374.933086,54374.955671,54375.005673
R525:54375.081292,0.050000,54375.081354,54375.081756,54375.131757
R526:54375.144981,0.050000,54375.145054,54375.145892,54375.195893
R527:54375.217693,0.050000,54375.217748,54375.218286,54375.268287
R528:54375.319598,0.050000,54375.319644,54375.320119,54375.370120
R529:54375.426443,0.050000,54375.426499,54375.426905,54375.476906
R530:54375.539760,0.050000,54375.539818,54375.540344,54375.590345
R531:54375.561655,0.050000,54375.561695,54375.590395,54375.640396
R532:54375.628140,0.050000,54375.628173,54375.640438,54375.690438
R533:54375.674187,0.050000,54375.674295,54375.690494,54375.740495
R534:54375.688271,0.050000,54375.690482,54375.740531,54375.790532
R535:54375.802066,0.050000,54375.802239,54375.802256,54375.852257
R536:54375.945305,0.050000,54375.945368,54375.945860,54375.995861
R537:54376.092845,0.050000,54376.092903,54376.093683,54376.143684
R538:54376.170962,0.050000,54376.171012,54376.171546,54376.221678
R539:54376.209120,0.050000,54376.209174,54376.221712,54376.271712
R540:54376.277262,0.050000,54376.277308,54376.277436,54376.327437
R541:54376.342327,0.050000,54376.342386,54376.342919,54376.392919
R542:54376.416540,0.050000,54376.416574,54376.416977,54376.466977
R543:54376.471903,0.050000,54376.471938,54376.472274,54376.522276
R544:54376.483489,0.050000,54376.483531,54376.522333,54376.572344
R545:54376.545530,0.050000,54376.545563,54376.572386,54376.622386
R546:54376.548236,0.050000,54376.548256,54376.622424,54376.672425
R547:54376.634682,0.050000,54376.634717,54376.672477,54376.722477
R548:54376.687027,0.050000,54376.687062,54376.722521,54376.772522
R549:54376.814846,0.050000,54376.814931,54376.815345,54376.865346
R550:54376.866705,0.050000,54376.866763,54376.866883,54376.916883
R551:54376.875345,0.050000,54376.875376,54376.916924,54376.966924
R552:54376.923499,0.050000,54376.923545,54376.966962,54377.016962
R553:54376.974601,0.050000,54376.974643,54377.017004,54377.067005
R554:54376.978349,0.050000,54376.978371,54377.067044,54377.117045
R555:54377.098984,0.050000,54377.099050,54377.117081,54377.167106
R556:54377.133942,0.050000,54377.133985,54377.167158,54377.217158
R557:54377.206624,0.050000,54377.206662,54377.217220,54377.267221
R558:54377.249700,0.050000,54377.249737,54377.267282,54377.317283
R559:54377.260888,0.050000,54377.267270,54377.317343,54377.367344
R560:54377.299018,0.050000,54377.309103,54377.367401,54377.417402
R561:54377.319344,0.050000,54377.319384,54377.417967,54377.467968
R562:54377.356841,0.050000,54377.361239,54377.468024,54377.518025
R563:54377.358214,0.050000,54377.361246,54377.518062,54377.568063
R564:54377.448582,0.050000,54377.448608,54377.568120,54377.618121
R565:54377.509575,0.050000,54377.509607,54377.618154,54377.668155
R566:54377.629421,0.050000,54377.629864,54377.668217,54377.718218
R567:54377.691999,0.050000,54377.692051,54377.718261,54377.768262
R568:54377.734397,0.050000,54377.734454,54377.768330,54377.818331
R569:54377.780892,0.050000,54377.780980,54377.818389,54377.868391
R570:54378.161925,0.050000,54378.161978,54378.162151,54378.212152
R571:54378.166446,0.050000,54378.199291,54378.212188,54378.262189
R572:54378.172012,0.050000,54378.199294,54378.262220,54378.312221
R573:54378.245363,0.050000,54378.245406,54378.312252,54378.362253
R574:54378.311128,0.050000,54378.311401,54378.362311,54378.412311
R575:54378.330572,0.050000,54378.330885,54378.412349,54378.462349
R576:54378.349977,0.050000,54378.362296,54378.462404,54378.512404
R577:54378.421429,0.050000,54378.421494,54378.512460,54378.562461
R578:54378.605180,0.050000,54378.605379,54378.605392,54378.655393
R579:54378.701007,0.050000,54378.701155,54378.701818,54378.751819
R580:54378.745607,0.050000,54378.745685,54378.751852,54378.801852
R581:54378.786984,0.050000,54378.787111,54378.801894,54378.851895
R582:54378.922974,0.050000,54378.923034,54378.923621,54378.973622
R583:54379.141072,0.050000,54379.141146,54379.141393,54379.191394
R584:54379.353645,0.050000,54379.353688,54379.353809,54379.403810
R585:54379.517631,0.050000,54379.517688,54379.518279,54379.568280
R586:54379.621839,0.050000,54379.621895,54379.622546,54379.672547
R587:54379.650978,0.050000,54379.651031,54379.672617,54379.722620
R588:54379.706161,0.050000,54379.706240,54379.722690,54379.772691
R589:54379.724046,0.050000,54379.724083,54379.772744,54379.822745
R590:54379.770530,0.050000,54379.770573,54379.822796,54379.872796
R591:54379.984397,0.050000,54379.984449,54379.984494,54380.034495
R592:54380.029374,0.050000,54380.029410,54380.034552,54380.084552
R593:54380.183657,0.050000,54380.183722,54380.184315,54380.234316
R594:54380.428058,0.050000,54380.428145,54380.428958,54380.478959
R595:54380.442811,0.050000,54380.442886,54380.479021,54380.529021
R596:54380.486706,0.050000,54380.486747,54380.529058,54380.579059
R597:54380.595092,0.050000,54380.595178,54380.595340,54380.645341
R598:54380.699184,0.050000,54380.699314,54380.699424,54380.749425
R599:54380.867311,0.050000,54380.867375,54380.867845,54380.917846
R600:54380.888728,0.050000,54380.888765,54380.917897,54380.967898
R601:54380.991301,0.050000,54380.991349,54380.991805,54381.041806
R602:54381.227916,0.050000,54381.228084,54381.228124,54381.278125
R603:54381.256844,0.050000,54381.256894,54381.278177,54381.328178
R604:54381.293739,0.050000,54381.293793,54381.328225,54381.378226
R605:54381.352893,0.050000,54381.352935,54381.378281,54381.428282
R606:54381.411177,0.050000,54381.411282,54381.428334,54381.478335
R607:54381.481252,0.050000,54381.481316,54381.481329,54381.531330
R608:54381.496969,0.050000,54381.522276,54381.531373,54381.581374
R609:54381.543933,0.050000,54381.543968,54381.581471,54381.632241
R610:54381.576406,0.050000,54381.581457,54381.632279,54381.682280
R611:54381.652419,0.050000,54381.652473,54381.682331,54381.732332
R612:54381.830084,0.050000,54381.830734,54381.830745,54381.880746
R613:54381.847103,0.050000,54381.871210,54381.880797,54381.930798
R614:54381.914159,0.050000,54381.914196,54381.930851,54381.980852
R615:54382.057562,0.050000,54382.057612,54382.058114,54382.108136
R616:54382.065973,0.050000,54382.098147,54382.108168,54382.158169
R617:54382.099433,0.050000,54382.099451,54382.158208,54382.208209
R618:54382.115345,0.050000,54382.115372,54382.208252,54382.258252
R619:54382.190457,0.050000,54382.190497,54382.258280,54382.308281
R620:54382.255980,0.050000,54382.256013,54382.308417,54382.358418
R621:54382.337790,0.050000,54382.337829,54382.358462,54382.408463
R622:54382.403989,0.050000,54382.404027,54382.408494,54382.458495
R623:54382.409371,0.050000,54382.409395,54382.458912,54382.508913
R624:54382.468732,0.050000,54382.468773,54382.508953,54382.558954
R625:54382.528603,0.050000,54382.528661,54382.558983,54382.608984
R626:54382.548757,0.050000,54382.548802,54382.609027,54382.659028
R627:54382.550906,0.050000,54382.550977,54382.659062,54382.709063
R628:54382.581286,0.050000,54382.581315,54382.709100,54382.759101
R629:54382.582005,0.050000,54382.609018,54382.759148,54382.809149
R630:54382.765842,0.050000,54382.765886,54382.809256,54382.859305
R631:54382.831643,0.050000,54382.831683,54382.859362,54382.909363
R632:54382.937179,0.050000,54382.937269,54382.937363,54382.987364
R633:54383.093320,0.050000,54383.093374,54383.093443,54383.143444
R634:54383.286840,0.050000,54383.286900,54383.287022,54383.337023
R635:54383.300638,0.050000,54383.300688,54383.337075,54383.387076
R636:54383.343165,0.050000,54383.343189,54383.387108,54383.437109
R637:54383.391018,0.050000,54383.391038,54383.437152,54383.487153
R638:54383.505081,0.050000,54383.505142,54383.505240,54383.555240
R639:54383.579291,0.050000,54383.579340,54383.579355,54383.629369
R640:54383.820457,0.050000,54383.820512,54383.820994,54383.870995
R641:54383.832650,0.050000,54383.832700,54383.871057,54383.921074
R642:54383.857542,0.050000,54383.857593,54383.921165,54383.971165
R643:54384.010600,0.050000,54384.010649,54384.010696,54384.060697
R644:54384.043596,0.050000,54384.051096,54384.060748,54384.110749
R645:54384.207792,0.050000,54384.207830,54384.208361,54384.258362
R646:54384.306263,0.050000,54384.306311,54384.307099,54384.357100
R647:54384.352555,0.050000,54384.352661,54384.357167,54384.407168
R648:54384.375510,0.050000,54384.375550,54384.407285,54384.457286
R649:54384.584949,0.050000,54384.585598,54384.585607,54384.635608
R650:54384.594412,0.050000,54384.626262,54384.635692,54384.685692
R651:54384.737914,0.050000,54384.738355,54384.738388,54384.788389
R652:54384.807778,0.050000,54384.807985,54384.807994,54384.857995
R653:54384.898513,0.050000,54384.898636,54384.898648,54384.948648
R654:54385.083196,0.050000,54385.083808,54385.083818,54385.133819
R655:54385.097853,0.050000,54385.097903,54385.133868,54385.183869
R656:54385.121675,0.050000,54385.121723,54385.183929,54385.233930
R657:54385.134842,0.050000,54385.134865,54385.233991,54385.283992
R658:54385.151132,0.050000,54385.175243,54385.284036,54385.334037
R659:54385.221843,0.050000,54385.221880,54385.334121,54385.384122
R660:54385.235942,0.050000,54385.235968,54385.384178,54385.434179
R661:54385.245737,0.050000,54385.276117,54385.434239,54385.484240
R662:54385.264270,0.050000,54385.276124,54385.484310,54385.534311
R663:54385.474052,0.050000,54385.474100,54385.534369,54385.584370
R664:54385.475189,0.050000,54385.484296,54385.584410,54385.634411
R665:54385.487762,0.050000,54385.526263,54385.634467,54385.684468
R666:54385.496948,0.050000,54385.526270,54385.684500,54385.734501
R667:54385.541257,0.050000,54385.541303,54385.734543,54385.784543
R668:54385.616062,0.050000,54385.616149,54385.784595,54385.834596
R669:54385.793348,0.050000,54385.793384,54385.834628,54385.884629
R670:54385.802187,0.050000,54385.834256,54385.884719,54385.934740
R671:54385.871334,0.050000,54385.871404,54385.934795,54385.984796
R672:54385.876858,0.050000,54385.884703,54385.984855,54386.034863
R673:54385.912930,0.050000,54385.926109,54386.034944,54386.084945
R674:54385.962287,0.050000,54385.962375,54386.084988,54386.134989
R675:54386.003666,0.050000,54386.003742,54386.135038,54386.185038
R676:54386.028808,0.050000,54386.034929,54386.185100,54386.235101
R677:54386.049017,0.050000,54386.075243,54386.235195,54386.285557
R678:54386.224110,0.050000,54386.224180,54386.285600,54386.335601
R679:54386.285021,0.050000,54386.285107,54386.335697,54386.385698
R680:54386.301278,0.050000,54386.301342,54386.385756,54386.435779
R681:54386.304779,0.050000,54386.335677,54386.435904,54386.485905
R682:54386.345554,0.050000,54386.377320,54386.485958,54386.535959
R683:54386.465851,0.050000,54386.465897,54386.536005,54386.586005
R684:54386.566984,0.050000,54386.567085,54386.586090,54386.636091
R685:54386.600640,0.050000,54386.600689,54386.636714,54386.686715
R686:54387.044523,0.050000,54387.044575,54387.044688,54387.094688
R687:54387.047214,0.050000,54387.085379,54387.094744,54387.144744
R688:54387.100261,0.050000,54387.100305,54387.144800,54387.194898
R689:54387.116394,0.050000,54387.141179,54387.194956,54387.244956
R690:54387.194329,0.050000,54387.194457,54387.245010,54387.295011
R691:54387.280661,0.050000,54387.280960,54387.295090,54387.345090
R692:54387.309468,0.050000,54387.309736,54387.345123,54387.395124
R693:54387.467085,0.050000,54387.467236,54387.467911,54387.517912
R694:54387.541730,0.050000,54387.541790,54387.542336,54387.592337
R695:54387.571710,0.050000,54387.571811,54387.592406,54387.642407
R696:54387.575590,0.050000,54387.575637,54387.642461,54387.692462
R697:54387.680976,0.050000,54387.681020,54387.692520,54387.742520
R698:54387.797796,0.050000,54387.797943,54387.799560,54387.849561
R699:54387.883742,0.050000,54387.883795,54387.884536,54387.934537
R700:54387.965643,0.050000,54387.965678,54387.966074,54388.016075
R701:54388.133290,0.050000,54388.133403,54388.134672,54388.184672
R702:54388.160371,0.050000,54388.160443,54388.184719,54388.234796
R703:54388.260354,0.050000,54388.260405,54388.260878,54388.310879
R704:54388.285776,0.050000,54388.301138,54388.310944,54388.360986
R705:54388.404232,0.050000,54388.404279,54388.404741,54388.454741
R706:54388.419384,0.050000,54388.445127,54388.454788,54388.504789
R707:54388.483344,0.050000,54388.483394,54388.504847,54388.554848
R708:54388.487402,0.050000,54388.504861,54388.554906,54388.604907
R709:54388.495112,0.050000,54388.504864,54388.604960,54388.654960
R710:54388.507431,0.050000,54388.545353,54388.655131,54388.705140
R711:54388.527727,0.050000,54388.545357,54388.705202,54388.755202
R712:54388.538762,0.050000,54388.545363,54388.755258,54388.805262
R713:54388.602985,0.050000,54388.603126,54388.805318,54388.855320
R714:54388.607592,0.050000,54388.607634,54388.855378,54388.905379
R715:54388.765725,0.050000,54388.765779,54388.905422,54388.955422
R716:54388.974148,0.050000,54388.974321,54388.974887,54389.024888
R717:54388.978548,0.050000,54388.978944,54389.024921,54389.074922
R718:54389.164635,0.050000,54389.164688,54389.165007,54389.215008
R719:54389.210271,0.050000,54389.210298,54389.215100,54389.265101
R720:54389.232131,0.050000,54389.232182,54389.265144,54389.315183
R721:54389.296320,0.050000,54389.296507,54389.315248,54389.365248
R722:54389.311262,0.050000,54389.315236,54389.365294,54389.415295
R723:54389.374615,0.050000,54389.374662,54389.415344,54389.465345
R724:54389.421082,0.050000,54389.421126,54389.465421,54389.515479
R725:54389.542423,0.050000,54389.542475,54389.542623,54389.592624
R726:54389.728625,0.050000,54389.728661,54389.728866,54389.778867
R727:54389.782227,0.050000,54389.782895,54389.782906,54389.832906
R728:54389.844738,0.050000,54389.844800,54389.845455,54389.895456
R729:54389.938262,0.050000,54389.938885,54389.938896,54389.988896
R730:54389.956608,0.050000,54389.956676,54389.988937,54390.038938
R731:54389.978689,0.050000,54389.978823,54390.039009,54390.089010
R732:54390.051003,0.050000,54390.051239,54390.089073,54390.139073
R733:54390.106907,0.050000,54390.107120,54390.139155,54390.189228
R734:54390.108501,0.050000,54390.139131,54390.189383,54390.239384
R735:54390.300123,0.050000,54390.300173,54390.300315,54390.350329
R736:54390.330754,0.050000,54390.330815,54390.350376,54390.400814
R737:54390.347336,0.050000,54390.347386,54390.401147,54390.451148
R738:54390.400297,0.050000,54390.400321,54390.451200,54390.501201
R739:54390.437055,0.050000,54390.437095,54390.501318,54390.551319
R740:54390.463522,0.050000,54390.464107,54390.551369,54390.601370
R741:54390.545746,0.050000,54390.546510,54390.601416,54390.651417
R742:54390.620781,0.050000,54390.621297,54390.651470,54390.701471
R743:54390.663373,0.050000,54390.663417,54390.701539,54390.751540
R744:54390.685964,0.050000,54390.701528,54390.751585,54390.801586
R745:54390.772942,0.050000,54390.773008,54390.801635,54390.851635
R746:54390.802290,0.050000,54390.802315,54390.851692,54390.901708
R747:54390.819694,0.050000,54390.843116,54390.902163,54390.952164
R748:54390.921548,0.050000,54390.921957,54390.952227,54391.002228
R749:54390.943590,0.050000,54390.952216,54391.002275,54391.052276
R750:54391.026408,0.050000,54391.026486,54391.052321,54391.102322
R751:54391.027768,0.050000,54391.027800,54391.102395,54391.152407
R752:54391.161471,0.050000,54391.161519,54391.162020,54391.212083
R753:54391.298378,0.050000,54391.298448,54391.298940,54391.348941
R754:54391.364141,0.050000,54391.364214,54391.364627,54391.414627
R755:54391.391989,0.050000,54391.392044,54391.414689,54391.464690
R756:54391.470952,0.050000,54391.471002,54391.471397,54391.521397
R757:54391.524601,0.050000,54391.524633,54391.524643,54391.574995
R758:54391.660598,0.050000,54391.660684,54391.660786,54391.710787
R759:54391.681392,0.050000,54391.681445,54391.710821,54391.760822
R760:54391.703078,0.050000,54391.703134,54391.760881,54391.810881
R761:54391.708909,0.050000,54391.709021,54391.810928,54391.860929
R762:54391.760825,0.050000,54391.760869,54391.860990,54391.910991
R763:54391.918932,0.050000,54391.918988,54391.919496,54391.969497
R764:54391.986662,0.050000,54391.987324,54391.987335,54392.037336
R765:54392.040944,0.050000,54392.041020,54392.041661,54392.091661
R766:54392.164380,0.050000,54392.164488,54392.164942,54392.214942
R767:54392.392715,0.050000,54392.392774,54392.393420,54392.443421
R768:54392.488225,0.050000,54392.488282,54392.489580,54392.539581
R769:54392.518461,0.050000,54392.518508,54392.539655,54392.589656
R770:54392.550496,0.050000,54392.550545,54392.589715,54392.639715
R771:54392.553828,0.050000,54392.589728,54392.639758,54392.689759
R772:54392.555631,0.050000,54392.589730,54392.689819,54392.739820
R773:54392.556135,0.050000,54392.589732,54392.739906,54392.789907
R774:54392.603950,0.050000,54392.630121,54392.789966,54392.839967
R775:54392.628911,0.050000,54392.630125,54392.840030,54392.890031
R776:54392.717511,0.050000,54392.717635,54392.890107,54392.940107
R777:54392.840662,0.050000,54392.840682,54392.940169,54392.990528
R778:54392.891365,0.050000,54392.891409,54392.990601,54393.040602
R779:54392.936645,0.050000,54392.936816,54393.040665,54393.090666
R780:54392.942771,0.050000,54392.942810,54393.090713,54393.140714
R781:54392.958330,0.050000,54392.983228,54393.140771,54393.190772
R782:54393.006253,0.050000,54393.006485,54393.190805,54393.240805
R783:54393.190537,0.050000,54393.190665,54393.240857,54393.290858
R784:54393.193929,0.050000,54393.193965,54393.290913,54393.340914
R785:54393.200357,0.050000,54393.234210,54393.340975,54393.390975
R786:54393.220514,0.050000,54393.234406,54393.391051,54393.441051
R787:54393.309690,0.050000,54393.309739,54393.441104,54393.491104
R788:54393.378033,0.050000,54393.378109,54393.491148,54393.541149
R789:54393.386707,0.050000,54393.391287,54393.541196,54393.591196
R790:54393.620513,0.050000,54393.620912,54393.621022,54393.671022
R791:54393.765130,0.050000,54393.765220,54393.765280,54393.815286
R792:54393.778237,0.050000,54393.779669,54393.815354,54393.865354
R793:54393.824730,0.050000,54393.825115,54393.865392,54393.915392
R794:54393.926025,0.050000,54393.926181,54393.926198,54393.976217
R795:54394.033482,0.050000,54394.034714,54394.034730,54394.084731
R796:54394.034087,0.050000,54394.034726,54394.084788,54394.134789
R797:54394.095955,0.050000,54394.096704,54394.134839,54394.184840
R798:54394.191432,0.050000,54394.191611,54394.191620,54394.241621
R799:54394.288833,0.050000,54394.289310,54394.289319,54394.339320
R800:54394.471676,0.050000,54394.472803,54394.472813,54394.522814
R801:54394.479134,0.050000,54394.479813,54394.522897,54394.572898
R802:54394.589937,0.050000,54394.590647,54394.590661,54394.640662
R803:54394.799147,0.050000,54394.799659,54394.799666,54394.850376
R804:54394.806907,0.050000,54394.807960,54394.850448,54394.900449
R805:54394.829974,0.050000,54394.831173,54394.900496,54394.950496
R806:54394.849624,0.050000,54394.850355,54394.950607,54395.000608
R807:54394.968287,0.050000,54394.968387,54395.000676,54395.050677
R808:54394.975553,0.050000,54395.000665,54395.050723,54395.100723
R809:54395.073771,0.050000,54395.073895,54395.101459,54395.151460
R810:54395.097124,0.050000,54395.097241,54395.151496,54395.201497
R811:54395.110848,0.050000,54395.110928,54395.201540,54395.251541
R812:54395.309347,0.050000,54395.309461,54395.309474,54395.359475
R813:54395.411647,0.050000,54395.412864,54395.412876,54395.462876
R814:54395.419013,0.050000,54395.419562,54395.462949,54395.512949
R815:54395.702681,0.050000,54395.703606,54395.703617,54395.753618
R816:54395.836151,0.050000,54395.837107,54395.837116,54395.887117
R817:54395.866228,0.050000,54395.866721,54395.887169,54395.937428
R818:54395.950609,0.050000,54395.951164,54395.951174,54396.001175
R819:54395.994376,0.050000,54395.994661,54396.001274,54396.051275
R820:54396.035689,0.050000,54396.035919,54396.051342,54396.101343
R821:54396.111988,0.050000,54396.112123,54396.112130,54396.162131
R822:54396.140165,0.050000,54396.152278,54396.162183,54396.212184
R823:54396.206264,0.050000,54396.206366,54396.212243,54396.262243
R824:54396.217010,0.050000,54396.217200,54396.262299,54396.312307
R825:54396.224069,0.050000,54396.256304,54396.312394,54396.362395
R826:54396.258730,0.050000,54396.258828,54396.362436,54396.412437
R827:54396.270243,0.050000,54396.270338,54396.412485,54396.462486
R828:54396.348268,0.050000,54396.348354,54396.462577,54396.512578
R829:54396.357892,0.050000,54396.358322,54396.512707,54396.562708
R830:54396.510400,0.050000,54396.510483,54396.562781,54396.612842
R831:54396.573380,0.050000,54396.573458,54396.612902,54396.662902
R832:54396.590606,0.050000,54396.612993,54396.663012,54396.713013
R833:54396.669571,0.050000,54396.669694,54396.713083,54396.763084
R834:54396.724528,0.050000,54396.724770,54396.763146,54396.813147
R835:54396.752175,0.050000,54396.752266,54396.813276,54396.863277
R836:54396.957251,0.050000,54396.957439,54396.957565,54397.007566
R837:54397.061865,0.050000,54397.062074,54397.062107,54397.112108
R838:54397.071293,0.050000,54397.071389,54397.112189,54397.162200
R839:54397.074258,0.050000,54397.074364,54397.162250,54397.212250
R840:54397.126184,0.050000,54397.127145,54397.212314,54397.262314
R841:54397.162657,0.050000,54397.163296,54397.262533,54397.312556
R842:54397.179943,0.050000,54397.203261,54397.312622,54397.362623
R843:54397.223381,0.050000,54397.223826,54397.362676,54397.412676
R844:54397.236322,0.050000,54397.262576,54397.412721,54397.462722
R845:54397.262788,0.050000,54397.303370,54397.462761,54397.512762
R846:54397.303691,0.050000,54397.304055,54397.512833,54397.562835
R847:54397.304290,0.050000,54397.304492,54397.562913,54397.612914
R848:54397.379498,0.050000,54397.379938,54397.612985,54397.662986
R849:54397.389526,0.050000,54397.412830,54397.663054,54397.713054
R850:54397.433947,0.050000,54397.453377,54397.713122,54397.763123
R851:54397.440395,0.050000,54397.453396,54397.763218,54397.813219
R852:54397.549003,0.050000,54397.549293,54397.813270,54397.863271
R853:54397.659687,0.050000,54397.659743,54397.863343,54397.913344
R854:54397.742440,0.050000,54397.742518,54397.913468,54397.963468
R855:54397.915470,0.050000,54397.915634,54397.963542,54398.013543
R856:54398.060551,0.050000,54398.060700,54398.060763,54398.110764
R857:54398.065296,0.050000,54398.065347,54398.110820,54398.160821
R858:54398.068860,0.050000,54398.068907,54398.160878,54398.210879
R859:54398.122921,0.050000,54398.123005,54398.210924,54398.260925
R860:54398.137512,0.050000,54398.137567,54398.260982,54398.310983
R861:54398.325438,0.050000,54398.325485,54398.325641,54398.375642
R862:54398.333872,0.050000,54398.366099,54398.375701,54398.425702
R863:54398.369007,0.050000,54398.369040,54398.425747,54398.475748
R864:54398.434055,0.050000,54398.434088,54398.475792,54398.525793
R865:54398.507825,0.050000,54398.507868,54398.525845,54398.575845
R866:54398.594600,0.050000,54398.594650,54398.594759,54398.644760
R867:54398.650288,0.050000,54398.650362,54398.650488,54398.700489
R868:54398.687872,0.050000,54398.687912,54398.700522,54398.750523
R869:54398.811467,0.050000,54398.811498,54398.811620,54398.861621
R870:54398.873356,0.050000,54398.873416,54398.873479,54398.923480
R871:54399.055329,0.050000,54399.055388,54399.055864,54399.105865
R872:54399.073363,0.050000,54399.073417,54399.105933,54399.155934
R873:54399.184750,0.050000,54399.184792,54399.185184,54399.235184
R874:54399.218415,0.050000,54399.225800,54399.235236,54399.285237
R875:54399.252996,0.050000,54399.253053,54399.285309,54399.335310
R876:54399.260586,0.050000,54399.285298,54399.335343,54399.385344
R877:54399.378996,0.050000,54399.379148,54399.385435,54399.435436
R878:54399.415105,0.050000,54399.415144,54399.435486,54399.485486
R879:54399.514192,0.050000,54399.514247,54399.514258,54399.564259
R880:54399.709249,0.050000,54399.709832,54399.709842,54399.759843
R881:54399.844563,0.050000,54399.845222,54399.845233,54399.895247
R882:54399.971889,0.050000,54399.972602,54399.972611,54400.022612
R883:54400.061567,0.050000,54400.061631,54400.061755,54400.111756
R884:54400.133734,0.050000,54400.133809,54400.133971,54400.183972
R885:54400.185747,0.050000,54400.185815,54400.186006,54400.236007
R886:54400.255926,0.050000,54400.256107,54400.256117,54400.306118
R887:54400.305944,0.050000,54400.306005,54400.306143,54400.356144
R888:54400.367856,0.050000,54400.367934,54400.367988,54400.417989
R889:54400.447591,0.050000,54400.447677,54400.447748,54400.497749
R890:54400.449860,0.050000,54400.449881,54400.497787,54400.547788
R891:54400.550666,0.050000,54400.550694,54400.550831,54400.600832
R892:54400.616488,0.050000,54400.616548,54400.617013,54400.667043
R893:54400.627321,0.050000,54400.627356,54400.667091,54400.717092
R894:54400.638529,0.050000,54400.638589,54400.717140,54400.767141
R895:54400.654423,0.050000,54400.654473,54400.767190,54400.817191
R896:54400.762072,0.050000,54400.762162,54400.817278,54400.867279
R897:54400.895441,0.050000,54400.895505,54400.896187,54400.946188
R898:54400.990538,0.050000,54400.990590,54400.991148,54401.041151
R899:54401.005207,0.050000,54401.005270,54401.041208,54401.091209
R900:54401.083904,0.050000,54401.083934,54401.091268,54401.141269
R901:54401.111220,0.050000,54401.111258,54401.141337,54401.191337
R902:54401.120143,0.050000,54401.141326,54401.191383,54401.241384
R903:54401.277495,0.050000,54401.277558,54401.277607,54401.327607
R904:54401.285361,0.050000,54401.285418,54401.327656,54401.377657
R905:54401.332277,0.050000,54401.332324,54401.377700,54401.427701
R906:54401.355127,0.050000,54401.355202,54401.427759,54401.477759
R907:54401.371387,0.050000,54401.371474,54401.477846,54401.527848
R908:54401.395903,0.050000,54401.395951,54401.527898,54401.577899
R909:54401.472595,0.050000,54401.472646,54401.577955,54401.627956
R910:54401.682519,0.050000,54401.682552,54401.682876,54401.732877
R911:54401.700541,0.050000,54401.723176,54401.732948,54401.782949
R912:54401.751135,0.050000,54401.751178,54401.783010,54401.833011
R913:54401.858915,0.050000,54401.858964,54401.859450,54401.909451
R914:54402.055780,0.050000,54402.055841,54402.056468,54402.106469
R915:54402.066912,0.050000,54402.066960,54402.106550,54402.156551
R916:54402.091976,0.050000,54402.092028,54402.156604,54402.206604
R917:54402.150954,0.050000,54402.150997,54402.206694,54402.256695
R918:54402.225518,0.050000,54402.225564,54402.256758,54402.306759
R919:54402.373671,0.050000,54402.373728,54402.374024,54402.424025
R920:54402.392726,0.050000,54402.414221,54402.424075,54402.474076
R921:54402.472983,0.050000,54402.473016,54402.474107,54402.524108
R922:54402.544077,0.050000,54402.544121,54402.544562,54402.594563
R923:54402.671840,0.050000,54402.671899,54402.672346,54402.722346
R924:54402.791724,0.050000,54402.791814,54402.792405,54402.842405
R925:54402.897895,0.050000,54402.897946,54402.898320,54402.948321
R926:54402.900053,0.050000,54402.900074,54402.948376,54402.998377
R927:54402.963930,0.050000,54402.964157,54402.998428,54403.048429
R928:54403.032915,0.050000,54403.032974,54403.048481,54403.098495
R929:54403.136116,0.050000,54403.136277,54403.136349,54403.186350
R930:54403.242629,0.050000,54403.242790,54403.242801,54403.292911
R931:54403.266640,0.050000,54403.266706,54403.292974,54403.342975
R932:54403.272475,0.050000,54403.272522,54403.343043,54403.393061
R933:54403.424063,0.050000,54403.424134,54403.424427,54403.474428
R934:54403.437742,0.050000,54403.464301,54403.474488,54403.524489
R935:54403.451963,0.050000,54403.464310,54403.524565,54403.574565
R936:54403.484171,0.050000,54403.484241,54403.574621,54403.624622
R937:54403.526215,0.050000,54403.526247,54403.624677,54403.674782
R938:54403.560491,0.050000,54403.567279,54403.674908,54403.724909
R939:54403.635339,0.050000,54403.635377,54403.724962,54403.774963
R940:54403.643187,0.050000,54403.674893,54403.775015,54403.825016
R941:54403.671587,0.050000,54403.674897,54403.825160,54403.875161
R942:54403.817134,0.050000,54403.817201,54403.875218,54403.925218
R943:54403.884085,0.050000,54403.884138,54403.925250,54403.975251
R944:54403.892100,0.050000,54403.924131,54403.975288,54404.025288
R945:54404.009219,0.050000,54404.009251,54404.025355,54404.075356
R946:54404.108270,0.050000,54404.108324,54404.108347,54404.158348
R947:54404.144736,0.050000,54404.149104,54404.158396,54404.208397
R948:54404.177441,0.050000,54404.177488,54404.208473,54404.258474
R949:54404.213516,0.050000,54404.213576,54404.258504,54404.308504
R950:54404.236374,0.050000,54404.254262,54404.308600,54404.358601
R951:54404.301826,0.050000,54404.301857,54404.358644,54404.408645
R952:54404.307008,0.050000,54404.308588,54404.408688,54404.458689
R953:54404.473005,0.050000,54404.473620,54404.473903,54404.523904
R954:54404.513739,0.050000,54404.513795,54404.524038,54404.574071
R955:54404.666055,0.050000,54404.666586,54404.666597,54404.716597
R956:54404.746436,0.050000,54404.747110,54404.747119,54404.797150
R957:54404.790657,0.050000,54404.790704,54404.797228,54404.847228
R958:54404.836600,0.050000,54404.836642,54404.847307,54404.897534
R959:54404.861569,0.050000,54404.861644,54404.897773,54404.947774
R960:54404.880115,0.050000,54404.897744,54404.947824,54404.997825
R961:54404.900788,0.050000,54404.938283,54404.997942,54405.047943
R962:54404.962546,0.050000,54404.962607,54405.047990,54405.097991
R963:54404.988947,0.050000,54404.997929,54405.098032,54405.148074
R964:54404.998801,0.050000,54405.039270,54405.148101,54405.198101
R965:54405.098010,0.050000,54405.098035,54405.198146,54405.248147
R966:54405.146058,0.050000,54405.146115,54405.248192,54405.298192
R967:54405.195799,0.050000,54405.195855,54405.298247,54405.348248
R968:54405.212976,0.050000,54405.213077,54405.348311,54405.398312
R969:54405.353924,0.050000,54405.353960,54405.398361,54405.448361
R970:54405.364667,0.050000,54405.394198,54405.448409,54405.498410
R971:54405.389765,0.050000,54405.394205,54405.498483,54405.548483
R972:54405.404741,0.050000,54405.404783,54405.548541,54405.598565
R973:54405.405155,0.050000,54405.445163,54405.598626,54405.648626
R974:54405.571142,0.050000,54405.571226,54405.648680,54405.698681
R975:54405.597359,0.050000,54405.598613,54405.698710,54405.748711
R976:54405.715679,0.050000,54405.715724,54405.748766,54405.798767
R977:54405.790914,0.050000,54405.790944,54405.798823,54405.848824
R978:54405.874246,0.050000,54405.874287,54405.874316,54405.924317
R979:54405.888157,0.050000,54405.915267,54405.924365,54405.974365
R980:54405.891556,0.050000,54405.915274,54405.974408,54406.024409
R981:54406.121038,0.050000,54406.121133,54406.121190,54406.171191
R982:54406.227775,0.050000,54406.227835,54406.228286,54406.278287
R983:54406.236494,0.050000,54406.236575,54406.278358,54406.328358
R984:54406.377741,0.050000,54406.377801,54406.378185,54406.428186
R985:54406.394547,0.050000,54406.394625,54406.428326,54406.478338
R986:54406.762493,0.050000,54406.762547,54406.763338,54406.813339
R987:54406.817503,0.050000,54406.817542,54406.817918,54406.867918
R988:54406.896352,0.050000,54406.896411,54406.896971,54406.946973
R989:54406.941340,0.050000,54406.941395,54406.947112,54406.997113
R990:54407.067441,0.050000,54407.067485,54407.068030,54407.118031
R991:54407.226794,0.050000,54407.226852,54407.227451,54407.277532
R992:54407.315842,0.050000,54407.315903,54407.316450,54407.366451
R993:54407.353140,0.050000,54407.353226,54407.366506,54407.416507
R994:54407.368726,0.050000,54407.368768,54407.416539,54407.466540
R995:54407.498862,0.050000,54407.498914,54407.499374,54407.549375
R996:54407.511000,0.050000,54407.511130,54407.549435,54407.599436
R997:54407.591229,0.050000,54407.591256,54407.599477,54407.649478
R998:54407.619319,0.050000,54407.619360,54407.649532,54407.699533
R999:54407.649864,0.050000,54407.649889,54407.699588,54407.749589
R1000:54407.704670,0.050000,54407.705008,54407.749648,54407.799649
R1001:54407.748953,0.050000,54407.749446,54407.799701,54407.849706
R1002:54407.824071,0.050000,54407.824127,54407.849782,54407.899783
R1003:54407.914778,0.050000,54407.914840,54407.914944,54407.964945
R1004:54407.959278,0.050000,54407.959316,54407.965039,54408.015064
R1005:54408.015521,0.050000,54408.015631,54408.015646,54408.065647
R1006:54408.016920,0.050000,54408.056231,54408.065703,54408.115703
R1007:54408.041290,0.050000,54408.056238,54408.115750,54408.165751
R1008:54408.058026,0.050000,54408.058101,54408.165803,54408.215803
R1009:54408.144129,0.050000,54408.144172,54408.215877,54408.265878
R1010:54408.187445,0.050000,54408.187561,54408.265924,54408.315925
R1011:54408.207628,0.050000,54408.215865,54408.315992,54408.365993
R1012:54408.283424,0.050000,54408.283515,54408.366037,54408.416038
R1013:54408.302328,0.050000,54408.302894,54408.416090,54408.466090
R1014:54408.333755,0.050000,54408.333956,54408.466171,54408.516172
R1015:54408.386670,0.050000,54408.386710,54408.516220,54408.566221
R1016:54408.426614,0.050000,54408.426752,54408.566264,54408.616265
R1017:54408.456989,0.050000,54408.466156,54408.616320,54408.666321
R1018:54408.460770,0.050000,54408.466160,54408.666373,54408.716374
R1019:54408.467946,0.050000,54408.506191,54408.716422,54408.766423
R1020:54408.586525,0.050000,54408.587083,54408.766478,54408.816479
R1021:54408.738149,0.050000,54408.738547,54408.816537,54408.866538
R1022:54409.046941,0.050000,54409.047003,54409.047108,54409.097108
R1023:54409.099785,0.050000,54409.099843,54409.099938,54409.149939
R1024:54409.124310,0.050000,54409.124354,54409.150006,54409.200018
R1025:54409.139867,0.050000,54409.139941,54409.200136,54409.250149
R1026:54409.173105,0.050000,54409.173161,54409.250199,54409.300200
R1027:54409.215276,0.050000,54409.215402,54409.300258,54409.350259
R1028:54409.352833,0.050000,54409.352861,54409.352958,54409.403072
R1029:54409.435298,0.050000,54409.435426,54409.435536,54409.485536
R1030:54409.545759,0.050000,54409.545820,54409.545908,54409.595909
R1031:54409.580800,0.050000,54409.580855,54409.595976,54409.645977
R1032:54409.591717,0.050000,54409.591763,54409.646058,54409.696076
R1033:54409.631908,0.050000,54409.631950,54409.696131,54409.746132
R1034:54409.640110,0.050000,54409.646044,54409.746259,54409.796260
R1035:54409.706007,0.050000,54409.706157,54409.796356,54409.846357
R1036:54409.951465,0.050000,54409.951512,54409.951523,54410.001524
R1037:54409.961819,0.050000,54409.961996,54410.001615,54410.051616
R1038:54410.107468,0.050000,54410.107634,54410.107645,54410.157646
R1039:54410.120117,0.050000,54410.120172,54410.157682,54410.207683
R1040:54410.236348,0.050000,54410.236393,54410.236708,54410.286709
R1041:54410.263354,0.050000,54410.277147,54410.286757,54410.336758
R1042:54410.299658,0.050000,54410.299700,54410.336815,54410.386816
R1043:54410.343399,0.050000,54410.343467,54410.387006,54410.437007
R1044:54410.398327,0.050000,54410.398429,54410.437069,54410.487070
R1045:54410.496323,0.050000,54410.496397,54410.496925,54410.546970
R1046:54410.747298,0.050000,54410.747373,54410.747721,54410.797722
R1047:54410.975411,0.050000,54410.975465,54410.975811,54411.025812
R1048:54410.982290,0.050000,54410.982334,54411.025876,54411.075877
R1049:54410.983995,0.050000,54410.984069,54411.075931,54411.125932
R1050:54410.988184,0.050000,54410.988212,54411.125992,54411.175993
R1051:54411.152227,0.050000,54411.152297,54411.176047,54411.226047
R1052:54411.317314,0.050000,54411.317393,54411.317402,54411.367403
R1053:54411.320897,0.050000,54411.358330,54411.367455,54411.417472
R1054:54411.359761,0.050000,54411.359794,54411.417517,54411.467517
R1055:54411.374388,0.050000,54411.374477,54411.467569,54411.517569
R1056:54411.392303,0.050000,54411.415251,54411.518149,54411.568150
R1057:54411.500219,0.050000,54411.500313,54411.568209,54411.618209
R1058:54411.570888,0.050000,54411.570925,54411.618258,54411.668259
R1059:54411.578144,0.050000,54411.611235,54411.668302,54411.718333
R1060:54411.624093,0.050000,54411.624137,54411.718380,54411.768382
R1061:54411.662340,0.050000,54411.666227,54411.768455,54411.818455
R1062:54411.706498,0.050000,54411.706545,54411.818502,54411.868503
R1063:54411.772442,0.050000,54411.772467,54411.868549,54411.918550
R1064:54411.901882,0.050000,54411.902006,54411.918598,54411.968598
R1065:54411.961710,0.050000,54411.961804,54411.968683,54412.018683
R1066:54411.978220,0.050000,54411.978296,54412.018735,54412.068735
R1067:54412.094577,0.050000,54412.094637,54412.094778,54412.144782
R1068:54412.174690,0.050000,54412.174758,54412.174845,54412.224846
R1069:54412.180256,0.050000,54412.180334,54412.224908,54412.274909
R1070:54412.415040,0.050000,54412.415091,54412.415608,54412.465609
R1071:54412.461325,0.050000,54412.461522,54412.465702,54412.515703
R1072:54412.496573,0.050000,54412.496620,54412.515772,54412.565772
R1073:54412.528890,0.050000,54412.529279,54412.565828,54412.615829
R1074:54412.720334,0.050000,54412.720365,54412.720432,54412.770453
R1075:54412.898083,0.050000,54412.898134,54412.898298,54412.948299
R1076:54412.906076,0.050000,54412.906175,54412.948356,54412.998515
R1077:54413.071360,0.050000,54413.071424,54413.071962,54413.121963
R1078:54413.220448,0.050000,54413.220542,54413.221148,54413.271149
R1079:54413.235878,0.050000,54413.235940,54413.271201,54413.321204
R1080:54413.417680,0.050000,54413.417733,54413.417877,54413.467878
R1081:54413.606469,0.050000,54413.606567,54413.606702,54413.656703
R1082:54413.613608,0.050000,54413.613660,54413.656755,54413.706756
R1083:54413.736673,0.050000,54413.736764,54413.736879,54413.786880
R1084:54413.983606,0.050000,54413.983658,54413.983911,54414.033960
R1085:54414.034460,0.050000,54414.034488,54414.034549,54414.084550
R1086:54414.034827,0.050000,54414.034852,54414.084598,54414.134598
R1087:54414.049832,0.050000,54414.049882,54414.134648,54414.184649
R1088:54414.074161,0.050000,54414.074305,54414.184773,54414.234774
R1089:54414.144930,0.050000,54414.144994,54414.234827,54414.284827
R1090:54414.166745,0.050000,54414.184761,54414.284876,54414.334876
R1091:54414.265456,0.050000,54414.265510,54414.334934,54414.384934
R1092:54414.268209,0.050000,54414.268234,54414.384987,54414.434988
R1093:54414.359689,0.050000,54414.359735,54414.435035,54414.485036
R1094:54414.390616,0.050000,54414.390661,54414.485089,54414.535128
R1095:54414.537566,0.050000,54414.537598,54414.537696,54414.587697
R1096:54414.561725,0.050000,54414.561819,54414.587777,54414.637778
R1097:54414.619369,0.050000,54414.619499,54414.637838,54414.687839
R1098:54414.699930,0.050000,54414.699986,54414.700070,54414.750071
R1099:54414.926125,0.050000,54414.926179,54414.926225,54414.976226
R1100:54414.996184,0.050000,54414.996339,54414.996470,54415.046471
R1101:54415.068976,0.050000,54415.069018,54415.069086,54415.119088
R1102:54415.109598,0.050000,54415.109653,54415.119171,54415.169171
R1103:54415.110312,0.050000,54415.110335,54415.169222,54415.219224
R1104:54415.505530,0.050000,54415.505587,54415.505685,54415.555686
R1105:54415.537954,0.050000,54415.546137,54415.555747,54415.605748
R1106:54415.723449,0.050000,54415.723486,54415.723521,54415.773576
R1107:54415.731073,0.050000,54415.764160,54415.773705,54415.823706
R1108:54415.753146,0.050000,54415.764187,54415.823746,54415.873747
R1109:54415.868539,0.050000,54415.868590,54415.873846,54415.923848
R1110:54415.893262,0.050000,54415.893352,54415.923951,54415.973952
R1111:54415.908124,0.050000,54415.923933,54415.973993,54416.023994
R1112:54416.001643,0.050000,54416.001687,54416.024055,54416.074055
R1113:54416.035980,0.050000,54416.036032,54416.074138,54416.124342
R1114:54416.036559,0.050000,54416.074124,54416.124385,54416.174386
R1115:54416.123512,0.050000,54416.123621,54416.174443,54416.224444
R1116:54416.282021,0.050000,54416.282133,54416.282512,54416.332566
R1117:54416.283119,0.050000,54416.324332,54416.333430,54416.383431
R1118:54416.438544,0.050000,54416.438598,54416.438679,54416.488680
R1119:54416.452585,0.050000,54416.479139,54416.488715,54416.538716
R1120:54416.525477,0.050000,54416.525525,54416.538812,54416.588813
R1121:54416.537085,0.050000,54416.538796,54416.588861,54416.638862
R1122:54416.722540,0.050000,54416.722862,54416.722873,54416.773022
R1123:54416.803180,0.050000,54416.803249,54416.803718,54416.853719
R1124:54416.949234,0.050000,54416.949373,54416.950224,54417.000224
R1125:54416.972522,0.050000,54416.972577,54417.000271,54417.050272
R1126:54417.029324,0.050000,54417.029376,54417.050339,54417.100340
R1127:54417.041494,0.050000,54417.050324,54417.100387,54417.150388
R1128:54417.167553,0.050000,54417.168155,54417.168165,54417.218176
R1129:54417.185700,0.050000,54417.185745,54417.218221,54417.268221
R1130:54417.194625,0.050000,54417.194850,54417.268313,54417.318314
R1131:54417.239252,0.050000,54417.239293,54417.318360,54417.368361
R1132:54417.380936,0.050000,54417.380978,54417.381136,54417.431137
R1133:54417.437568,0.050000,54417.437623,54417.437699,54417.487700
R1134:54417.481961,0.050000,54417.482129,54417.487764,54417.537765
R1135:54417.621101,0.050000,54417.621145,54417.621202,54417.671203
R1136:54417.792824,0.050000,54417.792895,54417.792989,54417.842990
R1137:54417.827925,0.050000,54417.827980,54417.843105,54417.893106
R1138:54418.051350,0.050000,54418.051386,54418.051611,54418.101611
R1139:54418.065117,0.050000,54418.092116,54418.101641,54418.151642
R1140:54418.080077,0.050000,54418.092120,54418.151716,54418.201717
R1141:54418.100518,0.050000,54418.100566,54418.201771,54418.251772
R1142:54418.132542,0.050000,54418.132664,54418.251830,54418.301831
R1143:54418.310895,0.050000,54418.311062,54418.311154,54418.361156
R1144:54418.382075,0.050000,54418.382283,54418.382498,54418.432499
R1145:54418.415397,0.050000,54418.415554,54418.432626,54418.482627
R1146:54418.484266,0.050000,54418.484302,54418.484591,54418.534592
R1147:54418.536617,0.050000,54418.536652,54418.536918,54418.586919
R1148:54418.570932,0.050000,54418.571001,54418.586969,54418.636969
R1149:54418.623376,0.050000,54418.623436,54418.637020,54418.687020
R1150:54418.708188,0.050000,54418.708261,54418.708366,54418.758367
R1151:54418.709761,0.050000,54418.749335,54418.758417,54418.808418
R1152:54418.785032,0.050000,54418.785082,54418.808518,54418.858519
R1153:54418.854327,0.050000,54418.854443,54418.858572,54418.908574
R1154:54418.939203,0.050000,54418.939246,54418.939477,54418.989477
R1155:54418.992268,0.050000,54418.992311,54418.992399,54419.042401
R1156:54419.153740,0.050000,54419.153892,54419.154795,54419.204796
R1157:54419.173720,0.050000,54419.173864,54419.204855,54419.254855
R1158:54419.254287,0.050000,54419.254337,54419.254886,54419.304887
R1159:54419.346446,0.050000,54419.346608,54419.346622,54419.396622
R1160:54419.391200,0.050000,54419.391266,54419.396670,54419.446671
R1161:54419.502287,0.050000,54419.502477,54419.502487,54419.552488
R1162:54419.516334,0.050000,54419.544370,54419.552543,54419.602544
R1163:54419.544488,0.050000,54419.544504,54419.602596,54419.652597
R1164:54419.573599,0.050000,54419.573651,54419.652647,54419.702648
R1165:54419.646281,0.050000,54419.646318,54419.702675,54419.752676
R1166:54419.660734,0.050000,54419.660782,54419.752740,54419.802740
R1167:54419.680866,0.050000,54419.701409,54419.802786,54419.852787
R1168:54419.682761,0.050000,54419.701412,54419.852820,54419.902821
R1169:54419.693602,0.050000,54419.701418,54419.902909,54419.952910
R1170:54419.733461,0.050000,54419.733524,54419.952943,54420.002944
R1171:54419.751961,0.050000,54419.752728,54420.003025,54420.053082
R1172:54419.787727,0.050000,54419.794225,54420.053175,54420.103179
R1173:54419.895700,0.050000,54419.895736,54420.103242,54420.153244
R1174:54419.907467,0.050000,54419.907574,54420.153336,54420.203336
R1175:54419.910428,0.050000,54419.949285,54420.203410,54420.253411
R1176:54419.922017,0.050000,54419.949292,54420.253454,54420.303455
R1177:54420.019964,0.050000,54420.020004,54420.303502,54420.353503
R1178:54420.074444,0.050000,54420.074501,54420.353546,54420.403546
R1179:54420.128117,0.050000,54420.128266,54420.404402,54420.454403
R1180:54420.148964,0.050000,54420.153320,54420.454457,54420.504458
R1181:54420.167418,0.050000,54420.195236,54420.504500,54420.554501
R1182:54420.223387,0.050000,54420.223430,54420.554576,54420.604577
R1183:54420.386042,0.050000,54420.386389,54420.604633,54420.654633
R1184:54420.519249,0.050000,54420.519353,54420.654684,54420.704685
R1185:54420.538595,0.050000,54420.554563,54420.704744,54420.754744
R1186:54420.577251,0.050000,54420.596413,54420.754819,54420.804820
R1187:54420.673673,0.050000,54420.673771,54420.804873,54420.854874
R1188:54420.720688,0.050000,54420.720736,54420.854927,54420.904928
R1189:54420.727873,0.050000,54420.754806,54420.904984,54420.954985
R1190:54420.772508,0.050000,54420.796130,54420.955043,54421.005044
R1191:54420.975299,0.050000,54420.975389,54421.005132,54421.055133
R1192:54421.127386,0.050000,54421.127497,54421.127508,54421.177509
R1193:54421.200599,0.050000,54421.200657,54421.200803,54421.250804
R1194:54421.222989,0.050000,54421.223044,54421.250861,54421.300861
R1195:54421.240432,0.050000,54421.240528,54421.300913,54421.350913
R1196:54421.263897,0.050000,54421.264019,54421.350967,54421.400968
R1197:54421.306585,0.050000,54421.306661,54421.401017,54421.451018
R1198:54421.350927,0.050000,54421.350954,54421.451120,54421.501121
R1199:54421.377370,0.050000,54421.377421,54421.501370,54421.551371
R1200:54421.440740,0.050000,54421.440787,54421.551428,54421.601429
R1201:54421.590068,0.050000,54421.590113,54421.601487,54421.651488
R1202:54421.641994,0.050000,54421.642073,54421.651547,54421.701548
R1203:54421.897175,0.050000,54421.897366,54421.897503,54421.947504
R1204:54421.973250,0.050000,54421.973308,54421.974253,54422.024254
R1205:54422.047285,0.050000,54422.047398,54422.048145,54422.098147
R1206:54422.347352,0.050000,54422.347407,54422.347875,54422.397875
R1207:54422.462042,0.050000,54422.462117,54422.463321,54422.513321
R1208:54422.497520,0.050000,54422.497567,54422.513577,54422.563578
R1209:54422.549477,0.050000,54422.549524,54422.563670,54422.613671
R1210:54422.577395,0.050000,54422.577446,54422.613728,54422.663728
R1211:54422.649826,0.050000,54422.649874,54422.663781,54422.713782
R1212:54422.746217,0.050000,54422.746264,54422.746375,54422.796376
R1213:54422.888970,0.050000,54422.889182,54422.889194,54422.939202
R1214:54422.943683,0.050000,54422.943848,54422.943862,54422.993862
R1215:54423.006534,0.050000,54423.006664,54423.006720,54423.056721
R1216:54423.014285,0.050000,54423.014398,54423.056762,54423.106763
R1217:54423.229733,0.050000,54423.229924,54423.229935,54423.279936
R1218:54423.257812,0.050000,54423.257860,54423.280016,54423.330017
R1219:54423.319287,0.050000,54423.319330,54423.330240,54423.380242
R1220:54423.322604,0.050000,54423.330208,54423.380335,54423.430336
R1221:54423.433338,0.050000,54423.433474,54423.433577,54423.483577
R1222:54423.485635,0.050000,54423.485786,54423.485795,54423.535796
R1223:54423.669954,0.050000,54423.670741,54423.670751,54423.720753
R1224:54423.709904,0.050000,54423.709961,54423.720802,54423.770803
R1225:54423.819586,0.050000,54423.819673,54423.819747,54423.869748
R1226:54423.830453,0.050000,54423.860330,54423.869800,54423.919800
R1227:54423.917812,0.050000,54423.917865,54423.919853,54423.969854
R1228:54423.937346,0.050000,54423.937388,54423.969908,54424.019909
R1229:54424.002714,0.050000,54424.002815,54424.020006,54424.070007
R1230:54424.004889,0.050000,54424.019988,54424.070069,54424.120070
R1231:54424.128387,0.050000,54424.129159,54424.129174,54424.179179
R1232:54424.175880,0.050000,54424.175995,54424.179247,54424.234896
R1233:54424.230549,0.050000,54424.230604,54424.234951,54424.284952
R1234:54424.342528,0.050000,54424.342580,54424.342591,54424.392592
R1235:54424.353234,0.050000,54424.383451,54424.392657,54424.442658
R1236:54424.366437,0.050000,54424.383461,54424.442726,54424.492726
R1237:54424.474205,0.050000,54424.474286,54424.492792,54424.542793
R1238:54424.660216,0.050000,54424.660882,54424.660892,54424.710893
R1239:54424.718507,0.050000,54424.718664,54424.720498,54424.770526
R1240:54424.743639,0.050000,54424.743741,54424.771605,54424.821605
R1241:54424.764317,0.050000,54424.764598,54424.821642,54424.871643
R1242:54424.780545,0.050000,54424.780831,54424.871713,54424.921715
R1243:54424.784218,0.050000,54424.821180,54424.921795,54424.971796
R1244:54424.794159,0.050000,54424.821188,54424.971854,54425.021854
R1245:54424.887162,0.050000,54424.887228,54425.021903,54425.071903
R1246:54424.955686,0.050000,54424.955889,54425.071962,54425.121963
R1247:54424.973324,0.050000,54424.973374,54425.122018,54425.172019
R1248:54425.054497,0.050000,54425.054572,54425.172077,54425.222078
R1249:54425.255433,0.050000,54425.255528,54425.255655,54425.305656
R1250:54425.366548,0.050000,54425.366640,54425.366749,54425.416751
R1251:54425.458085,0.050000,54425.458148,54425.458198,54425.508199
R1252:54425.551003,0.050000,54425.551080,54425.551816,54425.601817
R1253:54425.577287,0.050000,54425.577393,54425.601879,54425.652093
R1254:54425.651619,0.050000,54425.651660,54425.652125,54425.702125
R1255:54425.663787,0.050000,54425.663848,54425.702234,54425.752234
R1256:54425.670906,0.050000,54425.702221,54425.752287,54425.802287
R1257:54425.781366,0.050000,54425.781495,54425.802324,54425.852328
R1258:54425.922548,0.050000,54425.922628,54425.922689,54425.972690
R1259:54425.950954,0.050000,54425.963200,54425.972747,54426.022748
R1260:54425.985811,0.050000,54425.985861,54426.022823,54426.072824
R1261:54426.130252,0.050000,54426.130699,54426.131096,54426.181097
R1262:54426.141358,0.050000,54426.171453,54426.181161,54426.231182
R1263:54426.279206,0.050000,54426.279458,54426.279502,54426.329503
R1264:54426.314954,0.050000,54426.320947,54426.329570,54426.379624
R1265:54426.507825,0.050000,54426.507905,54426.507967,54426.558342
R1266:54426.792784,0.050000,54426.792855,54426.793074,54426.845345
R1267:54426.851329,0.050000,54426.851404,54426.853159,54426.903160
R1268:54426.939598,0.050000,54426.939690,54426.940358,54426.990359
R1269:54427.109451,0.050000,54427.109571,54427.110177,54427.160263
R1270:54427.118404,0.050000,54427.118540,54427.160718,54427.210719
R1271:54427.118518,0.050000,54427.118618,54427.210874,54427.260895
R1272:54427.130622,0.050000,54427.130720,54427.260942,54427.310942
R1273:54427.157086,0.050000,54427.157169,54427.311003,54427.361004
R1274:54427.159529,0.050000,54427.159573,54427.361066,54427.411088
R1275:54427.181851,0.050000,54427.181905,54427.411155,54427.461156
R1276:54427.184519,0.050000,54427.210857,54427.461246,54427.511247
R1277:54427.259754,0.050000,54427.259949,54427.511281,54427.561292
R1278:54427.306915,0.050000,54427.306967,54427.561419,54427.611420
R1279:54427.396844,0.050000,54427.396975,54427.611510,54427.661511
R1280:54427.461301,0.050000,54427.461368,54427.661604,54427.711605
R1281:54427.483899,0.050000,54427.502310,54427.711691,54427.761701
R1282:54427.524948,0.050000,54427.524998,54427.761782,54427.815805
R1283:54427.552285,0.050000,54427.561405,54427.815853,54427.865854
R1284:54427.613530,0.050000,54427.614072,54427.865908,54427.915908
R1285:54427.620551,0.050000,54427.620629,54427.915962,54427.965963
R1286:54427.666700,0.050000,54427.666753,54427.966023,54428.016024
R1287:54427.745434,0.050000,54427.745488,54428.016090,54428.066091
R1288:54427.888547,0.050000,54427.888609,54428.066143,54428.116143
R1289:54427.917035,0.050000,54427.917069,54428.116189,54428.166238
R1290:54428.221804,0.050000,54428.221875,54428.222630,54428.272631
R1291:54428.242215,0.050000,54428.242269,54428.272695,54428.322696
R1292:54428.257873,0.050000,54428.257936,54428.322752,54428.372752
R1293:54428.267896,0.050000,54428.267948,54428.372801,54428.422802
R1294:54428.275651,0.050000,54428.275696,54428.422867,54428.472880
R1295:54428.338614,0.050000,54428.338668,54428.472944,54428.522945
R1296:54428.343205,0.050000,54428.343277,54428.523006,54428.573006
R1297:54428.349510,0.050000,54428.349579,54428.573325,54428.623326
R1298:54428.360651,0.050000,54428.360714,54428.623391,54428.673392
R1299:54428.466479,0.050000,54428.466527,54428.673488,54428.723489
R1300:54428.792898,0.050000,54428.792961,54428.792975,54428.842976
R1301:54428.814730,0.050000,54428.833319,54428.843904,54428.893905
R1302:54428.919546,0.050000,54428.919598,54428.919688,54428.969689
R1303:54428.930907,0.050000,54428.961269,54428.969749,54429.019750
R1304:54428.990481,0.050000,54428.990536,54429.019804,54429.069805
R1305:54429.105942,0.050000,54429.105993,54429.106686,54429.156687
R1306:54429.143957,0.050000,54429.146214,54429.156743,54429.206743
R1307:54429.209389,0.050000,54429.209424,54429.209560,54429.259561
R1308:54429.252304,0.050000,54429.252379,54429.259628,54429.309629
R1309:54429.410493,0.050000,54429.410539,54429.410609,54429.460610
R1310:54429.437373,0.050000,54429.452145,54429.460667,54429.510668
R1311:54429.440077,0.050000,54429.452151,54429.510821,54429.560822
R1312:54429.452382,0.050000,54429.452399,54429.560901,54429.610902
R1313:54429.551507,0.050000,54429.551558,54429.610971,54429.660972
R1314:54429.583398,0.050000,54429.583512,54429.661020,54429.711021
R1315:54429.677621,0.050000,54429.677776,54429.711089,54429.768592
R1316:54429.804036,0.050000,54429.804093,54429.804334,54429.854343
R1317:54429.925789,0.050000,54429.925844,54429.925982,54429.975983
R1318:54429.961904,0.050000,54429.961995,54429.976044,54430.026045
R1319:54430.046605,0.050000,54430.046657,54430.046791,54430.096801
R1320:54430.058008,0.050000,54430.087158,54430.096888,54430.146918
R1321:54430.092236,0.050000,54430.092275,54430.147024,54430.197024
R1322:54430.292079,0.050000,54430.292326,54430.292337,54430.342348
R1323:54430.322052,0.050000,54430.333258,54430.342458,54430.392459
R1324:54430.372734,0.050000,54430.372784,54430.392535,54430.442536
R1325:54430.375779,0.050000,54430.392522,54430.442567,54430.492567
R1326:54430.561219,0.050000,54430.561283,54430.561337,54430.611337
R1327:54430.621454,0.050000,54430.621506,54430.621562,54430.671563
R1328:54430.631255,0.050000,54430.631324,54430.671606,54430.721607
R1329:54430.636568,0.050000,54430.636605,54430.721641,54430.771641
R1330:54430.666508,0.050000,54430.666556,54430.771700,54430.821700
R1331:54430.675263,0.050000,54430.675304,54430.821752,54430.871753
R1332:54430.703519,0.050000,54430.716157,54430.871796,54430.921797
R1333:54430.711638,0.050000,54430.716163,54430.921862,54430.971863
R1334:54430.732910,0.050000,54430.732951,54430.971905,54431.021906
R1335:54430.889638,0.050000,54430.889685,54431.021963,54431.071964
R1336:54431.059446,0.050000,54431.059501,54431.072024,54431.122024
R1337:54431.138391,0.050000,54431.138589,54431.138602,54431.188603
R1338:54431.186344,0.050000,54431.186404,54431.188644,54431.238645
R1339:54431.217839,0.050000,54431.217917,54431.238708,54431.288709
R1340:54431.276416,0.050000,54431.276469,54431.288757,54431.338758
R1341:54431.391531,0.050000,54431.391568,54431.391600,54431.441601
R1342:54431.427051,0.050000,54431.432352,54431.441647,54431.491648
R1343:54431.517082,0.050000,54431.517204,54431.517216,54431.567217
R1344:54431.573813,0.050000,54431.573923,54431.573989,54431.623998
R1345:54431.670274,0.050000,54431.670506,54431.670519,54431.720520
R1346:54431.712718,0.050000,54431.712789,54431.720575,54431.770576
R1347:54431.746463,0.050000,54431.746520,54431.770637,54431.820639
R1348:54431.804949,0.050000,54431.805003,54431.820726,54431.870727
R1349:54431.936347,0.050000,54431.936498,54431.936521,54431.986522
R1350:54431.941465,0.050000,54431.977270,54431.986583,54432.036584
R1351:54432.028412,0.050000,54432.028487,54432.036645,54432.086662
R1352:54432.046402,0.050000,54432.046482,54432.086735,54432.136736
R1353:54432.046997,0.050000,54432.086722,54432.136785,54432.186786
R1354:54432.050272,0.050000,54432.086724,54432.186843,54432.236843
R1355:54432.143415,0.050000,54432.143475,54432.236897,54432.286898
R1356:54432.146938,0.050000,54432.147131,54432.287196,54432.337196
R1357:54432.395834,0.050000,54432.395967,54432.396063,54432.446064
R1358:54432.421259,0.050000,54432.421326,54432.446169,54432.496170
R1359:54432.434813,0.050000,54432.434967,54432.496247,54432.546249
R1360:54432.437955,0.050000,54432.438001,54432.546341,54432.596379
R1361:54432.509991,0.050000,54432.510080,54432.596547,54432.646548
R1362:54432.534488,0.050000,54432.546329,54432.647162,54432.697173
R1363:54432.567508,0.050000,54432.587822,54432.697250,54432.747260
R1364:54432.664029,0.050000,54432.664118,54432.747328,54432.797329
R1365:54432.720254,0.050000,54432.720354,54432.797380,54432.847380
R1366:54432.741560,0.050000,54432.747315,54432.847439,54432.897439
R1367:54432.816112,0.050000,54432.816149,54432.897488,54432.947489
R1368:54432.832926,0.050000,54432.832978,54432.947572,54432.997573
R1369:54432.928458,0.050000,54432.928500,54432.997620,54433.047621
R1370:54432.928834,0.050000,54432.947558,54433.047680,54433.097681
R1371:54433.032348,0.050000,54433.032405,54433.097740,54433.147740
R1372:54433.087521,0.050000,54433.087570,54433.147794,54433.197794
R1373:54433.123657,0.050000,54433.123696,54433.197874,54433.247876
R1374:54433.171245,0.050000,54433.171300,54433.247958,54433.297959
R1375:54433.181001,0.050000,54433.197855,54433.298014,54433.348014
R1376:54433.192125,0.050000,54433.197860,54433.348073,54433.398074
R1377:54433.381127,0.050000,54433.381220,54433.398153,54433.448154
R1378:54433.425809,0.050000,54433.425856,54433.448213,54433.498214
R1379:54433.510105,0.050000,54433.510135,54433.510263,54433.560263
R1380:54433.614944,0.050000,54433.615005,54433.615607,54433.665616
R1381:54433.668762,0.050000,54433.668820,54433.669098,54433.719099
R1382:54433.705040,0.050000,54433.705094,54433.719256,54433.769256
R1383:54434.030742,0.050000,54434.030800,54434.031373,54434.081374
R1384:54434.085332,0.050000,54434.085396,54434.085562,54434.135585
R1385:54434.126845,0.050000,54434.126972,54434.135635,54434.185636
R1386:54434.217460,0.050000,54434.217516,54434.218145,54434.268146
R1387:54434.279635,0.050000,54434.279797,54434.280923,54434.330923
R1388:54434.317385,0.050000,54434.317457,54434.330977,54434.380977
R1389:54434.318627,0.050000,54434.318692,54434.381037,54434.431038
R1390:54434.417918,0.050000,54434.417953,54434.431172,54434.481239
R1391:54434.460869,0.050000,54434.461011,54434.481291,54434.531292
R1392:54434.535959,0.050000,54434.536098,54434.536108,54434.586119
R1393:54434.539432,0.050000,54434.576109,54434.586177,54434.636358
R1394:54434.657151,0.050000,54434.657297,54434.666545,54434.716651
R1395:54434.694935,0.050000,54434.698565,54434.716690,54434.766691
R1396:54434.755430,0.050000,54434.755479,54434.766754,54434.816755
R1397:54434.759938,0.050000,54434.766741,54434.816814,54434.866842
R1398:54434.762988,0.050000,54434.766743,54434.866964,54434.916965
R1399:54434.870009,0.050000,54434.870140,54434.917028,54434.967029
R1400:54434.983228,0.050000,54434.983285,54434.983651,54435.042008
R1401:54434.986267,0.050000,54434.986324,54435.042107,54435.092108
R1402:54435.042368,0.050000,54435.042401,54435.092231,54435.142234
R1403:54435.071674,0.050000,54435.071733,54435.142327,54435.192328
R1404:54435.112590,0.050000,54435.112637,54435.192388,54435.242389
R1405:54435.114396,0.050000,54435.142311,54435.242443,54435.292443
R1406:54435.153094,0.050000,54435.184089,54435.292519,54435.342520
R1407:54435.212625,0.050000,54435.212677,54435.342572,54435.392572
R1408:54435.424949,0.050000,54435.425446,54435.425456,54435.475457
R1409:54435.572538,0.050000,54435.573653,54435.573662,54435.623662
R1410:54435.593754,0.050000,54435.594002,54435.623722,54435.673723
R1411:54435.684368,0.050000,54435.684860,54435.684869,54435.736399
R1412:54435.721423,0.050000,54435.725140,54435.736469,54435.786575
R1413:54435.796665,0.050000,54435.796722,54435.796830,54435.846831
R1414:54435.886653,0.050000,54435.886757,54435.886771,54435.936772
R1415:54436.081657,0.050000,54436.082260,54436.082270,54436.132270
R1416:54436.088498,0.050000,54436.088574,54436.132325,54436.182326
R1417:54436.128160,0.050000,54436.128372,54436.182391,54436.232392
R1418:54436.179955,0.050000,54436.179998,54436.232456,54436.289432
R1419:54436.229672,0.050000,54436.229718,54436.289543,54436.339544
R1420:54436.273280,0.050000,54436.273334,54436.339582,54436.389583
R1421:54436.296596,0.050000,54436.296694,54436.389631,54436.439632
R1422:54436.502291,0.050000,54436.502362,54436.502914,54436.552915
R1423:54436.508902,0.050000,54436.508963,54436.554845,54436.604845
R1424:54436.533712,0.050000,54436.533763,54436.604905,54436.654906
R1425:54436.633401,0.050000,54436.633659,54436.654969,54436.704981
R1426:54436.679641,0.050000,54436.679681,54436.705073,54436.755399
R1427:54436.820578,0.050000,54436.820859,54436.820916,54436.870916
R1428:54436.937414,0.050000,54436.937469,54436.938259,54437.988260
R1429:54437.988296,0.050000,54437.988348,54437.988570,54438.038571
R1430:54438.060469,0.050000,54438.060527,54438.061281,54438.111328
R1431:54438.125573,0.050000,54438.125637,54438.125980,54438.175981
R1432:54438.181961,0.050000,54438.182072,54438.183004,54438.233004
R1433:54438.195963,0.050000,54438.196034,54438.233065,54438.292352
R1434:54438.382925,0.050000,54438.383334,54438.383345,54438.433346
R1435:54438.645321,0.050000,54438.645434,54438.645445,54438.695454
R1436:54438.660999,0.050000,54438.661055,54438.695497,54438.745498
R1437:54438.692642,0.050000,54438.692690,54438.745555,54438.795556
R1438:54438.747860,0.050000,54438.747960,54438.795610,54438.845666
R1439:54438.759201,0.050000,54438.788320,54438.845733,54438.895893
R1440:54438.776359,0.050000,54438.788325,54438.895972,54438.950258
R1441:54438.888808,0.050000,54438.888936,54438.950329,54439.000330
R1442:54439.030285,0.050000,54439.030376,54439.030502,54439.082211
R1443:54439.098403,0.050000,54439.098459,54439.098495,54439.148496
R1444:54439.140318,0.050000,54439.140385,54439.148593,54439.198594
R1445:54439.200524,0.050000,54439.200590,54439.200694,54439.250695
R1446:54439.257150,0.050000,54439.257197,54439.257335,54439.307336
R1447:54439.311557,0.050000,54439.311607,54439.311650,54439.361651
R1448:54439.671711,0.050000,54439.671780,54439.672723,54439.722973
R1449:54439.676188,0.050000,54439.676253,54439.723124,54439.773125
R1450:54439.678475,0.050000,54439.678531,54439.773180,54439.823181
R1451:54439.719076,0.050000,54439.719190,54439.823311,54439.873313
R1452:54439.746930,0.050000,54439.746989,54439.873378,54439.923574
R1453:54440.005496,0.050000,54440.005632,54440.006263,54440.056281
R1454:54440.057998,0.050000,54440.058051,54440.058440,54440.108441
R1455:54440.125936,0.050000,54440.125973,54440.126750,54440.176751
R1456:54440.217573,0.050000,54440.217616,54440.218023,54440.268024
R1457:54440.573250,0.050000,54440.573351,54440.574126,54440.624127
R1458:54440.619292,0.050000,54440.619345,54440.624219,54440.674272
R1459:54440.672897,0.050000,54440.672951,54440.674319,54440.724319
R1460:54440.723258,0.050000,54440.723697,54440.724410,54440.774410
R1461:54440.733436,0.050000,54440.733484,54440.774554,54440.824555
R1462:54440.744077,0.050000,54440.774537,54440.824628,54440.874629
R1463:54440.748716,0.050000,54440.774540,54440.874714,54440.924715
R1464:54440.774005,0.050000,54440.774542,54440.924804,54440.974805
R1465:54440.778982,0.050000,54440.815115,54440.974866,54441.024866
R1466:54440.781578,0.050000,54440.815119,54441.024942,54441.074943
R1467:54440.829029,0.050000,54440.829091,54441.075011,54441.125012
R1468:54440.865003,0.050000,54440.870099,54441.125071,54441.175072
R1469:54440.923567,0.050000,54440.923611,54441.175195,54441.225196
R1470:54440.993488,0.050000,54440.993537,54441.225248,54441.275249
R1471:54441.059671,0.050000,54441.059725,54441.275317,54441.325318
R1472:54441.090672,0.050000,54441.090706,54441.325362,54441.375363
R1473:54441.138346,0.050000,54441.138391,54441.375464,54441.425558
R1474:54441.156328,0.050000,54441.175181,54441.425628,54441.475629
R1475:54441.270006,0.050000,54441.270116,54441.475684,54441.525684
R1476:54441.276129,0.050000,54441.276173,54441.525748,54441.575749
R1477:54441.379968,0.050000,54441.380094,54441.575820,54441.625821
R1478:54441.408908,0.050000,54441.408964,54441.625869,54441.675869
R1479:54441.413708,0.050000,54441.413770,54441.675931,54441.725931
R1480:54441.538520,0.050000,54441.538569,54441.725983,54441.775983
R1481:54441.570757,0.050000,54441.575808,54441.776045,54441.826046
R1482:54441.618518,0.050000,54441.618618,54441.826103,54441.876139
R1483:54441.630839,0.050000,54441.630925,54441.876201,54441.926202
R1484:54441.660436,0.050000,54441.672225,54441.926663,54441.976664
R1485:54442.173831,0.050000,54442.173890,54442.173949,54442.223949
R1486:54442.274813,0.050000,54442.274900,54442.274996,54442.324997
R1487:54442.278795,0.050000,54442.278818,54442.325077,54442.375078
R1488:54442.626965,0.050000,54442.627013,54442.627369,54442.677370
R1489:54442.645752,0.050000,54442.645806,54442.677433,54442.727434
R1490:54442.707619,0.050000,54442.707669,54442.727509,54442.777510
R1491:54442.756593,0.050000,54442.756689,54442.777561,54442.827562
R1492:54442.786468,0.050000,54442.786505,54442.827597,54442.877598
R1493:54442.873302,0.050000,54442.873359,54442.877652,54442.927653
R1494:54442.928940,0.050000,54442.929003,54442.929107,54442.979156
R1495:54442.998863,0.050000,54442.998954,54442.999069,54443.049070
R1496:54443.098921,0.050000,54443.099018,54443.099160,54443.149160
R1497:54443.157930,0.050000,54443.158021,54443.158156,54443.208157
R1498:54443.165835,0.050000,54443.165885,54443.208244,54443.258244
R1499:54443.177032,0.050000,54443.177139,54443.258313,54443.308314
