R0:53944.171659,0.025075,53944.171734,53944.174596,53944.199673
R1:53944.338445,0.080083,53944.338497,53944.339019,53944.419108
R2:53944.477511,0.011004,53944.477590,53944.477732,53944.488737
R3:53944.698301,0.073100,53944.698512,53944.698522,53944.771623
R4:53944.735585,0.040368,53944.739217,53944.771663,53944.812032
R5:53944.765262,0.049560,53944.765847,53944.812124,53944.861685
R6:53944.824355,0.036016,53944.824496,53944.861738,53944.897754
R7:53944.865759,0.123963,53944.865825,53944.897805,53945.021769
R8:53945.142394,0.063168,53945.142844,53945.142852,53945.206021
R9:53945.234430,0.046693,53945.234865,53945.234874,53945.281568
R10:53945.248480,0.013912,53945.248557,53945.281607,53945.295520
R11:53945.250091,0.081527,53945.250157,53945.295701,53945.377229
R12:53945.263620,0.025620,53945.263708,53945.377300,53945.402921
R13:53945.279206,0.005760,53945.279323,53945.402974,53945.408734
R14:53945.291952,0.012311,53945.292035,53945.408751,53945.421078
R15:53945.913438,0.091352,53945.913531,53945.913543,53946.004896
R16:53945.978994,0.017551,53945.979063,53946.004958,53946.022510
R17:53946.065350,0.037147,53946.065957,53946.065967,53946.103115
R18:53946.157752,0.180181,53946.158218,53946.158227,53946.338409
R19:53946.219884,0.073780,53946.219945,53946.338471,53946.412252
R20:53946.251567,0.073465,53946.251692,53946.412300,53946.485766
R21:53946.320254,0.111064,53946.320339,53946.485823,53946.596887
R22:53946.367519,0.021729,53946.367570,53946.596921,53946.618651
R23:53946.399620,0.125682,53946.408137,53946.618703,53946.744386
R24:53946.550972,0.149118,53946.551092,53946.744442,53946.893561
R25:53946.558499,0.004499,53946.592334,53946.893610,53946.898110
R26:53946.626974,0.054417,53946.627003,53946.898128,53946.952545
R27:53946.647181,0.021454,53946.666303,53946.952578,53946.974033
R28:53946.848128,0.001011,53946.848183,53946.974059,53946.975071
R29:53946.854267,0.003259,53946.854314,53946.975085,53946.978344
R30:53946.910226,0.176396,53946.910309,53946.978349,53947.154746
R31:53946.935434,0.095164,53946.952172,53947.154792,53947.249956
R32:53947.146907,0.038800,53947.146953,53947.250030,53947.288831
R33:53947.175209,0.071408,53947.175255,53947.288898,53947.360308
R34:53947.218119,0.055089,53947.218163,53947.360387,53947.415477
R35:53947.283614,0.002004,53947.283657,53947.415563,53947.417567
R36:53947.352797,0.134291,53947.352845,53947.417592,53947.551884
R37:53947.405443,0.063819,53947.405481,53947.551942,53947.615762
R38:53947.648569,0.067073,53947.648613,53947.648895,53947.715969
R39:53947.679318,0.021852,53947.689189,53947.716027,53947.737880
R40:53947.772259,0.009075,53947.772312,53947.773179,53947.782254
R41:53947.878252,0.106045,53947.878296,53947.878749,53947.984794
R42:53947.931094,0.020049,53947.931134,53947.984845,53948.004895
R43:53948.091898,0.111921,53948.092297,53948.092360,53948.204324
R44:53948.115708,0.058025,53948.115764,53948.204391,53948.262417
R45:53948.155040,0.044414,53948.155658,53948.262478,53948.306893
R46:53948.440212,0.097835,53948.440367,53948.440409,53948.538420
R47:53948.538299,0.128831,53948.538413,53948.538521,53948.667353
R48:53948.591498,0.084307,53948.591642,53948.667418,53948.751726
R49:53948.638159,0.120940,53948.638314,53948.751780,53948.872721
R50:53948.743683,0.012156,53948.743740,53948.872783,53948.884940
R51:53948.803697,0.126367,53948.803791,53948.885083,53949.011593
R52:53949.078532,0.106458,53949.078637,53949.085883,53949.192341
R53:53949.093337,0.028278,53949.093439,53949.192395,53949.220673
R54:53949.186709,0.016499,53949.186758,53949.220744,53949.237244
R55:53949.274715,0.018369,53949.274783,53949.276165,53949.294535
R56:53949.415120,0.012816,53949.415199,53949.416564,53949.429381
R57:53949.469132,0.016164,53949.469306,53949.469814,53949.485979
R58:53949.488310,0.026936,53949.488431,53949.488791,53949.515727
R59:53949.562333,0.118652,53949.562511,53949.562886,53949.681540
R60:53949.579393,0.006738,53949.603222,53949.681602,53949.688416
R61:53949.589372,0.071455,53949.603228,53949.688584,53949.760040
R62:53949.651982,0.136671,53949.652095,53949.760103,53949.896776
R63:53950.032504,0.024160,53950.032561,53950.033145,53950.057306
R64:53950.137485,0.022996,53950.137521,53950.137597,53950.160593
R65:53950.263560,0.013215,53950.263717,53950.263727,53950.276943
R66:53950.295418,0.014013,53950.295639,53950.295752,53950.309766
R67:53950.375462,0.065866,53950.375622,53950.375632,53950.441565
R68:53950.390631,0.078866,53950.416414,53950.441613,53950.520479
R69:53950.402916,0.068339,53950.416422,53950.520556,53950.588895
R70:53950.419802,0.149891,53950.422571,53950.588961,53950.738852
R71:53950.434487,0.036862,53950.434702,53950.738915,53950.775784
R72:53950.439598,0.013726,53950.439660,53950.775831,53950.789715
R73:53950.457386,0.065961,53950.457454,53950.789995,53950.855981
R74:53950.602883,0.171180,53950.602953,53950.856219,53951.027400
R75:53950.700181,0.071301,53950.700271,53951.027450,53951.098751
R76:53950.793136,0.007246,53950.793190,53951.098784,53951.106189
R77:53950.802183,0.004073,53950.834333,53951.106262,53951.110344
R78:53950.869112,0.011449,53950.869185,53951.110396,53951.121846
R79:53950.876624,0.085650,53950.910745,53951.121897,53951.207549
R80:53950.933121,0.070444,53950.933168,53951.207689,53951.278134
R81:53951.010667,0.008587,53951.010720,53951.278193,53951.286781
R82:53951.015621,0.011428,53951.015658,53951.286842,53951.298290
R83:53952.102571,0.006703,53952.102626,53952.102700,53952.109404
R84:53952.303322,0.002779,53952.303518,53952.303948,53952.306727
R85:53952.859749,0.003754,53952.859816,53952.860717,53952.864473
R86:53953.045770,0.128242,53953.045969,53953.046713,53953.174957
R87:53953.046252,0.009945,53953.086108,53953.175017,53953.184963
R88:53953.128258,0.024854,53953.128307,53953.185074,53953.209929
R89:53953.145050,0.085655,53953.145100,53953.210014,53953.295671
R90:53953.367210,0.040202,53953.367247,53953.367454,53953.407658
R91:53953.407735,0.030127,53953.407756,53953.407846,53953.437973
R92:53953.486607,0.005248,53953.486663,53953.487265,53953.492514
R93:53953.592443,0.070795,53953.592498,53953.592933,53953.663732
R94:53953.661365,0.242864,53953.661419,53953.663782,53953.906648
R95:53953.694473,0.105029,53953.694522,53953.906689,53954.011718
R96:53953.772955,0.049566,53953.773010,53954.011778,53954.061345
R97:53953.898530,0.068877,53953.898583,53954.061410,53954.130288
R98:53953.902127,0.129765,53953.902221,53954.130345,53954.260111
R99:53954.065161,0.088904,53954.065397,53954.260156,53954.349061
R100:53954.253316,0.068092,53954.253523,53954.349122,53954.417215
R101:53954.606715,0.205511,53954.606799,53954.606905,53954.812417
R102:53954.819349,0.034384,53954.819391,53954.820180,53954.854565
R103:53954.919419,0.088601,53954.919475,53954.920213,53955.008815
R104:53954.935883,0.004006,53954.960152,53955.008878,53955.012884
R105:53955.135747,0.014254,53955.135970,53955.135980,53955.150234
R106:53955.231499,0.013012,53955.231608,53955.231892,53955.244905
R107:53955.321935,0.019053,53955.322360,53955.322369,53955.341423
R108:53955.431746,0.013161,53955.432517,53955.432604,53955.445766
R109:53955.468201,0.050130,53955.468901,53955.468912,53955.519043
R110:53955.475365,0.052653,53955.510353,53955.519139,53955.571793
R111:53955.498449,0.177832,53955.510358,53955.571847,53955.749680
R112:53955.563856,0.039495,53955.563938,53955.749752,53955.789248
R113:53955.595010,0.006011,53955.595375,53955.789357,53955.795369
R114:53955.712091,0.044891,53955.712136,53955.795389,53955.840280
R115:53955.770778,0.029975,53955.770852,53955.840326,53955.870327
R116:53956.033718,0.094090,53956.034233,53956.034250,53956.128341
R117:53956.071164,0.000162,53956.074236,53956.128377,53956.128575
R118:53956.123050,0.045625,53956.123098,53956.128589,53956.174233
R119:53956.161617,0.013322,53956.161669,53956.174296,53956.187619
R120:53956.324570,0.032981,53956.324621,53956.324672,53956.357655
R121:53956.427724,0.018189,53956.427779,53956.427879,53956.446256
R122:53956.488264,0.010079,53956.488316,53956.488422,53956.498501
R123:53956.601608,0.002086,53956.601765,53956.601940,53956.604027
R124:53956.690154,0.059534,53956.691426,53956.691869,53956.751404
R125:53956.740474,0.050756,53956.741119,53956.751458,53956.802215
R126:53956.842573,0.010205,53956.843141,53956.843288,53956.853496
R127:53956.881493,0.049330,53956.881662,53956.881674,53956.931006
R128:53956.967053,0.019903,53956.967104,53956.967561,53956.987465
R129:53957.086534,0.011296,53957.086589,53957.087351,53957.098648
R130:53957.209292,0.057721,53957.209356,53957.210176,53957.267898
R131:53957.440087,0.014871,53957.440149,53957.440607,53957.455478
R132:53957.536473,0.004586,53957.536526,53957.536631,53957.541218
R133:53957.605717,0.104935,53957.605750,53957.606349,53957.711285
R134:53957.633253,0.004921,53957.646102,53957.711347,53957.716278
R135:53957.738664,0.022440,53957.738714,53957.739331,53957.761771
R136:53957.749518,0.044973,53957.749577,53957.761829,53957.806802
R137:53957.827791,0.017039,53957.827843,53957.827986,53957.845025
R138:53957.927785,0.017011,53957.928265,53957.928543,53957.945555
R139:53958.063859,0.010521,53958.064069,53958.064083,53958.074604
R140:53958.100405,0.000179,53958.100871,53958.100955,53958.101162
R141:53958.478568,0.020134,53958.478627,53958.478678,53958.498813
R142:53958.638457,0.028679,53958.638506,53958.638515,53958.667196
R143:53958.658215,0.125622,53958.667275,53958.667292,53958.792915
R144:53958.947831,0.060045,53958.947893,53958.947903,53959.007949
R145:53959.082479,0.057884,53959.082521,53959.082673,53959.140558
R146:53959.094318,0.074422,53959.094359,53959.140604,53959.215026
R147:53959.138445,0.124010,53959.138496,53959.215110,53959.339126
R148:53959.399182,0.011379,53959.399265,53959.399314,53959.410696
R149:53959.579400,0.039708,53959.579470,53959.580351,53959.620060
R150:53959.723018,0.117658,53959.723055,53959.723625,53959.841284
R151:53959.755244,0.103565,53959.763435,53959.841348,53959.944915
R152:53959.973929,0.042925,53959.974027,53959.974158,53960.017106
R153:53960.036799,0.016004,53960.036884,53960.037084,53960.053089
R154:53960.053152,0.033903,53960.053210,53960.053412,53960.087316
R155:53960.235064,0.094505,53960.235396,53960.235435,53960.329941
R156:53960.291858,0.017199,53960.291932,53960.330003,53960.347210
R157:53960.354315,0.057629,53960.354362,53960.354454,53960.412084
R158:53960.372548,0.007486,53960.395259,53960.412129,53960.419617
R159:53960.490826,0.033905,53960.490881,53960.490976,53960.524882
R160:53960.575011,0.064413,53960.575222,53960.575232,53960.639647
R161:53960.740709,0.012549,53960.740912,53960.741045,53960.753596
R162:53960.758748,0.006463,53960.759255,53960.759274,53960.765738
R163:53960.821607,0.022349,53960.821758,53960.821770,53960.844120
R164:53960.835339,0.134335,53960.844502,53960.844609,53960.978946
R165:53960.871111,0.048656,53960.886409,53960.979005,53961.027662
R166:53961.088557,0.085223,53961.088604,53961.088991,53961.174214
R167:53961.253482,0.020396,53961.253571,53961.253705,53961.274102
R168:53961.315966,0.053769,53961.316001,53961.316744,53961.370514
R169:53961.361653,0.014981,53961.361683,53961.370557,53961.385539
R170:53961.447088,0.003766,53961.447140,53961.447656,53961.451423
R171:53961.462115,0.052094,53961.462201,53961.462759,53961.514854
R172:53961.472727,0.017003,53961.503290,53961.514880,53961.531884
R173:53961.513886,0.004779,53961.513941,53961.531919,53961.536698
R174:53961.550613,0.136281,53961.550688,53961.551739,53961.688021
R175:53961.601445,0.015426,53961.601481,53961.688064,53961.703491
R176:53961.681205,0.071728,53961.681264,53961.703537,53961.775265
R177:53961.779057,0.008556,53961.779105,53961.779595,53961.788151
R178:53961.839931,0.049130,53961.839974,53961.839989,53961.889120
R179:53962.035157,0.011650,53962.035212,53962.035270,53962.046921
R180:53962.101603,0.027774,53962.101693,53962.101803,53962.129577
R181:53962.175933,0.025076,53962.176002,53962.176179,53962.201256
R182:53962.337278,0.019727,53962.337428,53962.338145,53962.357873
R183:53962.362862,0.050896,53962.362901,53962.363424,53962.414321
R184:53962.481792,0.020643,53962.481973,53962.482352,53962.502996
R185:53962.862776,0.007313,53962.863335,53962.863346,53962.870660
R186:53963.070029,0.000271,53963.070072,53963.070166,53963.070438
R187:53963.118414,0.074447,53963.118476,53963.118525,53963.192973
R188:53963.257586,0.006090,53963.257628,53963.258094,53963.264184
R189:53963.289305,0.063828,53963.289359,53963.290242,53963.354071
R190:53963.471884,0.029811,53963.472041,53963.472616,53963.502428
R191:53963.476603,0.061535,53963.476780,53963.502491,53963.564026
R192:53963.867863,0.032113,53963.867893,53963.868747,53963.900861
R193:53963.889503,0.004931,53963.900929,53963.901429,53963.906362
R194:53964.071749,0.024136,53964.071811,53964.072354,53964.096491
R195:53964.081410,0.053519,53964.096554,53964.096567,53964.150087
R196:53964.114125,0.007061,53964.138151,53964.150164,53964.157226
R197:53964.264739,0.002745,53964.264794,53964.265205,53964.267950
R198:53964.269721,0.075904,53964.269780,53964.272513,53964.348418
R199:53964.325488,0.029220,53964.325545,53964.348464,53964.377685
R200:53964.432705,0.044536,53964.432780,53964.433553,53964.478089
R201:53964.444394,0.037740,53964.473219,53964.478127,53964.515868
R202:53964.523094,0.022464,53964.523171,53964.523670,53964.546148
R203:53964.605514,0.109787,53964.605593,53964.605721,53964.715509
R204:53964.638672,0.009306,53964.646282,53964.715567,53964.724873
R205:53964.697593,0.037301,53964.697653,53964.724920,53964.762221
R206:53964.783278,0.045341,53964.783359,53964.783564,53964.828907
R207:53964.871232,0.088541,53964.871335,53964.871480,53964.960022
R208:53964.895605,0.005203,53964.895665,53964.960086,53964.965291
R209:53964.902345,0.009295,53964.902379,53964.965371,53964.974667
R210:53965.136389,0.012776,53965.136445,53965.136552,53965.149330
R211:53965.196377,0.017183,53965.196430,53965.196449,53965.213633
R212:53965.355897,0.105301,53965.355935,53965.355982,53965.461283
R213:53965.396227,0.084345,53965.396255,53965.461348,53965.545694
R214:53965.434704,0.001850,53965.434757,53965.545764,53965.547615
R215:53965.532721,0.075312,53965.532762,53965.547713,53965.623025
R216:53965.560106,0.090426,53965.560163,53965.623085,53965.713511
R217:53965.649832,0.012488,53965.649887,53965.713570,53965.726059
R218:53965.683587,0.047394,53965.683637,53965.726109,53965.773504
R219:53965.704203,0.056136,53965.704266,53965.773565,53965.829702
R220:53965.714922,0.063552,53965.714954,53965.829778,53965.893331
R221:53965.853664,0.025640,53965.853710,53965.893413,53965.919054
R222:53965.874199,0.028459,53965.893389,53965.919295,53965.947755
R223:53965.908763,0.024368,53965.919276,53965.947835,53965.972204
R224:53965.932738,0.008405,53965.947822,53965.972264,53965.980684
R225:53966.002020,0.000734,53966.002196,53966.002208,53966.002942
R226:53966.075846,0.024077,53966.075892,53966.076469,53966.100546
R227:53966.119415,0.066858,53966.119533,53966.119614,53966.186473
R228:53966.152673,0.052442,53966.160317,53966.186540,53966.238983
R229:53966.180176,0.126031,53966.180260,53966.239039,53966.365071
R230:53966.253466,0.082980,53966.253524,53966.365126,53966.448107
R231:53966.359266,0.018695,53966.359322,53966.448162,53966.466858
R232:53966.468701,0.000301,53966.468748,53966.468817,53966.469118
R233:53966.563621,0.092866,53966.563663,53966.563672,53966.656539
R234:53966.633536,0.051458,53966.633649,53966.656595,53966.708055
R235:53966.721648,0.025600,53966.721798,53966.721811,53966.747413
R236:53966.788399,0.063446,53966.788495,53966.788507,53966.851954
R237:53966.829596,0.056631,53966.829644,53966.852008,53966.908640
R238:53966.976921,0.001672,53966.976955,53966.977171,53966.978844
R239:53966.992105,0.057874,53966.992162,53966.992285,53967.050159
R240:53966.998196,0.048242,53967.032162,53967.050229,53967.098473
R241:53967.017170,0.041947,53967.032170,53967.098507,53967.140454
R242:53967.126974,0.000286,53967.127018,53967.140520,53967.140807
R243:53967.127197,0.015161,53967.140508,53967.140826,53967.155988
R244:53967.160408,0.097440,53967.160596,53967.160604,53967.258064
R245:53967.257429,0.020878,53967.257467,53967.258100,53967.278979
R246:53967.275725,0.105602,53967.275771,53967.279097,53967.384700
R247:53967.375920,0.018788,53967.375966,53967.384753,53967.403542
R248:53967.472330,0.010306,53967.472374,53967.472804,53967.483111
R249:53967.669126,0.035005,53967.669182,53967.669815,53967.704821
R250:53967.684781,0.056297,53967.704933,53967.705729,53967.762027
R251:53967.845397,0.010605,53967.845436,53967.846000,53967.856605
R252:53968.058732,0.061220,53968.058818,53968.058932,53968.120153
R253:53968.104518,0.039637,53968.104557,53968.120242,53968.159880
R254:53968.289350,0.134770,53968.289406,53968.289473,53968.424244
R255:53968.411605,0.130575,53968.411668,53968.424298,53968.554874
R256:53968.435863,0.135468,53968.435909,53968.554932,53968.690400
R257:53968.508855,0.040212,53968.508910,53968.690445,53968.730657
R258:53968.570980,0.080383,53968.571037,53968.730687,53968.811071
R259:53968.825557,0.045131,53968.825592,53968.825946,53968.871079
R260:53968.978686,0.268009,53968.978903,53968.978934,53969.246944
R261:53969.076182,0.019618,53969.076239,53969.247004,53969.266623
R262:53969.325997,0.044477,53969.326063,53969.326137,53969.370615
R263:53969.514729,0.071215,53969.514824,53969.514906,53969.586122
R264:53969.607273,0.079215,53969.607338,53969.607446,53969.686662
R265:53969.743244,0.046365,53969.743304,53969.743420,53969.789786
R266:53969.771090,0.009133,53969.771151,53969.789845,53969.798979
R267:53969.829083,0.100156,53969.829203,53969.829236,53969.929405
R268:53969.973676,0.054594,53969.973764,53969.973835,53970.028430
R269:53970.161495,0.047335,53970.161550,53970.162103,53970.209439
R270:53970.209926,0.051867,53970.209964,53970.210537,53970.262404
R271:53970.292631,0.008029,53970.292767,53970.292842,53970.300871
R272:53970.363067,0.001676,53970.363262,53970.363274,53970.364951
R273:53970.441912,0.036506,53970.442029,53970.442041,53970.478558
R274:53970.551803,0.036185,53970.551881,53970.552478,53970.588665
R275:53970.714472,0.033649,53970.714590,53970.714794,53970.748444
R276:53970.725497,0.002486,53970.748502,53970.748644,53970.751131
R277:53970.790477,0.024279,53970.790526,53970.791273,53970.815553
R278:53970.943698,0.030085,53970.943894,53970.944328,53970.974414
R279:53971.036233,0.026643,53971.036394,53971.036488,53971.063132
R280:53971.050524,0.026108,53971.063263,53971.063392,53971.089502
R281:53971.076434,0.063221,53971.090640,53971.090653,53971.153875
R282:53971.078180,0.083818,53971.090648,53971.153930,53971.237749
R283:53971.155751,0.029597,53971.156149,53971.237809,53971.267407
R284:53971.235313,0.266592,53971.235383,53971.267501,53971.534094
R285:53971.294453,0.003858,53971.294509,53971.534158,53971.538017
R286:53971.300167,0.045476,53971.335238,53971.538044,53971.583520
R287:53971.393340,0.012409,53971.393385,53971.583613,53971.596024
R288:53971.416428,0.128532,53971.416506,53971.596101,53971.724634
R289:53971.507059,0.031074,53971.507142,53971.724685,53971.755760
R290:53971.629316,0.095052,53971.629369,53971.755835,53971.850888
R291:53971.682159,0.148709,53971.682205,53971.850953,53971.999663
R292:53971.959655,0.072839,53971.959719,53971.999726,53972.072566
R293:53972.168384,0.038474,53972.168428,53972.168537,53972.207012
R294:53972.205452,0.032461,53972.205539,53972.207059,53972.239521
R295:53972.228166,0.031384,53972.228220,53972.239581,53972.270966
R296:53972.500324,0.170984,53972.500380,53972.500464,53972.671449
R297:53972.696580,0.030628,53972.696631,53972.696677,53972.727305
R298:53972.715233,0.072717,53972.715295,53972.727365,53972.800083
R299:53972.853118,0.014892,53972.853243,53972.853327,53972.868220
R300:53973.067163,0.165529,53973.067218,53973.067345,53973.232874
R301:53973.197694,0.025740,53973.197751,53973.232937,53973.258840
R302:53973.234506,0.040422,53973.234581,53973.258916,53973.299339
R303:53973.309649,0.010600,53973.309704,53973.315009,53973.325609
R304:53973.398297,0.022323,53973.398351,53973.398401,53973.420725
R305:53973.457560,0.124159,53973.457602,53973.458089,53973.582248
R306:53973.554126,0.046639,53973.554183,53973.582283,53973.628922
R307:53973.575775,0.005814,53973.575839,53973.628997,53973.634812
R308:53973.758441,0.011095,53973.758595,53973.760738,53973.771834
R309:53973.801303,0.044909,53973.801347,53973.801907,53973.846817
R310:53973.896130,0.045359,53973.896184,53973.896714,53973.942074
R311:53973.998899,0.041148,53973.998960,53973.999771,53974.040920
R312:53974.004707,0.013895,53974.004764,53974.041769,53974.055665
R313:53974.080243,0.021068,53974.080456,53974.081144,53974.102212
R314:53974.082378,0.128649,53974.102264,53974.102295,53974.230945
R315:53974.083250,0.073633,53974.102267,53974.231015,53974.304649
R316:53974.166930,0.135357,53974.166980,53974.304697,53974.440100
R317:53974.365572,0.029709,53974.365642,53974.440173,53974.469883
R318:53974.383267,0.079294,53974.383488,53974.469943,53974.549238
R319:53974.445177,0.168604,53974.445331,53974.549300,53974.717905
R320:53974.538263,0.017328,53974.538310,53974.717963,53974.735293
R321:53974.553968,0.022788,53974.554018,53974.735323,53974.758112
R322:53974.748902,0.068844,53974.749007,53974.758136,53974.826981
R323:53974.958190,0.015941,53974.958254,53974.958317,53974.974308
R324:53975.017053,0.006524,53975.017108,53975.017977,53975.024502
R325:53975.283604,0.048801,53975.283679,53975.284249,53975.333051
R326:53975.466278,0.129207,53975.466325,53975.466838,53975.596046
R327:53975.581917,0.016584,53975.581990,53975.596115,53975.612700
R328:53975.602258,0.011344,53975.602366,53975.612754,53975.624148
R329:53975.620635,0.009694,53975.620663,53975.624355,53975.634049
R330:53975.710236,0.012910,53975.710295,53975.710354,53975.723457
R331:53975.722789,0.000698,53975.726203,53975.726224,53975.726923
R332:53975.989783,0.006391,53975.990305,53975.990319,53975.996794
R333:53976.006389,0.052284,53976.006939,53976.006948,53976.059233
R334:53976.063082,0.005316,53976.063142,53976.063215,53976.068531
R335:53976.287583,0.003658,53976.287637,53976.287683,53976.291342
R336:53976.374352,0.034302,53976.374405,53976.374921,53976.409235
R337:53976.419963,0.017349,53976.420004,53976.420419,53976.437769
R338:53976.472286,0.121743,53976.472340,53976.472815,53976.594559
R339:53976.497885,0.010580,53976.513258,53976.594612,53976.605193
R340:53976.573902,0.028268,53976.573960,53976.605220,53976.633489
R341:53976.577247,0.069996,53976.577282,53976.633505,53976.703502
R342:53976.730211,0.309983,53976.730377,53976.730388,53977.040372
R343:53976.770401,0.037069,53976.771115,53977.040424,53977.077494
R344:53976.773773,0.054205,53976.773828,53977.077522,53977.131727
R345:53976.794289,0.019846,53976.794349,53977.131774,53977.151621
R346:53976.903793,0.052024,53976.903835,53977.151672,53977.203696
R347:53977.104020,0.002574,53977.104082,53977.203754,53977.206329
R348:53977.142204,0.081311,53977.142267,53977.206368,53977.287680
R349:53977.274991,0.057273,53977.275062,53977.288236,53977.352625
R350:53977.384386,0.018767,53977.384466,53977.384627,53977.403395
R351:53977.599272,0.017686,53977.599333,53977.599442,53977.617129
R352:53977.726335,0.010478,53977.726387,53977.726873,53977.737355
R353:53977.877170,0.002746,53977.877257,53977.877422,53977.880169
R354:53977.958697,0.008556,53977.958754,53977.958907,53977.967465
R355:53977.968634,0.007319,53977.968690,53977.972407,53977.980148
R356:53977.994241,0.002990,53977.994294,53977.995413,53977.998405
R357:53978.075272,0.145479,53978.075326,53978.075466,53978.220946
R358:53978.275743,0.129660,53978.275834,53978.275969,53978.405630
R359:53978.281171,0.014851,53978.281272,53978.405692,53978.420899
R360:53978.338896,0.009246,53978.338954,53978.421015,53978.430262
R361:53978.419423,0.032347,53978.419492,53978.430287,53978.462635
R362:53978.499451,0.130230,53978.499512,53978.499610,53978.629841
R363:53978.653361,0.043644,53978.653423,53978.653544,53978.697189
R364:53978.721511,0.012760,53978.721602,53978.721727,53978.734487
R365:53978.840598,0.050199,53978.840738,53978.840789,53978.890990
R366:53978.868719,0.000840,53978.881360,53978.891045,53978.891885
R367:53978.939016,0.021351,53978.939174,53978.939254,53978.960606
R368:53979.183054,0.036973,53979.183152,53979.183228,53979.220204
R369:53979.204230,0.018348,53979.220281,53979.220427,53979.238776
R370:53979.250905,0.051801,53979.251005,53979.251105,53979.302907
R371:53979.354674,0.015669,53979.354767,53979.354805,53979.370475
R372:53979.408093,0.020240,53979.408189,53979.408263,53979.428504
R373:53979.518778,0.071191,53979.518865,53979.519097,53979.590331
R374:53979.540949,0.057533,53979.559152,53979.590426,53979.647960
R375:53979.568188,0.093256,53979.568234,53979.648732,53979.741989
R376:53979.569738,0.045910,53979.569771,53979.742054,53979.787964
R377:53979.743763,0.055125,53979.743792,53979.788003,53979.843128
R378:53979.779211,0.094194,53979.784236,53979.843256,53979.937451
R379:53979.847542,0.014801,53979.847624,53979.937507,53979.952309
R380:53979.874553,0.036117,53979.888096,53979.952338,53979.988456
R381:53979.882431,0.047262,53979.888103,53979.988493,53980.035755
R382:53980.083512,0.086111,53980.083572,53980.083617,53980.169728
R383:53980.152501,0.066732,53980.152551,53980.169797,53980.236545
R384:53980.442917,0.022310,53980.443001,53980.443164,53980.465475
R385:53980.481443,0.001208,53980.481492,53980.481982,53980.483190
R386:53980.485679,0.033399,53980.485743,53980.486032,53980.519432
R387:53980.486251,0.061595,53980.519486,53980.519499,53980.581094
R388:53980.517811,0.035404,53980.519488,53980.581141,53980.616546
R389:53980.673839,0.004074,53980.673898,53980.674322,53980.678398
R390:53980.731242,0.033048,53980.731285,53980.732003,53980.765052
R391:53980.750666,0.002218,53980.765120,53980.765793,53980.768012
R392:53980.984251,0.014042,53980.984304,53980.985211,53980.999254
R393:53980.992407,0.047240,53980.999866,53980.999884,53981.047125
R394:53981.105428,0.162940,53981.105483,53981.105910,53981.268850
R395:53981.114449,0.009082,53981.114498,53981.268911,53981.277994
R396:53981.298284,0.070793,53981.298496,53981.298552,53981.369346
R397:53981.357197,0.000350,53981.357257,53981.369412,53981.369763
R398:53981.493945,0.066678,53981.494104,53981.494116,53981.560795
R399:53981.572716,0.127920,53981.572771,53981.573381,53981.701303
R400:53981.696633,0.077474,53981.696682,53981.701348,53981.778823
R401:53981.705957,0.005350,53981.706002,53981.778928,53981.784280
R402:53981.972200,0.013677,53981.972300,53981.972310,53981.985988
R403:53982.001586,0.004993,53982.001764,53982.001775,53982.006769
R404:53982.152605,0.016232,53982.152761,53982.152772,53982.169005
R405:53982.277597,0.138801,53982.278192,53982.278287,53982.417088
R406:53982.295046,0.005084,53982.318488,53982.417151,53982.422236
R407:53982.425172,0.093305,53982.425281,53982.425374,53982.518679
R408:53982.786124,0.058958,53982.786279,53982.786307,53982.845266
R409:53982.824366,0.028493,53982.824442,53982.845331,53982.873826
R410:53982.879926,0.019577,53982.880082,53982.880097,53982.899675
R411:53982.976575,0.006962,53982.976667,53982.976679,53982.983642
R412:53983.060106,0.023741,53983.060219,53983.060229,53983.083971
R413:53983.067916,0.053922,53983.084024,53983.084038,53983.137961
R414:53983.081373,0.106299,53983.084026,53983.137998,53983.244298
R415:53983.092494,0.011841,53983.125248,53983.244353,53983.256194
R416:53983.171962,0.037633,53983.172057,53983.256244,53983.293877
R417:53983.272424,0.143430,53983.272513,53983.293901,53983.437333
R418:53983.306600,0.006510,53983.306688,53983.437396,53983.443908
R419:53983.439617,0.036174,53983.439684,53983.443955,53983.480130
R420:53983.443253,0.011885,53983.443943,53983.480191,53983.492077
R421:53983.489679,0.008727,53983.489793,53983.492122,53983.500850
R422:53983.544615,0.028437,53983.545094,53983.545117,53983.573554
R423:53983.578248,0.052461,53983.578691,53983.578707,53983.631169
R424:53983.578829,0.030990,53983.620148,53983.631212,53983.662203
R425:53983.591144,0.075763,53983.620152,53983.662254,53983.738018
R426:53983.599232,0.057708,53983.620170,53983.738078,53983.795787
R427:53983.739534,0.100945,53983.739614,53983.795845,53983.896790
R428:53983.958796,0.002417,53983.958988,53983.959000,53983.961417
R429:53983.964824,0.009748,53983.965000,53983.965007,53983.974756
R430:53984.033025,0.005800,53984.033672,53984.033680,53984.039481
R431:53984.272225,0.045341,53984.272734,53984.272743,53984.318115
R432:53984.316987,0.060255,53984.317698,53984.318468,53984.378724
R433:53984.409548,0.026096,53984.410120,53984.410130,53984.436226
R434:53984.480125,0.043099,53984.480667,53984.480676,53984.523776
R435:53984.637377,0.012534,53984.637416,53984.637753,53984.650287
R436:53984.868871,0.023436,53984.868990,53984.869571,53984.893008
R437:53985.010667,0.005129,53985.010839,53985.011723,53985.016852
R438:53985.054617,0.024496,53985.054711,53985.055469,53985.079965
R439:53985.204745,0.136042,53985.204828,53985.205116,53985.341241
R440:53985.330050,0.089030,53985.330124,53985.341382,53985.430413
R441:53985.502264,0.050421,53985.502456,53985.502467,53985.552889
R442:53985.616368,0.048996,53985.616459,53985.616471,53985.665468
R443:53985.682486,0.043234,53985.683399,53985.683408,53985.726642
R444:53985.746054,0.001496,53985.746140,53985.746282,53985.747779
R445:53985.847509,0.045778,53985.847578,53985.848163,53985.893941
R446:53985.975894,0.007771,53985.975958,53985.976538,53985.984309
R447:53985.989640,0.075121,53985.989708,53985.990508,53986.065630
R448:53986.009597,0.066460,53986.030308,53986.065686,53986.132171
R449:53986.178726,0.054937,53986.178916,53986.178953,53986.233890
R450:53986.197376,0.005579,53986.219194,53986.233960,53986.239540
R451:53986.231806,0.005392,53986.231850,53986.239602,53986.244995
R452:53986.431608,0.015757,53986.432170,53986.432179,53986.447937
R453:53986.491177,0.016965,53986.491659,53986.491667,53986.508633
R454:53986.511567,0.146874,53986.512004,53986.512013,53986.658888
R455:53986.609195,0.035354,53986.609302,53986.658921,53986.694276
R456:53986.633040,0.137717,53986.633136,53986.694295,53986.832013
R457:53986.771385,0.017450,53986.771459,53986.832065,53986.849515
R458:53986.787182,0.051714,53986.812386,53986.849584,53986.901299
R459:53986.863504,0.013254,53986.863633,53986.901359,53986.914613
R460:53987.052115,0.049626,53987.052656,53987.052666,53987.102480
R461:53987.154141,0.083831,53987.154783,53987.154794,53987.238626
R462:53987.316760,0.001443,53987.317283,53987.317292,53987.318736
R463:53987.451822,0.048062,53987.451920,53987.451984,53987.500047
R464:53987.533210,0.074457,53987.533963,53987.533972,53987.608429
R465:53987.664666,0.003993,53987.664864,53987.664874,53987.668868
R466:53987.695202,0.009481,53987.695767,53987.695777,53987.705280
R467:53987.888061,0.022298,53987.888267,53987.888277,53987.910576
R468:53987.906168,0.023798,53987.910624,53987.910635,53987.934434
R469:53987.959443,0.005306,53987.959519,53987.959534,53987.964840
R470:53988.055516,0.101796,53988.056360,53988.056371,53988.158168
R471:53988.091442,0.005500,53988.097322,53988.158253,53988.163755
R472:53988.176629,0.069259,53988.176683,53988.176796,53988.246057
R473:53988.325735,0.022848,53988.325928,53988.325957,53988.348807
R474:53988.372313,0.015886,53988.372423,53988.372460,53988.388347
R475:53988.418097,0.003534,53988.418229,53988.418239,53988.421774
R476:53988.501454,0.028299,53988.501599,53988.501609,53988.529909
R477:53988.712340,0.056173,53988.712387,53988.712437,53988.768611
R478:53988.906283,0.031899,53988.906340,53988.906387,53988.938286
R479:53988.962564,0.012707,53988.962619,53988.962671,53988.975378
R480:53988.994136,0.042986,53988.994191,53988.995008,53989.037994
R481:53989.019934,0.006738,53989.035376,53989.038030,53989.044769
R482:53989.052572,0.032711,53989.052662,53989.053468,53989.086181
R483:53989.178542,0.010690,53989.178581,53989.178983,53989.189673
R484:53989.239122,0.007158,53989.239171,53989.239783,53989.246942
R485:53989.417276,0.010202,53989.417327,53989.417896,53989.428100
R486:53989.448964,0.115517,53989.449013,53989.449925,53989.565443
R487:53989.449340,0.082674,53989.489257,53989.565489,53989.648164
R488:53989.480385,0.058162,53989.489265,53989.648205,53989.706373
R489:53989.576045,0.002288,53989.576148,53989.706409,53989.708697
R490:53989.593818,0.074596,53989.593863,53989.708720,53989.783316
R491:53989.885919,0.098759,53989.886013,53989.886140,53989.984901
R492:53989.897059,0.257460,53989.897141,53989.984951,53990.242412
R493:53989.918354,0.055117,53989.918407,53990.242502,53990.297620
R494:53989.988296,0.088172,53989.988346,53990.297655,53990.385829
R495:53990.045414,0.062223,53990.045468,53990.385897,53990.448158
R496:53990.248497,0.010752,53990.248536,53990.448219,53990.458972
R497:53990.297318,0.008404,53990.297371,53990.459018,53990.467423
R498:53990.463633,0.019567,53990.463786,53990.467467,53990.487035
R499:53990.565685,0.038019,53990.565773,53990.565880,53990.603901
R500:53990.604621,0.051134,53990.604652,53990.605366,53990.656500
R501:53990.660243,0.030816,53990.660296,53990.660500,53990.691316
R502:53990.775307,0.000293,53990.775361,53990.775410,53990.775703
R503:53990.846462,0.010637,53990.846522,53990.847403,53990.858082
R504:53990.875151,0.029358,53990.875204,53990.876195,53990.905554
R505:53990.982737,0.052934,53990.982804,53990.983536,53991.036470
R506:53991.007400,0.021487,53991.023161,53991.036515,53991.058003
R507:53991.029993,0.027792,53991.030045,53991.058074,53991.085867
R508:53991.095865,0.002589,53991.095912,53991.096748,53991.099338
R509:53991.134292,0.082867,53991.134385,53991.134972,53991.217840
R510:53991.143510,0.215788,53991.177119,53991.217875,53991.433664
R511:53991.335726,0.016723,53991.335788,53991.433727,53991.450451
R512:53991.402865,0.022256,53991.402934,53991.450522,53991.472779
R513:53991.421072,0.096134,53991.421132,53991.472841,53991.568975
R514:53991.473731,0.077133,53991.473767,53991.569026,53991.646159
R515:53991.578308,0.007561,53991.578393,53991.646216,53991.653777
R516:53991.622883,0.005457,53991.622936,53991.653793,53991.659250
R517:53991.673553,0.171625,53991.673655,53991.673803,53991.845429
R518:53991.757144,0.101662,53991.757223,53991.845484,53991.947147
R519:53991.767808,0.081127,53991.797359,53991.947227,53992.028355
R520:53991.783651,0.025183,53991.797369,53992.028408,53992.053592
R521:53991.817876,0.038001,53991.817943,53992.053797,53992.091798
R522:53991.873302,0.175398,53991.873350,53992.091855,53992.267253
R523:53991.997673,0.004635,53991.997759,53992.267303,53992.271939
R524:53992.287654,0.002727,53992.287719,53992.288410,53992.291137
R525:53992.289696,0.114890,53992.291246,53992.291261,53992.406153
R526:53992.497212,0.027163,53992.497388,53992.497400,53992.524563
R527:53992.501105,0.012414,53992.501144,53992.524629,53992.537044
R528:53992.519703,0.048748,53992.519759,53992.537111,53992.585859
R529:53992.656806,0.030947,53992.656893,53992.656991,53992.687940
R530:53992.663933,0.030803,53992.688006,53992.688019,53992.718823
R531:53992.711809,0.090252,53992.718876,53992.718888,53992.809141
R532:53992.795590,0.011297,53992.795639,53992.809198,53992.820496
R533:53992.871040,0.055823,53992.871407,53992.871429,53992.927254
R534:53993.019197,0.164239,53993.019328,53993.019341,53993.183581
R535:53993.026079,0.024267,53993.026117,53993.183641,53993.207909
R536:53993.084782,0.133577,53993.084875,53993.207960,53993.341538
R537:53993.125321,0.005449,53993.125373,53993.341584,53993.347033
R538:53993.351677,0.104214,53993.351811,53993.351894,53993.456110
R539:53993.562159,0.127172,53993.562290,53993.562377,53993.689550
R540:53993.581738,0.004697,53993.581793,53993.689590,53993.694287
R541:53993.821908,0.172722,53993.821967,53993.822456,53993.995179
R542:53993.978623,0.000237,53993.978676,53993.995250,53993.995487
R543:53994.043404,0.016927,53994.043456,53994.043945,53994.060873
R544:53994.062581,0.015183,53994.062637,53994.063003,53994.078204
R545:53994.152606,0.001859,53994.152841,53994.153133,53994.154992
R546:53994.278344,0.021578,53994.278400,53994.279094,53994.300673
R547:53994.394812,0.016784,53994.394868,53994.395675,53994.412461
R548:53994.581840,0.056236,53994.581893,53994.582480,53994.638717
R549:53994.655143,0.048916,53994.655213,53994.656476,53994.705394
R550:53994.942848,0.028359,53994.943116,53994.943378,53994.971738
R551:53995.035511,0.276595,53995.035563,53995.035613,53995.312239
R552:53995.036424,0.129794,53995.076228,53995.312303,53995.442098
R553:53995.077586,0.015369,53995.077605,53995.442164,53995.457534
R554:53995.087185,0.017199,53995.087215,53995.457592,53995.474792
R555:53995.234058,0.065411,53995.234113,53995.474811,53995.540223
R556:53995.252892,0.000349,53995.252952,53995.540271,53995.540620
R557:53995.296576,0.110142,53995.296623,53995.540635,53995.650778
R558:53995.405567,0.108729,53995.405619,53995.650843,53995.759573
R559:53995.406738,0.050971,53995.442149,53995.759620,53995.810592
R560:53995.424482,0.129766,53995.442151,53995.810629,53995.940933
R561:53995.439129,0.102031,53995.442153,53995.941833,53996.043865
R562:53995.541932,0.039673,53995.541966,53996.043923,53996.083597
R563:53995.572074,0.088194,53995.582170,53996.083619,53996.171813
R564:53995.588525,0.005991,53995.588568,53996.171864,53996.177855
R565:53995.612796,0.098587,53995.612900,53996.177940,53996.276527
R566:53995.668378,0.030925,53995.668407,53996.276566,53996.307492
R567:53995.740447,0.120127,53995.740502,53996.307551,53996.427678
R568:53995.917595,0.156304,53995.917637,53996.427736,53996.584041
R569:53995.962498,0.010394,53995.962545,53996.584071,53996.594466
R570:53995.980694,0.022327,53996.003100,53996.594508,53996.616836
R571:53996.007082,0.049427,53996.007128,53996.616880,53996.666308
R572:53996.234869,0.047789,53996.234920,53996.666337,53996.714127
R573:53996.277408,0.023805,53996.277539,53996.714155,53996.737961
R574:53996.345182,0.059223,53996.345230,53996.738018,53996.797242
R575:53996.413011,0.052500,53996.413611,53996.797297,53996.849798
R576:53996.415815,0.059158,53996.416333,53996.849858,53996.909017
R577:53996.503748,0.112858,53996.503796,53996.909076,53997.021935
R578:53996.570649,0.056246,53996.570717,53997.022010,53997.078257
R579:53996.595923,0.031218,53996.595969,53997.078294,53997.109512
R580:53996.713695,0.009719,53996.713861,53997.109542,53997.119262
R581:53996.855606,0.020324,53996.855710,53997.119281,53997.139606
R582:53996.891788,0.010045,53996.896217,53997.139668,53997.149714
R583:53996.984310,0.001244,53996.984400,53997.149772,53997.151017
R584:53997.009990,0.027035,53997.021997,53997.151049,53997.178085
R585:53997.023756,0.024330,53997.063275,53997.178144,53997.202474
R586:53997.045644,0.006944,53997.063283,53997.202529,53997.209581
R587:53997.182499,0.007830,53997.182541,53997.209616,53997.217447
R588:53997.183905,0.037810,53997.202540,53997.217474,53997.255285
R589:53997.308313,0.014184,53997.308366,53997.308445,53997.322630
R590:53997.375960,0.039016,53997.376480,53997.376489,53997.415506
R591:53997.399287,0.092931,53997.415576,53997.415592,53997.508524
R592:53997.606105,0.026993,53997.606392,53997.606942,53997.633936
R593:53997.630961,0.032394,53997.631005,53997.634005,53997.666400
R594:53997.753367,0.031129,53997.753421,53997.754094,53997.785224
R595:53997.763042,0.106316,53997.785287,53997.785312,53997.891629
R596:53998.020785,0.015491,53998.020880,53998.020997,53998.036489
R597:53998.113885,0.016287,53998.113942,53998.113992,53998.130280
R598:53998.136039,0.030649,53998.136116,53998.136790,53998.167440
R599:53998.190276,0.044159,53998.190349,53998.190430,53998.234590
R600:53998.223350,0.036165,53998.231186,53998.234626,53998.270792
R601:53998.413132,0.053031,53998.413172,53998.413578,53998.466610
R602:53998.737686,0.209917,53998.737725,53998.738095,53998.948013
R603:53998.831814,0.024687,53998.831867,53998.948073,53998.972762
R604:53998.977737,0.019464,53998.977778,53998.977889,53998.997354
R605:53999.043868,0.067387,53999.043913,53999.044179,53999.111567
R606:53999.136034,0.038148,53999.136087,53999.136533,53999.174681
R607:53999.317679,0.005247,53999.317748,53999.318453,53999.323807
R608:53999.397642,0.019560,53999.397699,53999.398300,53999.417861
R609:53999.671728,0.002217,53999.671767,53999.671845,53999.674068
R610:53999.749933,0.036462,53999.749978,53999.750047,53999.786509
R611:53999.890725,0.027869,53999.890818,53999.891797,53999.919667
R612:54000.125334,0.007474,54000.125409,54000.125955,54000.133430
R613:54000.264900,0.013235,54000.264953,54000.265489,54000.278725
R614:54000.376128,0.000396,54000.376219,54000.376800,54000.377196
R615:54000.458993,0.032032,54000.459042,54000.459561,54000.491594
R616:54000.614549,0.078252,54000.614604,54000.615168,54000.693421
R617:54000.681942,0.009151,54000.681989,54000.693484,54000.702635
R618:54000.694371,0.129855,54000.694408,54000.702698,54000.832563
R619:54000.830444,0.017225,54000.830492,54000.832603,54000.849829
R620:54000.904548,0.010757,54000.904590,54000.904668,54000.915425
R621:54000.930574,0.005948,54000.930626,54000.931375,54000.937323
R622:54000.933604,0.047842,54000.937367,54000.937665,54000.985508
R623:54001.051781,0.056685,54001.052302,54001.052311,54001.108997
R624:54001.073593,0.077621,54001.073649,54001.109055,54001.186678
R625:54001.328952,0.064886,54001.329570,54001.329579,54001.394466
R626:54001.445354,0.051873,54001.445965,54001.445973,54001.497846
R627:54001.478744,0.004723,54001.478803,54001.498000,54001.502912
R628:54001.494105,0.098107,54001.494237,54001.503034,54001.601141
R629:54001.633828,0.024031,54001.633873,54001.634349,54001.658381
R630:54001.669368,0.007646,54001.669425,54001.670363,54001.678012
R631:54001.853114,0.024719,54001.853166,54001.853644,54001.878364
R632:54002.028555,0.199373,54002.028600,54002.029189,54002.228563
R633:54002.274027,0.061656,54002.274112,54002.274238,54002.335894
R634:54002.348263,0.006063,54002.348334,54002.349000,54002.355064
R635:54002.564332,0.008417,54002.564398,54002.565264,54002.573682
R636:54002.564429,0.001608,54002.573758,54002.573770,54002.575534
R637:54002.597929,0.001783,54002.597986,54002.598538,54002.600323
R638:54002.626328,0.032588,54002.626384,54002.626883,54002.659484
R639:54002.721272,0.044239,54002.721766,54002.722545,54002.766785
R640:54002.834978,0.028523,54002.835038,54002.835520,54002.864146
R641:54002.863360,0.042563,54002.863413,54002.864198,54002.907647
R642:54002.897772,0.031573,54002.897825,54002.907760,54002.939334
R643:54002.907809,0.100077,54002.907858,54002.939422,54003.039534
R644:54003.007024,0.213244,54003.007062,54003.039577,54003.252821
R645:54003.043312,0.010842,54003.043341,54003.252874,54003.263717
R646:54003.069362,0.005330,54003.084152,54003.263740,54003.269071
R647:54003.082129,0.003118,54003.084157,54003.269181,54003.272300
R648:54003.162324,0.007674,54003.162376,54003.272333,54003.280009
R649:54003.170318,0.228016,54003.170386,54003.280035,54003.508052
R650:54003.303716,0.073293,54003.303761,54003.508111,54003.581406
R651:54003.330908,0.041535,54003.330959,54003.581449,54003.622984
R652:54003.345341,0.026513,54003.345375,54003.623046,54003.649560
R653:54003.492651,0.029740,54003.492700,54003.649633,54003.679374
R654:54003.576821,0.018734,54003.576895,54003.679435,54003.698170
R655:54003.778902,0.008572,54003.778936,54003.779076,54003.787649
R656:54003.782314,0.021506,54003.787706,54003.787718,54003.809224
R657:54003.907430,0.087901,54003.907520,54003.908166,54003.996068
R658:54004.026848,0.025038,54004.026901,54004.027401,54004.052440
R659:54004.181747,0.007855,54004.181790,54004.182208,54004.190063
R660:54004.290892,0.139814,54004.290994,54004.291957,54004.431772
R661:54004.334535,0.035425,54004.334569,54004.431818,54004.467264
R662:54004.372465,0.129726,54004.372538,54004.467329,54004.597062
R663:54004.376319,0.006543,54004.376359,54004.597096,54004.603640
R664:54004.453763,0.020560,54004.453814,54004.603713,54004.624291
R665:54004.461654,0.019585,54004.461702,54004.624321,54004.643907
R666:54004.473820,0.014831,54004.473885,54004.643960,54004.658792
R667:54004.484914,0.118783,54004.514160,54004.658844,54004.777628
R668:54004.685188,0.033436,54004.685241,54004.777681,54004.811140
R669:54004.785742,0.040895,54004.785785,54004.811192,54004.852088
R670:54004.826001,0.024788,54004.826027,54004.852766,54004.877555
R671:54004.972591,0.039633,54004.973805,54004.973856,54005.013490
R672:54005.087354,0.029609,54005.087398,54005.087999,54005.117609
R673:54005.210095,0.040845,54005.210153,54005.210982,54005.251828
R674:54005.252929,0.003492,54005.252953,54005.253287,54005.256780
R675:54005.420082,0.012467,54005.420140,54005.421446,54005.433913
R676:54005.530753,0.002244,54005.530962,54005.531322,54005.533567
R677:54005.531478,0.002381,54005.533698,54005.533793,54005.536175
R678:54005.649988,0.017575,54005.650023,54005.650491,54005.668067
R679:54005.966500,0.001876,54005.966693,54005.967036,54005.968912
R680:54005.983516,0.016521,54005.983698,54005.983954,54006.000476
R681:54006.074908,0.067314,54006.075090,54006.075482,54006.142797
R682:54006.115758,0.014335,54006.115880,54006.142851,54006.157209
R683:54006.186074,0.011551,54006.186127,54006.186574,54006.198126
R684:54006.280806,0.000111,54006.280844,54006.281177,54006.281288
R685:54006.402300,0.038505,54006.402539,54006.403080,54006.441585
R686:54006.534259,0.032805,54006.534307,54006.534725,54006.567530
R687:54006.579765,0.007167,54006.579803,54006.580420,54006.587588
R688:54006.587849,0.030751,54006.587865,54006.588092,54006.618844
R689:54006.827109,0.073225,54006.827144,54006.827242,54006.900467
R690:54006.934210,0.025152,54006.934246,54006.934895,54006.960086
R691:54007.002499,0.038098,54007.002602,54007.003135,54007.041234
R692:54007.416746,0.063253,54007.416803,54007.417339,54007.480593
R693:54007.469450,0.026248,54007.469491,54007.480689,54007.506937
R694:54007.548366,0.069104,54007.548414,54007.548869,54007.617973
R695:54007.549789,0.052160,54007.589304,54007.618015,54007.670178
R696:54007.603415,0.082033,54007.603459,54007.670240,54007.752274
R697:54007.606300,0.042010,54007.606320,54007.752323,54007.794396
R698:54007.651201,0.001745,54007.651277,54007.794540,54007.796319
R699:54007.657404,0.078586,54007.670228,54007.796343,54007.874973
R700:54007.794132,0.038781,54007.794197,54007.875072,54007.913893
R701:54007.797705,0.028072,54007.797726,54007.913924,54007.941997
R702:54007.834274,0.026699,54007.838090,54007.942026,54007.968726
R703:54007.836537,0.148511,54007.838097,54007.968771,54008.117283
R704:54007.912032,0.014712,54007.912078,54008.117323,54008.132036
R705:54008.100073,0.025535,54008.100131,54008.132076,54008.157612
R706:54008.215415,0.061378,54008.215468,54008.215532,54008.276912
R707:54008.311060,0.004684,54008.311123,54008.311591,54008.316276
R708:54008.557194,0.035969,54008.557309,54008.557932,54008.593902
R709:54008.607594,0.028895,54008.607774,54008.607968,54008.636864
R710:54008.670354,0.143307,54008.670408,54008.670836,54008.814144
R711:54008.698104,0.017280,54008.711110,54008.814196,54008.831477
R712:54008.706396,0.032129,54008.711114,54008.831501,54008.863630
R713:54008.832301,0.081646,54008.832338,54008.863654,54008.945300
R714:54009.011552,0.050427,54009.011641,54009.011748,54009.062176
R715:54009.076253,0.039360,54009.076298,54009.076886,54009.116247
R716:54009.158981,0.130383,54009.159023,54009.159544,54009.289928
R717:54009.176560,0.010879,54009.176613,54009.289987,54009.300867
R718:54009.510229,0.038573,54009.510360,54009.510372,54009.548946
R719:54009.548182,0.011984,54009.548239,54009.548983,54009.560967
R720:54009.562470,0.098938,54009.562631,54009.562640,54009.661579
R721:54009.705583,0.029241,54009.705757,54009.705767,54009.735008
R722:54009.792040,0.039507,54009.792532,54009.792540,54009.832049
R723:54009.868666,0.252011,54009.868902,54009.868913,54010.120925
R724:54009.937916,0.001526,54009.937974,54010.120989,54010.122516
R725:54009.943855,0.019360,54009.943981,54010.122531,54010.141891
R726:54009.995568,0.036599,54009.995625,54010.141906,54010.178507
R727:54010.324541,0.064074,54010.324781,54010.324793,54010.388868
R728:54010.411110,0.032108,54010.411293,54010.411304,54010.443412
R729:54010.863845,0.034806,54010.864044,54010.864055,54010.898861
R730:54010.932062,0.006618,54010.932271,54010.932283,54010.938901
R731:54010.942703,0.016698,54010.942898,54010.942907,54010.959606
R732:54010.947164,0.001054,54010.960143,54010.960303,54010.961358
R733:54010.951910,0.024739,54010.960249,54010.961387,54010.986127
R734:54011.011304,0.048869,54011.011395,54011.011419,54011.060289
R735:54011.085736,0.021623,54011.085907,54011.085918,54011.107542
R736:54011.169945,0.012196,54011.170066,54011.170079,54011.182276
R737:54011.230485,0.002787,54011.230607,54011.230618,54011.233406
R738:54011.374294,0.019733,54011.374497,54011.374508,54011.394242
R739:54011.505211,0.086254,54011.505328,54011.505338,54011.591593
R740:54011.509853,0.032715,54011.546296,54011.591652,54011.624368
R741:54011.549952,0.019972,54011.550041,54011.624419,54011.644392
R742:54011.564109,0.070559,54011.564224,54011.644443,54011.715002
R743:54012.217360,0.243663,54012.217453,54012.217464,54012.461128
R744:54012.222300,0.043221,54012.258227,54012.461186,54012.504408
R745:54012.246116,0.020705,54012.258231,54012.504462,54012.525169
R746:54012.308113,0.038848,54012.308168,54012.525227,54012.564076
R747:54012.418619,0.069905,54012.418671,54012.564769,54012.634675
R748:54012.507480,0.005404,54012.507502,54012.634708,54012.640113
R749:54012.582463,0.006368,54012.582488,54012.640122,54012.646490
R750:54012.596741,0.068646,54012.623203,54012.646497,54012.715143
R751:54012.714696,0.011888,54012.714741,54012.715182,54012.727070
R752:54012.772773,0.015364,54012.772805,54012.772902,54012.788266
R753:54013.072879,0.064690,54013.072961,54013.073113,54013.137804
R754:54013.101146,0.018812,54013.113192,54013.137840,54013.156653
R755:54013.182402,0.146696,54013.182435,54013.182579,54013.329276
R756:54013.254605,0.058640,54013.254636,54013.329333,54013.387974
R757:54013.398267,0.078751,54013.398304,54013.398574,54013.477325
R758:54013.427902,0.019860,54013.427954,54013.477383,54013.497245
R759:54013.481946,0.056448,54013.481990,54013.497298,54013.553747
R760:54013.622010,0.016368,54013.622081,54013.622230,54013.638599
R761:54013.837616,0.046975,54013.837661,54013.837709,54013.884685
R762:54013.839172,0.050901,54013.878250,54013.884726,54013.935627
R763:54013.994806,0.023937,54013.994857,54013.995351,54014.019288
R764:54014.035793,0.035194,54014.035837,54014.036419,54014.071614
R765:54014.158756,0.031487,54014.158788,54014.159094,54014.190582
R766:54014.221977,0.176496,54014.222058,54014.222374,54014.398871
R767:54014.248567,0.012108,54014.262142,54014.398908,54014.411017
R768:54014.352194,0.144746,54014.352320,54014.411040,54014.555787
R769:54014.377995,0.087405,54014.378096,54014.555859,54014.643264
R770:54014.636169,0.033515,54014.636254,54014.643323,54014.676839
R771:54014.663847,0.002671,54014.663902,54014.676899,54014.679576
R772:54014.798718,0.002503,54014.798764,54014.798863,54014.801366
R773:54014.816770,0.049121,54014.816797,54014.816961,54014.866100
R774:54014.986375,0.049760,54014.986428,54014.986880,54015.036641
R775:54015.029466,0.016644,54015.029539,54015.036691,54015.053336
R776:54015.062334,0.019131,54015.062366,54015.062486,54015.081620
R777:54015.280909,0.065264,54015.280998,54015.281188,54015.346452
R778:54015.483716,0.014680,54015.483788,54015.483838,54015.498519
R779:54015.769199,0.059824,54015.769268,54015.769863,54015.829687
R780:54015.779916,0.046998,54015.810294,54015.829746,54015.876773
R781:54015.909665,0.000591,54015.909735,54015.909750,54015.910341
R782:54015.926415,0.092861,54015.926460,54015.926478,54016.019339
R783:54016.005438,0.084449,54016.005494,54016.019381,54016.103831
R784:54016.028932,0.009175,54016.028969,54016.103882,54016.113058
R785:54016.170326,0.002399,54016.170388,54016.170463,54016.172863
R786:54016.263662,0.026713,54016.263714,54016.263788,54016.290501
R787:54016.360845,0.090106,54016.360928,54016.361309,54016.451416
R788:54016.370509,0.143998,54016.401221,54016.451478,54016.595476
R789:54016.427039,0.091427,54016.427093,54016.595523,54016.686951
R790:54016.483553,0.071958,54016.483594,54016.687009,54016.758968
R791:54016.561609,0.033057,54016.561659,54016.759020,54016.792079
R792:54016.573798,0.000746,54016.573849,54016.792137,54016.792883
R793:54016.581733,0.001906,54016.581774,54016.792899,54016.794806
R794:54016.603653,0.019429,54016.603681,54016.794827,54016.814257
R795:54016.632425,0.001472,54016.644277,54016.814311,54016.815784
R796:54016.753468,0.115211,54016.753531,54016.815800,54016.931012
R797:54016.997152,0.035809,54016.997239,54016.997373,54017.033183
R798:54017.001145,0.015569,54017.033277,54017.033291,54017.048861
R799:54017.125112,0.038033,54017.125340,54017.125350,54017.163385
R800:54017.161262,0.171895,54017.163686,54017.163745,54017.335642
R801:54017.213312,0.004788,54017.213366,54017.335689,54017.340478
R802:54017.292321,0.056715,54017.292392,54017.340602,54017.397318
R803:54017.336296,0.093050,54017.336324,54017.397377,54017.490428
R804:54017.573593,0.024470,54017.573820,54017.573873,54017.598344
R805:54017.662248,0.010934,54017.662299,54017.662858,54017.673793
R806:54017.767041,0.082078,54017.767074,54017.767636,54017.849715
R807:54017.781928,0.013112,54017.807180,54017.849790,54017.862924
R808:54017.885714,0.111660,54017.885771,54017.885959,54017.997620
R809:54018.042302,0.004736,54018.042344,54018.042655,54018.047391
R810:54018.070835,0.000162,54018.070917,54018.071141,54018.071373
R811:54018.092997,0.007899,54018.093069,54018.093585,54018.101484
R812:54018.104694,0.008726,54018.104724,54018.104957,54018.113684
R813:54018.317248,0.052128,54018.317291,54018.317710,54018.369839
R814:54018.414768,0.207392,54018.414825,54018.415269,54018.622663
R815:54018.465767,0.099359,54018.465817,54018.622713,54018.722073
R816:54018.484306,0.071271,54018.484352,54018.722134,54018.793405
R817:54018.760770,0.020311,54018.760832,54018.793531,54018.813843
R818:54019.041277,0.106262,54019.041353,54019.041370,54019.147633
R819:54019.094514,0.003102,54019.094576,54019.147672,54019.150775
R820:54019.112494,0.099078,54019.112549,54019.150811,54019.249889
R821:54019.140928,0.027020,54019.140987,54019.249952,54019.276973
R822:54019.167995,0.138036,54019.168032,54019.277029,54019.415065
R823:54019.268447,0.033628,54019.268492,54019.415109,54019.448738
R824:54019.363507,0.123996,54019.363539,54019.448798,54019.572795
R825:54019.524704,0.002269,54019.524764,54019.572859,54019.575128
R826:54019.603885,0.060089,54019.603943,54019.604015,54019.664106
R827:54019.833058,0.086545,54019.833101,54019.833512,54019.920057
R828:54019.852429,0.094201,54019.852459,54019.920120,54020.014323
R829:54020.030926,0.016926,54020.031024,54020.031071,54020.047999
R830:54020.088864,0.052551,54020.088893,54020.089345,54020.141897
R831:54020.251297,0.076692,54020.251539,54020.251547,54020.328265
R832:54020.266265,0.005509,54020.266306,54020.328303,54020.333813
R833:54020.314365,0.094178,54020.314422,54020.333855,54020.428034
R834:54020.325932,0.017580,54020.325978,54020.428074,54020.445655
R835:54020.707441,0.014553,54020.707528,54020.707622,54020.722176
R836:54020.924665,0.008998,54020.924721,54020.924759,54020.933758
R837:54020.940501,0.087739,54020.940550,54020.941177,54021.028917
R838:54021.041417,0.019150,54021.041459,54021.041853,54021.061004
R839:54021.051283,0.133693,54021.051349,54021.061091,54021.194785
R840:54021.086234,0.113466,54021.086280,54021.194846,54021.308314
R841:54021.110902,0.008357,54021.127217,54021.308353,54021.316711
R842:54021.447751,0.009069,54021.448288,54021.448297,54021.457367
R843:54021.530332,0.030389,54021.530491,54021.530501,54021.561406
R844:54021.872616,0.029631,54021.872915,54021.872925,54021.902556
R845:54021.874110,0.093582,54021.902621,54021.902634,54021.996217
R846:54021.997545,0.111616,54021.997581,54021.997854,54022.109472
R847:54022.007054,0.035419,54022.007087,54022.109524,54022.144943
R848:54022.098250,0.069026,54022.098384,54022.144968,54022.213994
R849:54022.628537,0.200813,54022.628627,54022.628674,54022.829488
R850:54022.668680,0.015300,54022.670281,54022.829552,54022.844853
R851:54022.672943,0.011381,54022.672961,54022.844907,54022.856288
R852:54022.697322,0.117452,54022.697359,54022.856321,54022.973774
R853:54022.748238,0.037725,54022.748271,54022.973832,54023.011558
R854:54022.751174,0.021331,54022.751270,54023.011622,54023.032954
R855:54022.774245,0.030548,54022.774304,54023.033008,54023.063557
R856:54022.830508,0.028648,54022.830561,54023.063615,54023.092264
R857:54022.856164,0.091588,54022.856217,54023.092318,54023.183906
R858:54022.942136,0.044323,54022.942183,54023.183965,54023.228289
R859:54023.026064,0.047847,54023.026166,54023.228319,54023.276167
R860:54023.058058,0.001934,54023.058112,54023.276219,54023.278153
R861:54023.061413,0.007110,54023.063603,54023.278189,54023.285300
R862:54023.117847,0.004852,54023.117903,54023.285355,54023.290208
R863:54023.360574,0.131351,54023.360701,54023.360711,54023.492066
R864:54023.453767,0.271541,54023.453876,54023.492187,54023.763728
R865:54023.621325,0.108591,54023.621361,54023.763768,54023.872361
R866:54023.840096,0.007786,54023.840168,54023.872402,54023.880193
R867:54023.867529,0.058165,54023.867572,54023.880244,54023.938410
R868:54023.876275,0.006405,54023.876305,54023.938467,54023.944873
R869:54023.880906,0.015836,54023.880938,54023.944904,54023.960742
R870:54023.903261,0.056671,54023.922323,54023.960772,54024.019061
R871:54023.960653,0.062142,54023.960718,54024.020499,54024.082642
R872:54024.079377,0.020755,54024.079439,54024.082698,54024.103454
R873:54024.090611,0.062983,54024.090670,54024.103513,54024.166496
R874:54024.163613,0.093739,54024.163660,54024.166533,54024.260275
R875:54024.402450,0.164354,54024.402491,54024.402621,54024.566975
R876:54024.439275,0.079054,54024.443292,54024.567031,54024.646085
R877:54024.636315,0.084423,54024.636367,54024.646132,54024.730556
R878:54024.646704,0.066459,54024.646726,54024.730602,54024.797062
R879:54024.845302,0.065057,54024.845348,54024.845890,54024.910948
R880:54024.968895,0.052862,54024.968948,54024.969463,54025.022326
R881:54025.088392,0.231088,54025.088518,54025.088530,54025.319619
R882:54025.175027,0.060771,54025.175082,54025.319667,54025.380439
R883:54025.320033,0.093387,54025.320055,54025.380502,54025.473889
R884:54025.423908,0.112694,54025.424019,54025.473964,54025.586659
R885:54025.582292,0.017208,54025.582351,54025.586701,54025.603910
R886:54025.593727,0.093421,54025.593772,54025.603957,54025.697379
R887:54025.671939,0.058125,54025.671994,54025.697454,54025.755579
R888:54025.673148,0.040363,54025.697438,54025.755619,54025.795983
R889:54025.692485,0.005995,54025.697441,54025.796085,54025.802081
R890:54025.739776,0.066538,54025.739829,54025.802107,54025.868645
R891:54025.786540,0.016779,54025.786577,54025.868677,54025.885457
R892:54025.793894,0.009366,54025.796072,54025.885515,54025.894881
R893:54025.862676,0.026953,54025.862917,54025.894927,54025.921882
R894:54025.873506,0.092633,54025.873586,54025.922090,54026.014723
R895:54026.088844,0.050675,54026.088933,54026.089215,54026.139891
R896:54026.103261,0.071001,54026.129107,54026.139935,54026.210936
R897:54026.165770,0.017305,54026.165815,54026.210973,54026.228279
R898:54026.255580,0.018187,54026.255616,54026.256087,54026.274275
R899:54026.312055,0.016799,54026.312278,54026.312443,54026.329243
R900:54026.325873,0.014724,54026.329327,54026.329340,54026.344064
R901:54026.346240,0.074144,54026.346367,54026.346376,54026.420520
R902:54026.424487,0.043277,54026.424697,54026.424707,54026.467985
R903:54026.434318,0.016849,54026.434367,54026.468040,54026.484890
R904:54026.490572,0.099700,54026.490716,54026.490729,54026.590430
R905:54026.503743,0.038139,54026.503799,54026.590497,54026.628637
R906:54026.550160,0.032188,54026.550244,54026.628662,54026.660851
R907:54026.633540,0.006937,54026.633570,54026.660901,54026.667838
R908:54026.788862,0.125661,54026.788892,54026.788936,54026.914598
R909:54026.883439,0.040107,54026.883494,54026.914649,54026.954757
R910:54026.955527,0.058677,54026.955564,54026.956106,54027.014784
R911:54027.086229,0.014916,54027.086289,54027.086369,54027.101286
R912:54027.105439,0.084615,54027.105507,54027.105623,54027.190240
R913:54027.159907,0.120802,54027.159963,54027.190321,54027.311124
R914:54027.232788,0.058330,54027.232815,54027.311182,54027.369527
R915:54027.244684,0.019340,54027.273190,54027.369583,54027.388924
R916:54027.264669,0.074062,54027.273195,54027.388989,54027.463052
R917:54027.526298,0.002269,54027.526478,54027.526730,54027.528999
R918:54027.535532,0.040383,54027.535564,54027.535881,54027.576265
R919:54027.575259,0.033172,54027.576158,54027.576307,54027.609480
R920:54027.612000,0.065374,54027.612285,54027.612384,54027.677759
R921:54027.661890,0.000884,54027.661957,54027.677826,54027.678711
R922:54027.663784,0.090784,54027.677850,54027.678772,54027.769557
R923:54027.684665,0.094753,54027.684734,54027.769617,54027.864371
R924:54027.699326,0.059096,54027.725430,54027.864428,54027.923525
R925:54027.827733,0.036536,54027.827791,54027.923572,54027.960108
R926:54027.874494,0.044581,54027.874539,54027.960143,54028.004725
R927:54027.918662,0.089507,54027.918713,54028.004780,54028.094287
R928:54028.054939,0.019791,54028.054991,54028.094344,54028.114136
R929:54028.102379,0.037407,54028.102408,54028.114174,54028.151581
R930:54028.226351,0.140569,54028.227143,54028.227269,54028.367840
R931:54028.227904,0.159827,54028.267286,54028.367901,54028.527728
R932:54028.398946,0.141775,54028.399006,54028.527785,54028.669561
R933:54028.512432,0.003325,54028.512483,54028.670299,54028.673625
R934:54028.512810,0.020315,54028.512822,54028.673658,54028.693974
R935:54028.575625,0.122297,54028.575776,54028.694034,54028.816331
R936:54028.649024,0.041945,54028.649183,54028.816393,54028.858339
R937:54028.655680,0.015570,54028.655937,54028.858400,54028.873977
R938:54028.899260,0.004057,54028.899334,54028.899802,54028.903898
R939:54028.946621,0.008798,54028.946656,54028.947215,54028.956014
R940:54028.958042,0.036552,54028.958063,54028.958442,54028.994995
R941:54029.092228,0.008438,54029.092344,54029.092446,54029.100886
R942:54029.195935,0.030455,54029.196031,54029.197439,54029.227895
R943:54029.217231,0.036131,54029.227980,54029.228001,54029.264133
R944:54029.622100,0.065864,54029.622155,54029.622288,54029.688153
R945:54029.761259,0.080092,54029.761378,54029.761456,54029.841549
R946:54029.765235,0.109821,54029.765706,54029.841606,54029.951428
R947:54029.866838,0.024269,54029.866886,54029.951485,54029.975755
R948:54029.995761,0.071571,54029.995829,54029.995957,54030.067529
R949:54030.157065,0.019691,54030.157346,54030.157420,54030.177112
R950:54030.211393,0.314409,54030.211452,54030.211540,54030.525950
R951:54030.220677,0.008618,54030.252178,54030.526016,54030.534730
R952:54030.245555,0.009301,54030.252182,54030.534801,54030.544104
R953:54030.321495,0.177105,54030.321555,54030.544131,54030.721237
R954:54030.372118,0.039172,54030.372182,54030.721296,54030.760468
R955:54030.398170,0.000956,54030.398287,54030.760495,54030.761451
R956:54030.411771,0.083616,54030.411884,54030.761462,54030.845092
R957:54030.418562,0.009339,54030.418615,54030.845157,54030.854496
R958:54030.436572,0.008871,54030.437208,54030.854522,54030.863394
R959:54030.466391,0.002637,54030.466457,54030.863427,54030.866065
R960:54030.572389,0.064762,54030.572467,54030.866076,54030.930839
R961:54030.778106,0.041819,54030.778151,54030.930961,54030.972782
R962:54030.950892,0.046752,54030.950955,54030.972844,54031.019601
R963:54031.051504,0.029446,54031.051558,54031.051943,54031.083189
R964:54031.326975,0.025554,54031.327024,54031.329222,54031.354821
R965:54031.369005,0.031123,54031.369123,54031.369922,54031.401046
R966:54031.503069,0.000476,54031.503123,54031.503793,54031.504269
R967:54031.550311,0.166558,54031.550742,54031.551533,54031.718092
R968:54031.639305,0.002438,54031.639364,54031.718159,54031.720598
R969:54031.659356,0.027835,54031.661828,54031.720655,54031.748491
R970:54031.910877,0.003505,54031.911059,54031.911292,54031.914798
R971:54031.992450,0.052851,54031.992495,54031.992542,54032.045395
R972:54032.046215,0.048387,54032.046257,54032.046292,54032.094680
R973:54032.238958,0.008022,54032.239004,54032.239817,54032.247840
R974:54032.396452,0.035441,54032.396577,54032.396589,54032.432048
R975:54032.535461,0.056558,54032.535662,54032.536142,54032.592701
R976:54032.555852,0.002537,54032.576210,54032.592763,54032.595300
R977:54032.580141,0.094495,54032.580179,54032.595342,54032.689837
R978:54032.605920,0.010867,54032.605999,54032.689894,54032.700762
R979:54032.703953,0.001284,54032.704051,54032.704562,54032.705847
R980:54032.736430,0.003338,54032.736474,54032.736847,54032.740187
R981:54032.818872,0.253950,54032.818924,54032.819495,54033.073446
R982:54032.880009,0.005851,54032.880064,54033.073505,54033.079357
R983:54032.887128,0.014603,54032.887224,54033.079395,54033.093999
R984:54033.175528,0.111895,54033.175579,54033.175656,54033.287552
R985:54033.191345,0.069069,54033.191402,54033.287999,54033.357084
R986:54033.295234,0.006735,54033.295283,54033.357179,54033.363915
R987:54033.590357,0.091911,54033.590474,54033.590486,54033.682398
R988:54033.637158,0.012691,54033.637295,54033.682572,54033.695263
R989:54033.761998,0.037614,54033.762046,54033.762513,54033.800127
R990:54034.173320,0.010459,54034.173375,54034.173445,54034.183905
R991:54034.293155,0.168897,54034.293193,54034.293703,54034.462601
R992:54034.314270,0.029902,54034.334275,54034.462655,54034.492575
R993:54034.339073,0.112749,54034.339138,54034.492635,54034.605385
R994:54034.492657,0.005758,54034.492683,54034.605439,54034.611199
R995:54034.587213,0.013784,54034.587302,54034.611803,54034.625587
R996:54034.817567,0.026315,54034.817609,54034.817688,54034.844004
R997:54034.835022,0.014213,54034.844073,54034.844085,54034.858299
R998:54034.859389,0.010705,54034.859864,54034.859875,54034.870581
R999:54034.926157,0.056607,54034.926289,54034.926300,54034.982907
R1000:54034.989404,0.009977,54034.989582,54034.989593,54034.999570
R1001:54034.997701,0.002410,54034.997730,54034.999604,54035.002015
R1002:54035.048339,0.087927,54035.048524,54035.048535,54035.136463
R1003:54035.081827,0.002722,54035.089134,54035.136523,54035.139245
R1004:54035.280934,0.104819,54035.281010,54035.281565,54035.386384
R1005:54035.285995,0.076579,54035.286060,54035.386454,54035.463034
R1006:54035.365398,0.077495,54035.365453,54035.463092,54035.540588
R1007:54035.371708,0.018126,54035.371757,54035.540633,54035.558760
R1008:54035.497828,0.041561,54035.497862,54035.558820,54035.600382
R1009:54035.522696,0.107407,54035.538274,54035.600414,54035.707822
R1010:54035.542943,0.006373,54035.542972,54035.707907,54035.714281
R1011:54035.644714,0.093749,54035.644748,54035.714333,54035.808082
R1012:54035.657064,0.022232,54035.685183,54035.808140,54035.830373
R1013:54035.725921,0.002487,54035.726022,54035.830432,54035.832920
R1014:54035.736409,0.045166,54035.766301,54035.832930,54035.878097
R1015:54035.810194,0.050769,54035.810238,54035.878139,54035.928909
R1016:54035.928156,0.008280,54035.928198,54035.928940,54035.937220
R1017:54036.064231,0.004309,54036.064359,54036.064461,54036.068771
R1018:54036.169437,0.042521,54036.169516,54036.169858,54036.212379
R1019:54036.526673,0.001636,54036.526923,54036.527033,54036.528670
R1020:54036.540114,0.063155,54036.541750,54036.541759,54036.604916
R1021:54036.595089,0.036254,54036.595216,54036.604967,54036.641235
R1022:54036.749194,0.041699,54036.749302,54036.749826,54036.791525
R1023:54036.813421,0.067895,54036.813474,54036.813932,54036.881828
R1024:54036.969414,0.000959,54036.969550,54036.970239,54036.971220
R1025:54036.982396,0.081338,54036.982450,54036.982930,54037.064284
R1026:54037.071949,0.069382,54037.072001,54037.072465,54037.141848
R1027:54037.085684,0.055065,54037.085760,54037.141925,54037.196991
R1028:54037.181570,0.068158,54037.181715,54037.197085,54037.265244
R1029:54037.192609,0.054083,54037.192662,54037.265284,54037.319367
R1030:54037.308294,0.029195,54037.308364,54037.319427,54037.348623
R1031:54037.347109,0.006085,54037.347157,54037.348662,54037.354748
R1032:54037.380146,0.205211,54037.380212,54037.381617,54037.586829
R1033:54037.462512,0.042807,54037.462554,54037.586893,54037.629701
R1034:54037.482721,0.020226,54037.503233,54037.629769,54037.649996
R1035:54037.556852,0.000307,54037.556922,54037.650149,54037.650457
R1036:54037.642066,0.027528,54037.642160,54037.650473,54037.678002
R1037:54037.647015,0.040472,54037.650131,54037.678031,54037.721638
R1038:54037.722504,0.020899,54037.722605,54037.723616,54037.744516
R1039:54038.133233,0.006348,54038.133290,54038.133766,54038.140114
R1040:54038.165486,0.128714,54038.165543,54038.165971,54038.294689
R1041:54038.206324,0.034585,54038.208124,54038.294743,54038.329329
R1042:54038.439121,0.042518,54038.439182,54038.439295,54038.484838
R1043:54038.541148,0.076488,54038.541185,54038.541320,54038.617809
R1044:54038.557869,0.107248,54038.557915,54038.617893,54038.725150
R1045:54038.592932,0.053328,54038.592984,54038.725196,54038.778538
R1046:54038.646712,0.067949,54038.646858,54038.778599,54038.846549
R1047:54038.686531,0.126345,54038.687247,54038.846615,54038.972961
R1048:54038.822223,0.171431,54038.822270,54038.973023,54039.144455
R1049:54038.940576,0.016622,54038.940639,54039.144509,54039.161133
R1050:54039.003010,0.005417,54039.003044,54039.161275,54039.166693
R1051:54039.036599,0.021555,54039.043229,54039.166716,54039.188271
R1052:54039.067672,0.083245,54039.067812,54039.188300,54039.273192
R1053:54039.135911,0.036193,54039.135965,54039.273652,54039.309845
R1054:54039.350171,0.011332,54039.350222,54039.350292,54039.361624
R1055:54039.365505,0.035977,54039.365555,54039.365630,54039.401631
R1056:54039.457134,0.040710,54039.457203,54039.457295,54039.498005
R1057:54039.469658,0.080649,54039.498051,54039.498064,54039.579017
R1058:54039.470892,0.009870,54039.498053,54039.579137,54039.589008
R1059:54039.483593,0.029586,54039.498054,54039.589044,54039.618630
R1060:54039.564209,0.001446,54039.564291,54039.618662,54039.620108
R1061:54039.572606,0.024492,54039.572710,54039.620125,54039.644617
R1062:54039.584310,0.103116,54039.584344,54039.644660,54039.747776
R1063:54039.718803,0.034473,54039.718882,54039.747812,54039.782285
R1064:54039.753114,0.081142,54039.753248,54039.782347,54039.863490
R1065:54039.920854,0.007581,54039.920908,54039.921020,54039.928602
R1066:54040.059063,0.003626,54040.059117,54040.059599,54040.063226
R1067:54040.273536,0.028230,54040.273589,54040.274373,54040.302604
R1068:54040.335062,0.025208,54040.335118,54040.335715,54040.360924
R1069:54040.532198,0.001686,54040.534673,54040.534684,54040.536370
R1070:54040.798705,0.043479,54040.798743,54040.798796,54040.842276
R1071:54040.881890,0.064614,54040.881949,54040.882739,54040.947353
R1072:54040.953859,0.040876,54040.953932,54040.954589,54040.995466
R1073:54040.967492,0.015572,54040.967934,54040.995524,54041.011096
R1074:54041.035885,0.005837,54041.035975,54041.036121,54041.041959
R1075:54041.157692,0.080391,54041.157727,54041.158097,54041.238489
R1076:54041.271664,0.084823,54041.271722,54041.272245,54041.357069
R1077:54041.285322,0.120543,54041.285359,54041.357126,54041.477670
R1078:54041.304234,0.034092,54041.304284,54041.477724,54041.511818
R1079:54041.410829,0.037742,54041.410880,54041.511874,54041.549617
R1080:54041.458839,0.010499,54041.458887,54041.549646,54041.560186
R1081:54041.491191,0.011303,54041.491235,54041.560221,54041.571524
R1082:54041.592558,0.008807,54041.592775,54041.592812,54041.601620
R1083:54041.620601,0.007546,54041.620657,54041.620784,54041.628330
R1084:54041.712087,0.043406,54041.712207,54041.712335,54041.755742
R1085:54041.786452,0.008495,54041.786520,54041.786814,54041.795572
R1086:54041.803874,0.063541,54041.803920,54041.804064,54041.867607
R1087:54041.819984,0.017763,54041.844300,54041.867662,54041.885425
R1088:54042.014027,0.026185,54042.014077,54042.014130,54042.040316
R1089:54042.044628,0.000780,54042.044689,54042.045179,54042.045960
R1090:54042.120805,0.016484,54042.120873,54042.121917,54042.138402
R1091:54042.187384,0.053434,54042.187432,54042.187933,54042.242322
R1092:54042.340978,0.000106,54042.341021,54042.341575,54042.341681
R1093:54042.350410,0.077330,54042.350452,54042.350856,54042.428198
R1094:54042.426572,0.184876,54042.426629,54042.428233,54042.613110
R1095:54042.489371,0.078851,54042.489410,54042.613140,54042.691992
R1096:54042.524438,0.219290,54042.530139,54042.692050,54042.911341
R1097:54042.541094,0.027579,54042.541157,54042.911402,54042.938982
R1098:54043.037378,0.049641,54043.037453,54043.037595,54043.087237
R1099:54043.052234,0.061298,54043.052292,54043.087300,54043.148599
R1100:54043.127827,0.066831,54043.127875,54043.148635,54043.215467
R1101:54043.149316,0.023170,54043.149336,54043.215516,54043.238687
R1102:54043.329965,0.068205,54043.330109,54043.330202,54043.398408
R1103:54043.385590,0.066315,54043.385649,54043.398455,54043.464771
R1104:54043.486482,0.013491,54043.486564,54043.486681,54043.500173
R1105:54043.501632,0.055421,54043.501694,54043.501802,54043.557224
R1106:54043.627917,0.041642,54043.627975,54043.628063,54043.669707
R1107:54043.694332,0.047707,54043.694399,54043.694523,54043.742231
R1108:54043.730478,0.111867,54043.730536,54043.742275,54043.854143
R1109:54043.806758,0.003293,54043.806805,54043.854174,54043.857467
R1110:54043.853585,0.063440,54043.853624,54043.857488,54043.920929
R1111:54044.038099,0.001683,54044.038151,54044.038205,54044.039888
R1112:54044.215122,0.095825,54044.215186,54044.215575,54044.311402
R1113:54044.326809,0.096696,54044.326870,54044.326882,54044.423579
R1114:54044.382481,0.001066,54044.382528,54044.423637,54044.424704
R1115:54044.442479,0.058896,54044.442536,54044.443661,54044.502557
R1116:54044.517706,0.027645,54044.517748,54044.517824,54044.545470
R1117:54044.649776,0.012106,54044.649843,54044.651096,54044.663202
R1118:54044.657644,0.065991,54044.663244,54044.663337,54044.729330
R1119:54044.674608,0.019369,54044.711708,54044.729600,54044.748971
R1120:54044.946280,0.060133,54044.946315,54044.946391,54045.006524
R1121:54045.263097,0.033340,54045.264441,54045.264929,54045.298269
R1122:54045.692396,0.019103,54045.692649,54045.692993,54045.712104
R1123:54045.722938,0.089218,54045.731779,54045.733719,54045.822937
R1124:54045.732750,0.034998,54045.763378,54045.822999,54045.857998
R1125:54045.754347,0.004130,54045.763383,54045.858028,54045.862159
R1126:54045.960039,0.069912,54045.960110,54045.960797,54046.030710
R1127:54045.983033,0.131975,54045.983087,54046.030787,54046.162763
R1128:54045.994005,0.042132,54045.994064,54046.162821,54046.204954
R1129:54046.078769,0.004617,54046.078817,54046.204995,54046.209613
R1130:54046.218193,0.021230,54046.218234,54046.218316,54046.239546
R1131:54046.299506,0.021453,54046.299558,54046.299666,54046.321120
R1132:54046.437417,0.092649,54046.437469,54046.437519,54046.530169
R1133:54046.571444,0.140497,54046.571534,54046.571615,54046.712113
R1134:54046.647076,0.036025,54046.647129,54046.712182,54046.748208
R1135:54046.725205,0.039412,54046.725314,54046.748264,54046.787677
R1136:54046.752875,0.014521,54046.752925,54046.787760,54046.802282
R1137:54046.774804,0.032494,54046.787745,54046.802334,54046.834846
R1138:54046.777824,0.007165,54046.787749,54046.834871,54046.842037
R1139:54046.854727,0.075799,54046.855835,54046.855847,54046.931647
R1140:54046.889435,0.011522,54046.894099,54046.931711,54046.943234
R1141:54046.982823,0.097996,54046.983042,54046.983058,54047.081057
R1142:54047.162297,0.178882,54047.162390,54047.162421,54047.341595
R1143:54047.452350,0.041578,54047.452412,54047.452784,54047.494363
R1144:54047.593426,0.042403,54047.593477,54047.594476,54047.636880
R1145:54047.664429,0.007078,54047.664490,54047.665263,54047.672342
R1146:54047.760741,0.028380,54047.760798,54047.761388,54047.789772
R1147:54047.987971,0.058302,54047.988023,54047.988596,54048.046898
R1148:54048.047700,0.002292,54048.047731,54048.048055,54048.050346
R1149:54048.077461,0.095660,54048.077517,54048.078084,54048.173744
R1150:54048.167798,0.109981,54048.167861,54048.173867,54048.283849
R1151:54048.242364,0.073785,54048.242408,54048.283889,54048.357674
R1152:54048.288740,0.028084,54048.288828,54048.357752,54048.385837
R1153:54048.302994,0.062033,54048.303125,54048.385866,54048.447900
R1154:54048.329551,0.040964,54048.329604,54048.447938,54048.488903
R1155:54048.405889,0.011168,54048.405963,54048.488978,54048.500147
R1156:54048.468337,0.021609,54048.468398,54048.500183,54048.521792
R1157:54048.600435,0.064338,54048.600563,54048.609030,54048.677008
R1158:54048.606240,0.093876,54048.641356,54048.677133,54048.771010
R1159:54048.641774,0.099918,54048.641801,54048.771088,54048.871007
R1160:54048.676227,0.141765,54048.676261,54048.871063,54049.012829
R1161:54048.726217,0.020511,54048.726268,54049.012883,54049.033396
R1162:54049.239056,0.032440,54049.239103,54049.239761,54049.272201
R1163:54049.281813,0.052599,54049.281861,54049.282634,54049.335234
R1164:54049.284215,0.052935,54049.322213,54049.335284,54049.388220
R1165:54049.351396,0.004191,54049.351428,54049.388267,54049.392459
R1166:54049.415080,0.115579,54049.415135,54049.415242,54049.530822
R1167:54049.486388,0.057514,54049.486433,54049.530867,54049.588382
R1168:54049.660108,0.005327,54049.660161,54049.660250,54049.665578
R1169:54049.696724,0.112173,54049.696776,54049.696867,54049.809041
R1170:54049.742417,0.108348,54049.742451,54049.809107,54049.917456
R1171:54049.841606,0.027701,54049.841660,54049.917509,54049.945210
R1172:54049.851926,0.008325,54049.851974,54049.945296,54049.953622
R1173:54049.877447,0.040973,54049.877525,54049.953646,54049.994621
R1174:54049.892794,0.028783,54049.892920,54049.994714,54050.023497
R1175:54049.893490,0.027167,54049.893578,54050.023548,54050.050715
R1176:54049.944108,0.027255,54049.944155,54050.050802,54050.078091
R1177:54049.987850,0.069995,54049.987880,54050.078150,54050.148146
R1178:54050.116327,0.075842,54050.116415,54050.148189,54050.224032
R1179:54050.323715,0.027207,54050.323789,54050.324998,54050.352206
R1180:54050.370928,0.118911,54050.370969,54050.371463,54050.490374
R1181:54050.422726,0.186348,54050.422769,54050.490413,54050.678559
R1182:54050.485881,0.021682,54050.485936,54050.679397,54050.701080
R1183:54050.636385,0.007473,54050.636434,54050.701163,54050.708650
R1184:54050.734571,0.002757,54050.734617,54050.734731,54050.737489
R1185:54050.789585,0.006007,54050.789627,54050.790211,54050.796220
R1186:54050.792813,0.006780,54050.796295,54050.796308,54050.803090
R1187:54051.047369,0.009649,54051.047429,54051.047544,54051.057194
R1188:54051.117839,0.058200,54051.117886,54051.117925,54051.176126
R1189:54051.147875,0.016466,54051.158400,54051.176192,54051.192659
R1190:54051.271580,0.008635,54051.271674,54051.272393,54051.281029
R1191:54051.283953,0.035099,54051.284013,54051.284275,54051.320750
R1192:54051.393501,0.030392,54051.393566,54051.393976,54051.424369
R1193:54051.472331,0.032348,54051.472430,54051.472570,54051.504919
R1194:54051.499651,0.054223,54051.504978,54051.504990,54051.559258
R1195:54051.524237,0.055397,54051.554095,54051.559333,54051.614731
R1196:54051.730087,0.025217,54051.730181,54051.730288,54051.755506
R1197:54051.806829,0.023691,54051.806879,54051.806926,54051.830618
R1198:54051.902204,0.018198,54051.903347,54051.904354,54051.922553
R1199:54052.028768,0.011210,54052.028821,54052.029270,54052.040482
R1200:54052.094956,0.039808,54052.095005,54052.095665,54052.135473
R1201:54052.135493,0.017680,54052.135958,54052.136016,54052.153728
R1202:54052.169832,0.095738,54052.169891,54052.170439,54052.266177
R1203:54052.272352,0.156108,54052.272439,54052.272523,54052.428647
R1204:54052.330855,0.011671,54052.330926,54052.428691,54052.440363
R1205:54052.401982,0.054804,54052.402060,54052.440382,54052.495187
R1206:54052.427372,0.137690,54052.427495,54052.495229,54052.632920
R1207:54052.469306,0.145577,54052.469360,54052.632972,54052.778550
R1208:54052.486377,0.027931,54052.486419,54052.778574,54052.806506
R1209:54052.531683,0.049425,54052.531728,54052.806561,54052.855986
R1210:54052.581621,0.019136,54052.581659,54052.856038,54052.875175
R1211:54052.590317,0.053810,54052.590368,54052.875225,54052.929036
R1212:54052.622698,0.143512,54052.622746,54052.929067,54053.074490
R1213:54052.736788,0.030998,54052.736825,54053.074603,54053.105602
R1214:54052.740375,0.040225,54052.777356,54053.105655,54053.145882
R1215:54052.766548,0.046713,54052.777364,54053.145931,54053.192645
R1216:54052.865588,0.188471,54052.865622,54053.192706,54053.388925
R1217:54052.875442,0.075114,54052.875465,54053.389000,54053.467568
R1218:54053.089986,0.023766,54053.090120,54053.467639,54053.491429
R1219:54053.251943,0.023097,54053.251985,54053.491552,54053.514651
R1220:54053.392082,0.175077,54053.392212,54053.514683,54053.691364
R1221:54053.472923,0.153173,54053.473529,54053.691479,54053.844653
R1222:54053.477976,0.011533,54053.478192,54053.844731,54053.856264
R1223:54053.694004,0.017688,54053.694047,54053.856291,54053.873980
R1224:54053.904055,0.019346,54053.904149,54053.904973,54053.924320
R1225:54053.995665,0.064350,54053.995715,54053.996202,54054.060553
R1226:54054.232390,0.012644,54054.232450,54054.233308,54054.245953
R1227:54054.325114,0.021766,54054.325169,54054.326015,54054.347783
R1228:54054.369161,0.027193,54054.369228,54054.369751,54054.396946
R1229:54054.385881,0.026820,54054.397013,54054.397026,54054.423846
R1230:54054.539347,0.032491,54054.539479,54054.539894,54054.572386
R1231:54054.865313,0.003835,54054.865377,54054.865941,54054.869777
R1232:54054.867530,0.131032,54054.870912,54054.870930,54055.001963
R1233:54054.922898,0.016728,54054.922951,54055.002026,54055.018755
R1234:54055.096245,0.043916,54055.096308,54055.096785,54055.140703
R1235:54055.129552,0.111305,54055.129593,54055.140744,54055.252050
R1236:54055.226243,0.058570,54055.226289,54055.252097,54055.310668
R1237:54055.299851,0.030859,54055.299931,54055.310732,54055.341592
R1238:54055.469676,0.068169,54055.469731,54055.469815,54055.537985
R1239:54055.675665,0.037756,54055.675769,54055.675809,54055.713566
R1240:54055.805016,0.057650,54055.805347,54055.805674,54055.863325
R1241:54055.811341,0.060856,54055.846342,54055.863396,54055.924253
R1242:54055.838037,0.050662,54055.846362,54055.924320,54055.974983
R1243:54056.054821,0.003871,54056.054914,54056.054970,54056.058842
R1244:54056.060330,0.102728,54056.060372,54056.060463,54056.163196
R1245:54056.065705,0.001454,54056.101110,54056.163254,54056.164708
R1246:54056.126935,0.035865,54056.126998,54056.164717,54056.200583
R1247:54056.166193,0.081612,54056.166221,54056.200646,54056.282259
R1248:54056.176176,0.153612,54056.176328,54056.282306,54056.435919
R1249:54056.229171,0.068272,54056.229292,54056.435980,54056.504263
R1250:54056.237899,0.067966,54056.270527,54056.504315,54056.572286
R1251:54056.308349,0.004857,54056.308376,54056.572361,54056.577239
R1252:54056.400664,0.032899,54056.400711,54056.577269,54056.610169
R1253:54056.453335,0.019971,54056.453376,54056.610197,54056.630168
R1254:54056.527153,0.018669,54056.527236,54056.630230,54056.648900
R1255:54056.550846,0.017222,54056.550899,54056.648947,54056.666170
R1256:54056.729304,0.006011,54056.729392,54056.729712,54056.735724
R1257:54057.229655,0.116995,54057.229712,54057.230091,54057.347087
R1258:54057.717455,0.002679,54057.717518,54057.717579,54057.720259
R1259:54057.843698,0.082174,54057.843753,54057.844279,54057.926454
R1260:54058.191720,0.031539,54058.191772,54058.192531,54058.224071
R1261:54058.426163,0.015992,54058.426249,54058.427142,54058.443134
R1262:54058.590330,0.138891,54058.590399,54058.591163,54058.730056
R1263:54058.945017,0.027144,54058.945211,54058.945223,54058.972368
R1264:54058.952610,0.009142,54058.952658,54058.972419,54058.981562
R1265:54059.154634,0.028081,54059.154683,54059.155184,54059.183266
R1266:54059.171028,0.080582,54059.183337,54059.183351,54059.263933
R1267:54059.390279,0.021041,54059.390341,54059.391111,54059.412153
R1268:54059.457582,0.003920,54059.457702,54059.457714,54059.461635
R1269:54059.487891,0.035551,54059.488356,54059.488365,54059.523917
R1270:54059.589633,0.037976,54059.589676,54059.590441,54059.628781
R1271:54059.634262,0.024137,54059.634326,54059.635163,54059.659302
R1272:54059.780817,0.079368,54059.780945,54059.781328,54059.860698
R1273:54059.875185,0.025177,54059.875293,54059.875781,54059.900959
R1274:54059.906014,0.015377,54059.906186,54059.906716,54059.922094
R1275:54060.077227,0.073860,54060.077285,54060.077754,54060.151615
R1276:54060.097902,0.001919,54060.119200,54060.151678,54060.153597
R1277:54060.217870,0.062295,54060.218430,54060.218445,54060.280741
R1278:54060.222286,0.006602,54060.258293,54060.280809,54060.287448
R1279:54060.559489,0.100868,54060.559545,54060.559613,54060.660633
R1280:54060.572463,0.017471,54060.600401,54060.660719,54060.678190
R1281:54060.603794,0.011224,54060.603825,54060.678241,54060.689466
R1282:54060.635903,0.085462,54060.635952,54060.689506,54060.774969
R1283:54060.645124,0.023732,54060.645154,54060.775019,54060.798751
R1284:54060.716727,0.012253,54060.716781,54060.798766,54060.811019
R1285:54060.921195,0.016523,54060.921373,54060.921384,54060.937907
R1286:54061.119376,0.058076,54061.119439,54061.119489,54061.177566
R1287:54061.245393,0.025113,54061.245554,54061.245565,54061.270679
R1288:54061.344760,0.150688,54061.344816,54061.345321,54061.496010
R1289:54061.404773,0.020041,54061.404821,54061.496134,54061.516198
R1290:54061.546959,0.246465,54061.547016,54061.547293,54061.793763
R1291:54061.569268,0.148024,54061.569325,54061.793838,54061.941863
R1292:54061.579290,0.007974,54061.579339,54061.941923,54061.949900
R1293:54061.582437,0.000296,54061.582489,54061.949972,54061.950269
R1294:54061.681129,0.078456,54061.681230,54061.950310,54062.028767
R1295:54061.710277,0.041266,54061.710315,54062.028826,54062.070092
R1296:54061.898745,0.009293,54061.898816,54062.070151,54062.079445
R1297:54061.907445,0.010045,54061.907563,54062.079475,54062.089521
R1298:54062.038749,0.018375,54062.038795,54062.089542,54062.107932
R1299:54062.445730,0.107281,54062.445770,54062.445818,54062.553099
R1300:54062.520619,0.029588,54062.520733,54062.553212,54062.582801
R1301:54062.588521,0.016033,54062.588565,54062.588770,54062.604804
R1302:54062.605142,0.088223,54062.605174,54062.605252,54062.693476
R1303:54062.621475,0.047877,54062.646195,54062.693525,54062.741403
R1304:54062.722217,0.030776,54062.722346,54062.741455,54062.772231
R1305:54062.860647,0.267508,54062.862517,54062.862597,54063.130106
R1306:54063.126828,0.002478,54063.126913,54063.130147,54063.132625
R1307:54063.181729,0.032969,54063.181820,54063.182426,54063.215397
R1308:54063.443207,0.046315,54063.443298,54063.444117,54063.490433
R1309:54063.463168,0.031448,54063.485292,54063.490474,54063.521923
R1310:54063.524212,0.022443,54063.524286,54063.524757,54063.547201
R1311:54063.570168,0.032930,54063.570234,54063.570853,54063.603784
R1312:54063.572942,0.078445,54063.603849,54063.603861,54063.682307
R1313:54063.642122,0.036684,54063.645710,54063.682371,54063.719056
R1314:54063.741668,0.012702,54063.741728,54063.742206,54063.754909
R1315:54063.751301,0.048926,54063.754968,54063.754980,54063.803907
R1316:54063.798297,0.041882,54063.798355,54063.803968,54063.845851
R1317:54063.899481,0.081642,54063.900146,54063.900154,54063.981797
R1318:54064.107559,0.041926,54064.108263,54064.108273,54064.150199
R1319:54064.153561,0.009655,54064.153948,54064.153955,54064.163611
R1320:54064.203304,0.022878,54064.203744,54064.203754,54064.226633
R1321:54064.205896,0.032666,54064.226684,54064.227106,54064.259773
R1322:54064.223000,0.006070,54064.226687,54064.259834,54064.265915
R1323:54064.271945,0.047245,54064.272632,54064.272642,54064.319887
R1324:54064.570631,0.030006,54064.571266,54064.571275,54064.601282
R1325:54064.685902,0.006055,54064.686781,54064.686790,54064.692846
R1326:54064.693368,0.005652,54064.693792,54064.693797,54064.699451
R1327:54064.845818,0.021092,54064.846280,54064.846288,54064.867381
R1328:54064.928412,0.015117,54064.928898,54064.928907,54064.944026
R1329:54065.136592,0.307689,54065.137157,54065.137167,54065.444857
R1330:54065.318114,0.015522,54065.318590,54065.444916,54065.460439
R1331:54065.378604,0.008495,54065.379077,54065.460477,54065.468972
R1332:54065.467553,0.036749,54065.467623,54065.468999,54065.505749
R1333:54065.631344,0.013077,54065.631487,54065.631497,54065.644576
R1334:54065.926141,0.024035,54065.926270,54065.926279,54065.950316
R1335:54065.934675,0.006132,54065.950708,54065.950801,54065.956933
R1336:54065.982138,0.042972,54065.982260,54065.982271,54066.025244
R1337:54066.107902,0.008978,54066.108077,54066.108090,54066.117068
R1338:54066.190261,0.040779,54066.190302,54066.190348,54066.231128
R1339:54066.297158,0.026315,54066.297677,54066.297685,54066.324001
R1340:54066.433331,0.096131,54066.433423,54066.433534,54066.529666
R1341:54066.434287,0.086236,54066.475308,54066.529729,54066.615967
R1342:54066.501723,0.006378,54066.501802,54066.616080,54066.622458
R1343:54066.796029,0.098051,54066.796619,54066.796628,54066.894679
R1344:54066.812683,0.001520,54066.838281,54066.894729,54066.896250
R1345:54066.856339,0.100468,54066.856373,54066.896274,54066.996744
R1346:54067.033360,0.032617,54067.033413,54067.033535,54067.066152
R1347:54067.065831,0.007019,54067.066256,54067.066268,54067.073339
R1348:54067.068498,0.203842,54067.073400,54067.073429,54067.277272
R1349:54067.792706,0.004594,54067.793555,54067.793566,54067.798161
R1350:54067.833590,0.072806,54067.833633,54067.833970,54067.906777
R1351:54067.874942,0.006025,54067.875211,54067.906833,54067.912860
R1352:54067.895664,0.080048,54067.895719,54067.912888,54067.992937
R1353:54067.934039,0.001749,54067.934095,54067.992992,54067.994742
R1354:54067.963838,0.002751,54067.963886,54067.994761,54067.997513
R1355:54068.004158,0.022690,54068.004202,54068.004662,54068.027353
R1356:54068.057576,0.170363,54068.057627,54068.058192,54068.228556
R1357:54068.273912,0.101239,54068.273953,54068.274320,54068.375560
R1358:54068.292787,0.021732,54068.292830,54068.375598,54068.397331
R1359:54068.301318,0.031489,54068.301432,54068.397396,54068.428886
R1360:54068.420512,0.043904,54068.420565,54068.428937,54068.472842
R1361:54068.465022,0.056860,54068.465097,54068.472873,54068.529734
R1362:54068.502586,0.021955,54068.502634,54068.530595,54068.552551
R1363:54068.509237,0.003267,54068.529775,54068.552606,54068.555908
R1364:54068.660729,0.009400,54068.661202,54068.661212,54068.670612
R1365:54068.698398,0.060721,54068.698434,54068.698472,54068.759194
R1366:54068.713374,0.021865,54068.739181,54068.759251,54068.781117
R1367:54068.966584,0.016544,54068.966618,54068.967139,54068.983684
R1368:54069.120933,0.004966,54069.120986,54069.121412,54069.126379
R1369:54069.136093,0.035508,54069.136126,54069.136551,54069.172060
R1370:54069.170914,0.071291,54069.172109,54069.172434,54069.243726
R1371:54069.185687,0.002849,54069.214134,54069.243780,54069.246629
R1372:54069.373545,0.003083,54069.373593,54069.374073,54069.377156
R1373:54069.491534,0.083880,54069.491586,54069.491985,54069.575866
R1374:54069.725172,0.052581,54069.725317,54069.725551,54069.778133
R1375:54069.778526,0.079179,54069.778551,54069.780336,54069.859516
R1376:54069.808576,0.047555,54069.808631,54069.859573,54069.907128
R1377:54069.833054,0.017737,54069.833109,54069.907170,54069.924907
R1378:54069.891580,0.016726,54069.891617,54069.924932,54069.941658
R1379:54070.207672,0.018372,54070.207717,54070.207764,54070.226137
R1380:54070.248645,0.035965,54070.248691,54070.249147,54070.285113
R1381:54070.304082,0.025040,54070.304138,54070.304640,54070.329680
R1382:54070.305177,0.087801,54070.329712,54070.336498,54070.424299
R1383:54070.488720,0.000992,54070.488778,54070.489187,54070.490179
R1384:54070.591216,0.239881,54070.591384,54070.591764,54070.831647
R1385:54070.823033,0.003623,54070.823087,54070.831701,54070.835324
R1386:54070.891416,0.025650,54070.891615,54070.891627,54070.917278
R1387:54071.018143,0.032504,54071.018196,54071.018245,54071.050750
R1388:54071.030474,0.002493,54071.050817,54071.050839,54071.053333
R1389:54071.086741,0.103341,54071.086832,54071.086952,54071.190294
R1390:54071.118238,0.042390,54071.127263,54071.190353,54071.232743
R1391:54071.227531,0.136142,54071.227585,54071.232785,54071.368928
R1392:54071.327937,0.007671,54071.327989,54071.368967,54071.376638
R1393:54071.346681,0.008385,54071.368322,54071.376670,54071.385056
R1394:54071.370848,0.045173,54071.370882,54071.385075,54071.430249
R1395:54071.421479,0.106956,54071.421509,54071.430308,54071.537272
R1396:54071.477906,0.031981,54071.477950,54071.537341,54071.569323
R1397:54071.488382,0.184175,54071.518436,54071.569378,54071.753554
R1398:54071.517844,0.151672,54071.518450,54071.753611,54071.905284
R1399:54071.550308,0.012525,54071.550362,54071.905321,54071.917847
R1400:54072.023611,0.036969,54072.023941,54072.024068,54072.061038
R1401:54072.285120,0.059379,54072.285202,54072.285291,54072.344670
R1402:54072.316636,0.026957,54072.326373,54072.344717,54072.371675
R1403:54072.550876,0.024307,54072.550926,54072.551001,54072.575309
R1404:54072.568287,0.031200,54072.575509,54072.575517,54072.606718
R1405:54072.625284,0.008995,54072.625356,54072.625486,54072.634483
R1406:54072.652644,0.130584,54072.652717,54072.652841,54072.783426
R1407:54072.656109,0.012498,54072.693386,54072.783486,54072.795985
R1408:54072.665640,0.020167,54072.693389,54072.796008,54072.816176
R1409:54072.672225,0.034195,54072.693392,54072.816198,54072.850393
R1410:54072.715248,0.090840,54072.715289,54072.850454,54072.941301
R1411:54072.953105,0.001755,54072.953218,54072.953226,54072.954981
R1412:54072.996592,0.053035,54072.996677,54072.996688,54073.049723
R1413:54073.030539,0.047047,54073.037244,54073.049762,54073.096810
R1414:54073.031595,0.000193,54073.037248,54073.096867,54073.097061
R1415:54073.116407,0.039841,54073.116535,54073.116545,54073.156387
R1416:54073.278440,0.006551,54073.278494,54073.278542,54073.285094
R1417:54073.346541,0.029923,54073.346590,54073.346986,54073.376910
R1418:54073.372140,0.027005,54073.376974,54073.376987,54073.403994
R1419:54073.442718,0.000248,54073.442847,54073.442857,54073.443106
R1420:54073.606827,0.004922,54073.607223,54073.607232,54073.612155
R1421:54073.800867,0.124668,54073.800988,54073.801356,54073.926025
R1422:54073.817877,0.015637,54073.841411,54073.926095,54073.941733
R1423:54073.819801,0.004669,54073.841416,54073.942540,54073.947210
R1424:54073.833418,0.036088,54073.841418,54073.947248,54073.983336
R1425:54073.916882,0.037457,54073.917244,54073.983388,54074.020846
R1426:54073.996990,0.163656,54073.997370,54074.020892,54074.184549
R1427:54074.036675,0.054164,54074.037012,54074.184605,54074.238770
R1428:54074.111879,0.042322,54074.112255,54074.238811,54074.281135
R1429:54074.199102,0.012522,54074.199553,54074.281162,54074.293684
R1430:54074.228423,0.005411,54074.228755,54074.293749,54074.299161
R1431:54074.306935,0.005345,54074.306990,54074.307154,54074.312499
R1432:54074.441510,0.000758,54074.441643,54074.441816,54074.442575
R1433:54074.464861,0.072392,54074.465059,54074.465249,54074.537642
R1434:54074.537906,0.024475,54074.537936,54074.538026,54074.562501
R1435:54074.589465,0.018835,54074.589496,54074.589785,54074.608622
R1436:54074.723200,0.140218,54074.723250,54074.723763,54074.863981
R1437:54074.782940,0.034775,54074.782997,54074.864033,54074.898809
R1438:54074.806983,0.023085,54074.807020,54074.898862,54074.921948
R1439:54074.828279,0.082640,54074.828320,54074.921997,54075.004638
R1440:54074.909602,0.009610,54074.909626,54075.004689,54075.014299
R1441:54075.105695,0.013424,54075.105746,54075.106192,54075.119616
R1442:54075.143027,0.113858,54075.143112,54075.143267,54075.257126
R1443:54075.156595,0.069890,54075.184361,54075.257186,54075.327077
R1444:54075.363282,0.009210,54075.363485,54075.363496,54075.372707
R1445:54075.420918,0.002219,54075.420971,54075.421025,54075.423245
R1446:54075.754291,0.068358,54075.754361,54075.754429,54075.822788
R1447:54075.783162,0.034277,54075.795259,54075.822841,54075.857118
R1448:54075.797462,0.059621,54075.797478,54075.857178,54075.916800
R1449:54075.927376,0.010696,54075.927423,54075.927489,54075.938200
R1450:54075.955007,0.001573,54075.955045,54075.955146,54075.956719
R1451:54075.963061,0.041552,54075.963127,54075.963256,54076.004810
R1452:54076.027396,0.066918,54076.027447,54076.027535,54076.094454
R1453:54076.347595,0.009827,54076.347773,54076.347784,54076.357612
R1454:54076.353931,0.053343,54076.353959,54076.357646,54076.410990
R1455:54076.364339,0.237876,54076.364363,54076.411027,54076.648905
R1456:54076.758648,0.019477,54076.758834,54076.758880,54076.778371
R1457:54076.920305,0.171675,54076.920404,54076.920415,54077.092091
R1458:54076.943807,0.006610,54076.961213,54077.092142,54077.098752
R1459:54076.967206,0.058325,54076.967253,54077.098785,54077.157111
R1460:54077.084130,0.059370,54077.084177,54077.157152,54077.216523
R1461:54077.115771,0.041376,54077.115808,54077.216578,54077.257954
R1462:54077.235875,0.104676,54077.235914,54077.258002,54077.362679
R1463:54077.288902,0.011181,54077.288949,54077.362731,54077.373913
R1464:54077.294538,0.019294,54077.329306,54077.373934,54077.393228
R1465:54077.372201,0.053478,54077.372242,54077.393257,54077.446736
R1466:54077.417702,0.114848,54077.417744,54077.446765,54077.561614
R1467:54077.457301,0.019395,54077.457341,54077.561667,54077.581063
R1468:54077.480139,0.016901,54077.480187,54077.581177,54077.598103
R1469:54077.572401,0.068262,54077.572447,54077.598119,54077.666382
R1470:54077.635498,0.033362,54077.635804,54077.666430,54077.699793
R1471:54077.895914,0.074251,54077.895964,54077.896052,54077.970303
R1472:54078.017227,0.164785,54078.017273,54078.017320,54078.182105
R1473:54078.168338,0.001500,54078.168381,54078.182154,54078.183655
R1474:54078.291419,0.030978,54078.291468,54078.291889,54078.322868
R1475:54078.299810,0.023810,54078.322919,54078.322932,54078.346743
R1476:54078.414983,0.029897,54078.415024,54078.415078,54078.444975
R1477:54078.430615,0.045436,54078.445028,54078.445040,54078.490476
R1478:54078.689095,0.000038,54078.689155,54078.689241,54078.689335
R1479:54078.725321,0.115162,54078.725437,54078.725453,54078.840616
R1480:54078.870643,0.010555,54078.870701,54078.870795,54078.881350
R1481:54078.905986,0.055740,54078.906073,54078.906203,54078.961944
R1482:54078.980168,0.075288,54078.980252,54078.980287,54079.055576
R1483:54078.988850,0.064896,54078.988881,54079.055634,54079.120530
R1484:54079.447413,0.034012,54079.447463,54079.447743,54079.481755
R1485:54079.453662,0.000387,54079.453714,54079.481816,54079.482444
R1486:54079.511794,0.011639,54079.511843,54079.512170,54079.523809
R1487:54079.869275,0.078004,54079.869326,54079.869759,54079.947764
R1488:54080.007536,0.036954,54080.007577,54080.007860,54080.044815
R1489:54080.024642,0.014881,54080.024687,54080.044872,54080.059754
R1490:54080.180358,0.038559,54080.180410,54080.181542,54080.220102
R1491:54080.557910,0.007603,54080.557953,54080.558478,54080.566081
R1492:54080.649955,0.043138,54080.650067,54080.650577,54080.693716
R1493:54081.049203,0.018873,54081.049253,54081.049682,54081.068556
R1494:54081.171147,0.038325,54081.171333,54081.171836,54081.210161
R1495:54081.249891,0.114973,54081.249926,54081.250444,54081.365418
R1496:54081.271936,0.073782,54081.291079,54081.365463,54081.439246
R1497:54081.390144,0.084479,54081.390181,54081.439309,54081.523789
R1498:54081.468319,0.041650,54081.468450,54081.523840,54081.565490
R1499:54081.541291,0.047660,54081.541335,54081.565529,54081.613190
