R0:54804.232463,0.025075,54804.232736,54804.233111,54804.258188
R1:54804.329091,0.080083,54804.329516,54804.329706,54804.410194
R2:54804.409700,0.011004,54804.409755,54804.410274,54804.421279
R3:54804.537643,0.073100,54804.537695,54804.538490,54804.611591
R4:54804.559273,0.040368,54804.578355,54804.611634,54804.652003
R5:54804.576485,0.049560,54804.578360,54804.652048,54804.701609
R6:54804.610723,0.036016,54804.610777,54804.701649,54804.737666
R7:54804.634740,0.123963,54804.634782,54804.737739,54804.861702
R8:54804.794935,0.063168,54804.794975,54804.861731,54804.924899
R9:54804.848196,0.046693,54804.848242,54804.924990,54804.971684
R10:54804.856447,0.013912,54804.856484,54804.971754,54804.985667
R11:54804.857480,0.081527,54804.857508,54804.985744,54805.067272
R12:54804.865453,0.025620,54804.865544,54805.067345,54805.092978
R13:54804.874631,0.005760,54804.906477,54805.093041,54805.098806
R14:54804.882048,0.012311,54804.906488,54805.098860,54805.111172
R15:54805.241922,0.091352,54805.242091,54805.242120,54805.333474
R16:54805.279980,0.017551,54805.282231,54805.333528,54805.351089
R17:54805.329969,0.037147,54805.330071,54805.351147,54805.388295
R18:54805.383564,0.180181,54805.383664,54805.388368,54805.568550
R19:54805.419520,0.073780,54805.419606,54805.568625,54805.642405
R20:54805.437884,0.073465,54805.460342,54805.642463,54805.715952
R21:54805.477321,0.111064,54805.477472,54805.715985,54805.827050
R22:54805.504416,0.021729,54805.504508,54805.827111,54805.848840
R23:54805.522100,0.125682,54805.522272,54805.848956,54805.974639
R24:54805.609082,0.149118,54805.609282,54805.974804,54806.123924
R25:54805.613082,0.004499,54805.613344,54806.123991,54806.128491
R26:54805.652543,0.054417,54805.652706,54806.128514,54806.182932
R27:54805.663924,0.021454,54805.694131,54806.183005,54806.204460
R28:54805.780326,0.001011,54805.780375,54806.204502,54806.205513
R29:54805.783936,0.003259,54805.822144,54806.205534,54806.208798
R30:54805.816308,0.176396,54805.822155,54806.208818,54806.385216
R31:54805.830721,0.095164,54805.830756,54806.385270,54806.480435
R32:54805.953204,0.038800,54805.953253,54806.480492,54806.519315
R33:54805.969689,0.071408,54805.974846,54806.519366,54806.590775
R34:54805.994518,0.055089,54806.016125,54806.590852,54806.645942
R35:54806.032435,0.002004,54806.032548,54806.645975,54806.647979
R36:54806.072523,0.134291,54806.072724,54806.648036,54806.782328
R37:54806.102975,0.063819,54806.103067,54806.782386,54806.846209
R38:54806.243703,0.067073,54806.243798,54806.846243,54806.913316
R39:54806.261437,0.021852,54806.284253,54806.913461,54806.935346
R40:54806.315291,0.009075,54806.315400,54806.935404,54806.944480
R41:54806.376721,0.106045,54806.376851,54806.944549,54807.050594
R42:54806.407402,0.020049,54806.407531,54807.050646,54807.070709
R43:54806.500513,0.111921,54806.500644,54807.070741,54807.182663
R44:54806.514321,0.058025,54806.514424,54807.182719,54807.240745
R45:54806.537169,0.044414,54806.537323,54807.240804,54807.285219
R46:54806.702303,0.097835,54806.702415,54807.285261,54807.383097
R47:54806.758827,0.128831,54806.759013,54807.383188,54807.512020
R48:54806.789490,0.084307,54806.789556,54807.512074,54807.596382
R49:54806.816397,0.120940,54806.830256,54807.596424,54807.717365
R50:54806.877213,0.012156,54806.877385,54807.717432,54807.729588
R51:54806.912241,0.126367,54806.913443,54807.729618,54807.855985
R52:54807.070497,0.106458,54807.070556,54807.856080,54807.962539
R53:54807.079701,0.028278,54807.079823,54807.962630,54807.990909
R54:54807.134402,0.016499,54807.134672,54807.990931,54808.007432
R55:54807.186172,0.018369,54807.186272,54808.007472,54808.025842
R56:54807.268306,0.012816,54807.268419,54808.025893,54808.038710
R57:54807.300176,0.016164,54807.300342,54808.038731,54808.054896
R58:54807.311928,0.026936,54807.341347,54808.054918,54808.081855
R59:54807.355378,0.118652,54807.355505,54808.081935,54808.200588
R60:54807.365937,0.006738,54807.366108,54808.200615,54808.207354
R61:54807.372868,0.071455,54807.373296,54808.207379,54808.278834
R62:54807.409971,0.136671,54807.410091,54808.278905,54808.415578
R63:54807.630463,0.024160,54807.630622,54808.415634,54808.439794
R64:54807.691397,0.022996,54807.691500,54808.440686,54808.463682
R65:54807.764964,0.013215,54807.765112,54808.463734,54808.476951
R66:54807.783656,0.014013,54807.807406,54808.477012,54808.491026
R67:54807.830186,0.065866,54807.830387,54808.491081,54808.556948
R68:54807.839305,0.078866,54807.839394,54808.557020,54808.635886
R69:54807.846582,0.068339,54807.846628,54808.635943,54808.724285
R70:54807.856666,0.149891,54807.856756,54808.724348,54808.874239
R71:54807.861079,0.036862,54807.897285,54808.874273,54808.911135
R72:54807.864274,0.013726,54807.897289,54808.911166,54808.924893
R73:54807.874785,0.065961,54807.897292,54808.924945,54808.990906
R74:54807.959209,0.171180,54807.959263,54808.990952,54809.162133
R75:54808.015730,0.071301,54808.015773,54809.162189,54809.233491
R76:54808.069635,0.007246,54808.069664,54809.233544,54809.240792
R77:54808.074982,0.004073,54808.082059,54809.240946,54809.245020
R78:54808.113853,0.011449,54808.122223,54809.245081,54809.256530
R79:54808.117828,0.085650,54808.122237,54809.256574,54809.342226
R80:54808.150645,0.070444,54808.150693,54809.342280,54809.412724
R81:54808.195749,0.008587,54808.195802,54809.412764,54809.421353
R82:54808.198910,0.011428,54808.198949,54809.421369,54809.432798
R83:54808.828291,0.006703,54808.828340,54809.432822,54809.439526
R84:54808.944790,0.002779,54808.944842,54809.439551,54809.442329
R85:54809.267108,0.003754,54809.267154,54809.442335,54809.446089
R86:54809.375086,0.128242,54809.375140,54809.446097,54809.574340
R87:54809.375587,0.009945,54809.375619,54809.574399,54809.584345
R88:54809.423310,0.024854,54809.423345,54809.584404,54809.609258
R89:54809.433104,0.085655,54809.433180,54809.609313,54809.694969
R90:54809.562005,0.040202,54809.562082,54809.695022,54809.735225
R91:54809.585674,0.030127,54809.585694,54809.735281,54809.765421
R92:54809.631615,0.005248,54809.631721,54809.765479,54809.770727
R93:54809.693651,0.070795,54809.693731,54809.770757,54809.841553
R94:54809.733879,0.242864,54809.733951,54809.841591,54810.084489
R95:54809.753834,0.105029,54809.754136,54810.084518,54810.189547
R96:54809.800183,0.049566,54809.800229,54810.189583,54810.239150
R97:54809.873306,0.068877,54809.873356,54810.239193,54810.308071
R98:54809.875462,0.129765,54809.914254,54810.308133,54810.437899
R99:54809.970050,0.088904,54809.970115,54810.437973,54810.526878
R100:54810.079297,0.068092,54810.079403,54810.526940,54810.595052
R101:54810.284284,0.205511,54810.284335,54810.595086,54810.800597
R102:54810.407590,0.034384,54810.407627,54810.800644,54810.835029
R103:54810.465931,0.088601,54810.466011,54810.835081,54810.923683
R104:54810.476212,0.004006,54810.506165,54810.923728,54810.927734
R105:54810.592249,0.014254,54810.592279,54810.927762,54810.942017
R106:54810.647575,0.013012,54810.647635,54810.942044,54810.955057
R107:54810.700572,0.019053,54810.700625,54810.955113,54810.974168
R108:54810.765290,0.013161,54810.765326,54810.974189,54810.987350
R109:54810.787982,0.050130,54810.788074,54810.987380,54811.037511
R110:54810.793124,0.052653,54810.793169,54811.037579,54811.090233
R111:54810.807614,0.177832,54810.807653,54811.090328,54811.268162
R112:54810.846423,0.039495,54810.846470,54811.268279,54811.308019
R113:54810.865017,0.006011,54810.887329,54811.308080,54811.314091
R114:54810.932763,0.044891,54810.932806,54811.314108,54811.358999
R115:54810.966619,0.029975,54810.966659,54811.359050,54811.389026
R116:54811.119671,0.094090,54811.119720,54811.389052,54811.483187
R117:54811.142653,0.000162,54811.161420,54811.483251,54811.483422
R118:54811.174283,0.045625,54811.174380,54811.483453,54811.529078
R119:54811.198297,0.013322,54811.198487,54811.529217,54811.542539
R120:54811.294126,0.032981,54811.294176,54811.542593,54811.575575
R121:54811.354998,0.018189,54811.355083,54811.575604,54811.593793
R122:54811.390522,0.010079,54811.390568,54811.593838,54811.603917
R123:54811.456825,0.002086,54811.456881,54811.603968,54811.606057
R124:54811.508621,0.059534,54811.508658,54811.606176,54811.665711
R125:54811.537937,0.050756,54811.538021,54811.665750,54811.716507
R126:54811.597851,0.010205,54811.597890,54811.717021,54811.727247
R127:54811.620556,0.049330,54811.620631,54811.727277,54811.776608
R128:54811.670414,0.019903,54811.670483,54811.776650,54811.796553
R129:54811.740615,0.011296,54811.740664,54811.796613,54811.807943
R130:54811.812278,0.057721,54811.812316,54811.812443,54811.870165
R131:54811.946192,0.014871,54811.946252,54811.946312,54811.961184
R132:54812.002078,0.004586,54812.002256,54812.002709,54812.007297
R133:54812.042350,0.104935,54812.042899,54812.042907,54812.147843
R134:54812.058426,0.004921,54812.083249,54812.147954,54812.152876
R135:54812.119566,0.022440,54812.119702,54812.152889,54812.175329
R136:54812.125952,0.044973,54812.126032,54812.175352,54812.220326
R137:54812.171477,0.017039,54812.171557,54812.220376,54812.237415
R138:54812.229868,0.017011,54812.229955,54812.237463,54812.254474
R139:54812.308915,0.010521,54812.309030,54812.309040,54812.319601
R140:54812.330089,0.000179,54812.330218,54812.330229,54812.330756
R141:54812.549065,0.020134,54812.549198,54812.549551,54812.569686
R142:54812.641639,0.028679,54812.642001,54812.642010,54812.670690
R143:54812.652711,0.125622,54812.670750,54812.670762,54812.796463
R144:54812.820532,0.060045,54812.820953,54812.820962,54812.881008
R145:54812.896866,0.057884,54812.897499,54812.897511,54812.955396
R146:54812.903796,0.074422,54812.903847,54812.955446,54813.029868
R147:54812.929522,0.124010,54812.929575,54813.029914,54813.153924
R148:54813.080839,0.011379,54813.080887,54813.154005,54813.165385
R149:54813.185397,0.039708,54813.185446,54813.185724,54813.225433
R150:54813.268674,0.117658,54813.268739,54813.268823,54813.386482
R151:54813.287943,0.103565,54813.288076,54813.386559,54813.490125
R152:54813.414819,0.042925,54813.414846,54813.490204,54813.533130
R153:54813.451459,0.016004,54813.451509,54813.533165,54813.549170
R154:54813.461312,0.033903,54813.461360,54813.549257,54813.583161
R155:54813.567085,0.094505,54813.567176,54813.583262,54813.677767
R156:54813.600261,0.017199,54813.600302,54813.677834,54813.695034
R157:54813.636431,0.057629,54813.641104,54813.695062,54813.752692
R158:54813.646977,0.007486,54813.647087,54813.752719,54813.760206
R159:54813.715768,0.033905,54813.715800,54813.760286,54813.794192
R160:54813.764664,0.064413,54813.764684,54813.794279,54813.858694
R161:54813.860813,0.012549,54813.860844,54813.860950,54813.873500
R162:54813.871417,0.006463,54813.873538,54813.873549,54813.880013
R163:54813.907975,0.022349,54813.908135,54813.908145,54813.930496
R164:54813.916104,0.134335,54813.930581,54813.930594,54814.064930
R165:54813.936969,0.048656,54813.971265,54814.064959,54814.113616
R166:54814.063055,0.085223,54814.063108,54814.113664,54814.198888
R167:54814.158804,0.020396,54814.158851,54814.198956,54814.219353
R168:54814.195320,0.053769,54814.198942,54814.219411,54814.273181
R169:54814.222496,0.014981,54814.222747,54814.273222,54814.288205
R170:54814.272783,0.003766,54814.272828,54814.288262,54814.292028
R171:54814.282400,0.052094,54814.282646,54814.292076,54814.344171
R172:54814.289171,0.017003,54814.289210,54814.344234,54814.361237
R173:54814.314827,0.004779,54814.314960,54814.361288,54814.366067
R174:54814.337658,0.136281,54814.344221,54814.366080,54814.502362
R175:54814.367687,0.015426,54814.367740,54814.502405,54814.517831
R176:54814.414216,0.071728,54814.414361,54814.517905,54814.589634
R177:54814.471077,0.008556,54814.471312,54814.589684,54814.598240
R178:54814.506733,0.049130,54814.506783,54814.598314,54814.647445
R179:54814.620699,0.011650,54814.620796,54814.647502,54814.659153
R180:54814.659384,0.027774,54814.659430,54814.659501,54814.687307
R181:54814.702586,0.025076,54814.702647,54814.702736,54814.727813
R182:54814.796099,0.019727,54814.796143,54814.796235,54814.815964
R183:54814.810988,0.050896,54814.816051,54814.816063,54814.866960
R184:54814.879845,0.020643,54814.879901,54814.880988,54814.901632
R185:54815.100536,0.007313,54815.100596,54815.101189,54815.108503
R186:54815.220580,0.000271,54815.220617,54815.221471,54815.221742
R187:54815.248539,0.074447,54815.248613,54815.249298,54815.323746
R188:54815.329254,0.006090,54815.329344,54815.330196,54815.336286
R189:54815.347721,0.063828,54815.347775,54815.348295,54815.412153
R190:54815.473669,0.029811,54815.473732,54815.474667,54815.510644
R191:54815.476560,0.061535,54815.476646,54815.510701,54815.572237
R192:54815.703165,0.032113,54815.703223,54815.703417,54815.735530
R193:54815.715836,0.004931,54815.740235,54815.741770,54815.748357
R194:54815.821384,0.024136,54815.821448,54815.822177,54815.850220
R195:54815.845522,0.053519,54815.850362,54815.850376,54815.903895
R196:54815.880150,0.007061,54815.891211,54815.903988,54815.911050
R197:54816.967375,0.002745,54816.967429,54816.967477,54816.970708
R198:54816.970235,0.075904,54816.971073,54816.971096,54817.047001
R199:54817.002571,0.029220,54817.012252,54817.047035,54817.076255
R200:54817.064619,0.044536,54817.064654,54817.076343,54817.120879
R201:54817.071935,0.037740,54817.076327,54817.120917,54817.158692
R202:54817.118371,0.022464,54817.118492,54817.158717,54817.181258
R203:54817.167110,0.109787,54817.167160,54817.181322,54817.291109
R204:54817.187675,0.009306,54817.187723,54817.291151,54817.300457
R205:54817.222928,0.037301,54817.228174,54817.300482,54817.337784
R206:54817.273176,0.045341,54817.273234,54817.337807,54817.383149
R207:54817.325269,0.088541,54817.325327,54817.383234,54817.471777
R208:54817.340188,0.005203,54817.340766,54817.471843,54817.477111
R209:54817.345609,0.009295,54817.345632,54817.477167,54817.486463
R210:54817.481694,0.012776,54817.482100,54817.486520,54817.499297
R211:54817.516911,0.017183,54817.516956,54817.517557,54817.534740
R212:54817.609509,0.105301,54817.609603,54817.610271,54817.715572
R213:54817.633180,0.084345,54817.651393,54817.715630,54817.799976
R214:54817.655506,0.001850,54817.655532,54817.800058,54817.801909
R215:54817.712260,0.075312,54817.712313,54817.801942,54817.877255
R216:54817.728097,0.090426,54817.728149,54817.877329,54817.967756
R217:54817.780499,0.012488,54817.780617,54817.967805,54817.980294
R218:54817.800407,0.047394,54817.800433,54817.980326,54818.027721
R219:54817.813351,0.056136,54817.813398,54818.027756,54818.083894
R220:54817.820811,0.063552,54817.855295,54818.083957,54818.147510
R221:54817.902712,0.025640,54817.902765,54818.147647,54818.173288
R222:54817.915851,0.028459,54817.943091,54818.173312,54818.201772
R223:54817.937173,0.024368,54817.943111,54818.201827,54818.226196
R224:54817.951517,0.008405,54817.951954,54818.226254,54818.234659
R225:54817.992655,0.000734,54817.992687,54818.234687,54818.235422
R226:54818.036336,0.024077,54818.036391,54818.235434,54818.259511
R227:54818.062183,0.066858,54818.077361,54818.259538,54818.326397
R228:54818.082785,0.052442,54818.082844,54818.326446,54818.378889
R229:54818.099074,0.126031,54818.099144,54818.378960,54818.504993
R230:54818.141583,0.082980,54818.141610,54818.505043,54818.588060
R231:54818.203179,0.018695,54818.203203,54818.588200,54818.606895
R232:54818.267613,0.000301,54818.267663,54818.606990,54818.607291
R233:54818.324157,0.092866,54818.324205,54818.607320,54818.700187
R234:54818.365765,0.051458,54818.365801,54818.700267,54818.751726
R235:54818.417951,0.025600,54818.417995,54818.751758,54818.777360
R236:54818.457896,0.063446,54818.459102,54818.777391,54818.840838
R237:54818.483129,0.056631,54818.483193,54818.840895,54818.897527
R238:54818.569944,0.001672,54818.569989,54818.897583,54818.899255
R239:54818.580267,0.057874,54818.588158,54818.899266,54818.957140
R240:54818.586209,0.048242,54818.588170,54818.957209,54819.005452
R241:54818.599032,0.041947,54818.606976,54819.005528,54819.047492
R242:54818.663047,0.000286,54818.663106,54819.047538,54819.047824
R243:54818.663375,0.015161,54818.700281,54819.047831,54819.062993
R244:54818.682608,0.097440,54818.700284,54819.063014,54819.160455
R245:54818.738742,0.020878,54818.741120,54819.160510,54819.184748
R246:54818.749360,0.105602,54818.749419,54819.184831,54819.290434
R247:54818.807443,0.018788,54818.807494,54819.290493,54819.309281
R248:54818.863338,0.010306,54818.863392,54819.309309,54819.319616
R249:54818.978355,0.035005,54818.978409,54819.319645,54819.354650
R250:54818.988493,0.056297,54819.005515,54819.355586,54819.411884
R251:54819.082569,0.010605,54819.082612,54819.411951,54819.422557
R252:54819.215139,0.061220,54819.215201,54819.422629,54819.483850
R253:54819.243775,0.039637,54819.257712,54819.483907,54819.523545
R254:54819.352574,0.134770,54819.352623,54819.523668,54819.664021
R255:54819.424827,0.130575,54819.424869,54819.664111,54819.794687
R256:54819.440498,0.135468,54819.465214,54819.794757,54819.930842
R257:54819.484685,0.040212,54819.484713,54819.930900,54819.971120
R258:54819.522280,0.080383,54819.523652,54819.971178,54820.051563
R259:54819.671537,0.045131,54819.671598,54820.051614,54820.096746
R260:54819.761151,0.268009,54819.761212,54820.096803,54820.364813
R261:54819.821558,0.019618,54819.821610,54820.364884,54820.384503
R262:54819.984872,0.044477,54819.984924,54820.384566,54820.429044
R263:54820.094553,0.071215,54820.094608,54820.429218,54820.500470
R264:54820.148506,0.079215,54820.149229,54820.500562,54820.589820
R265:54820.228280,0.046365,54820.228358,54820.589879,54820.636250
R266:54820.244808,0.009133,54820.244868,54820.636312,54820.645446
R267:54820.278625,0.100156,54820.278684,54820.645497,54820.745654
R268:54820.362370,0.054594,54820.362449,54820.745700,54820.800295
R269:54820.471361,0.047335,54820.471451,54820.800349,54820.847686
R270:54820.499793,0.051867,54820.500544,54820.847786,54820.899653
R271:54820.547883,0.008029,54820.547926,54820.899710,54820.907739
R272:54820.593638,0.001676,54820.593766,54820.907769,54820.909446
R273:54820.639693,0.036506,54820.639741,54820.909472,54820.945979
R274:54820.703370,0.036185,54820.703421,54820.946008,54820.982210
R275:54820.798497,0.033649,54820.798598,54820.982536,54821.016186
R276:54820.805820,0.002486,54820.805870,54821.016302,54821.018788
R277:54820.844320,0.024279,54820.847768,54821.018852,54821.043132
R278:54820.933467,0.030085,54820.933524,54821.043165,54821.073281
R279:54820.987277,0.026643,54820.987330,54821.073317,54821.099961
R280:54820.995850,0.026108,54821.016284,54821.100238,54821.126347
R281:54821.011169,0.063221,54821.016287,54821.126424,54821.189645
R282:54821.012509,0.083818,54821.016289,54821.189679,54821.273498
R283:54821.057837,0.029597,54821.057887,54821.273550,54821.303147
R284:54821.104273,0.266592,54821.104312,54821.303177,54821.569770
R285:54821.138975,0.003858,54821.139025,54821.569829,54821.573688
R286:54821.142510,0.045476,54821.179286,54821.573701,54821.619177
R287:54821.196532,0.012409,54821.196556,54821.619229,54821.631639
R288:54821.210016,0.128532,54821.238139,54821.631676,54821.760231
R289:54821.262573,0.031074,54821.262606,54821.760289,54821.791364
R290:54821.333179,0.095052,54821.333231,54821.791384,54821.886437
R291:54821.363814,0.148709,54821.374334,54821.886507,54822.035217
R292:54821.524676,0.072839,54821.524735,54822.035269,54822.108110
R293:54821.645936,0.038474,54821.645982,54822.108318,54822.146793
R294:54821.668217,0.032461,54821.668328,54822.146812,54822.179274
R295:54821.681725,0.031384,54821.681769,54822.179320,54822.210704
R296:54821.839520,0.170984,54821.839549,54822.210731,54822.381715
R297:54821.953531,0.030628,54821.953605,54822.381779,54822.412442
R298:54821.964884,0.072717,54821.964976,54822.412477,54822.485218
R299:54822.045283,0.014892,54822.045393,54822.485286,54822.500203
R300:54822.169856,0.165529,54822.169904,54822.500244,54822.665773
R301:54822.246096,0.025740,54822.246123,54822.665835,54822.691591
R302:54822.267809,0.040422,54822.288200,54822.691617,54822.732041
R303:54822.312086,0.010600,54822.313257,54822.732113,54822.742714
R304:54822.365858,0.022323,54822.365937,54822.742745,54822.765068
R305:54822.400867,0.124159,54822.400903,54822.765095,54822.889254
R306:54822.457368,0.046639,54822.457457,54822.889302,54822.935951
R307:54822.470356,0.005814,54822.485274,54822.935979,54822.941794
R308:54822.577002,0.011095,54822.577136,54822.941818,54822.952914
R309:54822.602983,0.044909,54822.619224,54822.952945,54822.997855
R310:54822.658067,0.045359,54822.658105,54822.997892,54823.043252
R311:54822.717729,0.041148,54822.717834,54823.043278,54823.084434
R312:54822.721865,0.013895,54822.732100,54823.085118,54823.099014
R313:54822.766067,0.021068,54822.766191,54823.099067,54823.120136
R314:54822.767592,0.128649,54822.767650,54823.120170,54823.250403
R315:54822.769013,0.073633,54822.808305,54823.250528,54823.324162
R316:54822.818254,0.135357,54822.818437,54823.324225,54823.459583
R317:54822.933569,0.029709,54822.933723,54823.459642,54823.489351
R318:54822.944219,0.079294,54822.944246,54823.489390,54823.568684
R319:54822.980158,0.168604,54822.980261,54823.568731,54823.737335
R320:54823.034446,0.017328,54823.034472,54823.737395,54823.754724
R321:54823.043500,0.022788,54823.043519,54823.754768,54823.777556
R322:54823.156146,0.068844,54823.156203,54823.777586,54823.846431
R323:54823.283481,0.015941,54823.283531,54823.846482,54823.862423
R324:54823.330221,0.006524,54823.330267,54823.862464,54823.868989
R325:54823.484798,0.048801,54823.484850,54823.869015,54823.917817
R326:54823.590857,0.129207,54823.590971,54823.917896,54824.047104
R327:54823.657929,0.016584,54823.657966,54824.047164,54824.063749
R328:54823.669241,0.011344,54823.669412,54824.063767,54824.075111
R329:54823.679340,0.009694,54823.679383,54824.075128,54824.084822
R330:54823.732198,0.012910,54823.732251,54824.084852,54824.097762
R331:54823.739942,0.000698,54823.739978,54824.097787,54824.098485
R332:54823.894944,0.006391,54823.894970,54824.098491,54824.104883
R333:54823.904628,0.052284,54823.917883,54824.104908,54824.157193
R334:54823.937604,0.005316,54823.959263,54824.157244,54824.162560
R335:54824.068008,0.003658,54824.068090,54824.162579,54824.166238
R336:54824.119142,0.034302,54824.119258,54824.166245,54824.200548
R337:54824.145978,0.017349,54824.157253,54824.200584,54824.217933
R338:54824.176628,0.121743,54824.176748,54824.217963,54824.339707
R339:54824.191542,0.010580,54824.191653,54824.339783,54824.350364
R340:54824.235688,0.028268,54824.235849,54824.350384,54824.378653
R341:54824.238244,0.069996,54824.238390,54824.378742,54824.448738
R342:54824.328229,0.309983,54824.328362,54824.448790,54824.758775
R343:54824.351614,0.037069,54824.351702,54824.758830,54824.795900
R344:54824.353676,0.054205,54824.353717,54824.795956,54824.850162
R345:54824.365669,0.019846,54824.378727,54824.850371,54824.870218
R346:54824.429072,0.052024,54824.429118,54824.870251,54824.922288
R347:54824.545089,0.002574,54824.545134,54824.922352,54824.924926
R348:54824.567493,0.081311,54824.585265,54824.924948,54825.006260
R349:54824.644318,0.057273,54824.644454,54825.006349,54825.063623
R350:54824.707662,0.018767,54824.707708,54825.063693,54825.082461
R351:54824.831219,0.017686,54824.831286,54825.082522,54825.100224
R352:54824.904840,0.010478,54824.904889,54825.100252,54825.110731
R353:54824.992211,0.002746,54824.992258,54825.110752,54825.113499
R354:54825.039394,0.008556,54825.039443,54825.113522,54825.122078
R355:54825.045120,0.007319,54825.063680,54825.122106,54825.129426
R356:54825.059918,0.002990,54825.063683,54825.129453,54825.132444
R357:54825.106809,0.145479,54825.106885,54825.132462,54825.277942
R358:54825.222908,0.129660,54825.222950,54825.278002,54825.407696
R359:54825.226070,0.014851,54825.263104,54825.407747,54825.422599
R360:54825.259460,0.009246,54825.263113,54825.422627,54825.431874
R361:54825.306115,0.032347,54825.306161,54825.431906,54825.464253
R362:54825.352450,0.130230,54825.352485,54825.464278,54825.594508
R363:54825.441535,0.043644,54825.441732,54825.594539,54825.638183
R364:54825.481187,0.012760,54825.481239,54825.638238,54825.651039
R365:54825.550101,0.050199,54825.550173,54825.651055,54825.701255
R366:54825.566381,0.000840,54825.592158,54825.701309,54825.702157
R367:54825.607101,0.021351,54825.607135,54825.702173,54825.723525
R368:54825.748313,0.036973,54825.748366,54825.748392,54825.785366
R369:54825.760548,0.018348,54825.785433,54825.785446,54825.803799
R370:54825.787567,0.051801,54825.803838,54825.803842,54825.856369
R371:54825.847595,0.015669,54825.847651,54825.856434,54825.872103
R372:54825.878552,0.020240,54825.878696,54825.878709,54825.898950
R373:54825.942634,0.071191,54825.943289,54825.943298,54826.015974
R374:54825.955502,0.057533,54825.984175,54826.016048,54826.073582
R375:54825.971269,0.093256,54825.984179,54826.074779,54826.168036
R376:54825.972197,0.045910,54825.984184,54826.168106,54826.214017
R377:54826.073870,0.055125,54826.073901,54826.214068,54826.269194
R378:54826.095795,0.094194,54826.115322,54826.269252,54826.363446
R379:54826.136061,0.014801,54826.136118,54826.363561,54826.378363
R380:54826.152747,0.036117,54826.152794,54826.378399,54826.414517
R381:54826.157002,0.047262,54826.157060,54826.414580,54826.461842
R382:54826.273347,0.086111,54826.273390,54826.461918,54826.548034
R383:54826.313335,0.066732,54826.314133,54826.548148,54826.614881
R384:54826.481590,0.022310,54826.481638,54826.614931,54826.637242
R385:54826.504209,0.001208,54826.504261,54826.637316,54826.638525
R386:54826.507195,0.033399,54826.507253,54826.638546,54826.671974
R387:54826.507919,0.061595,54826.507997,54826.672157,54826.733753
R388:54826.526627,0.035404,54826.526679,54826.733809,54826.769214
R389:54826.617380,0.004074,54826.617507,54826.769262,54826.773338
R390:54826.651054,0.033048,54826.651230,54826.773400,54826.806449
R391:54826.662774,0.002218,54826.662813,54826.806546,54826.808825
R392:54826.798380,0.014042,54826.798418,54826.808873,54826.822917
R393:54826.803381,0.047240,54826.806530,54826.822940,54826.870180
R394:54826.869212,0.162940,54826.869255,54826.870210,54827.033150
R395:54826.874995,0.009082,54826.875055,54827.033204,54827.042297
R396:54826.982152,0.070793,54826.982229,54827.042333,54827.113126
R397:54827.016788,0.000350,54827.016868,54827.113205,54827.113556
R398:54827.096539,0.066678,54827.096705,54827.113569,54827.180247
R399:54827.144103,0.127920,54827.144155,54827.180273,54827.308220
R400:54827.216433,0.077474,54827.216535,54827.308278,54827.385753
R401:54827.222300,0.005350,54827.257184,54827.385804,54827.398220
R402:54827.376469,0.013677,54827.376825,54827.398265,54827.411943
R403:54827.393815,0.004993,54827.393865,54827.411967,54827.416961
R404:54827.481647,0.016232,54827.481683,54827.481744,54827.498017
R405:54827.554212,0.138801,54827.554317,54827.555064,54827.693866
R406:54827.564473,0.005084,54827.595111,54827.693928,54827.699013
R407:54827.639827,0.093305,54827.639864,54827.699112,54827.792418
R408:54827.848823,0.058958,54827.848879,54827.851473,54827.910432
R409:54827.870963,0.028493,54827.871027,54827.910496,54827.938990
R410:54827.903227,0.019577,54827.903284,54827.939092,54827.958670
R411:54827.959219,0.006962,54827.959236,54827.959448,54827.966411
R412:54828.007675,0.023741,54828.007718,54828.008294,54828.034320
R413:54828.012276,0.053922,54828.034365,54828.034380,54828.088304
R414:54828.020119,0.106299,54828.034367,54828.088428,54828.194727
R415:54828.026575,0.011841,54828.034369,54828.194793,54828.206946
R416:54828.072904,0.037633,54828.077439,54828.207028,54828.244661
R417:54828.134121,0.143430,54828.134169,54828.244725,54828.388184
R418:54828.154748,0.006510,54828.175163,54828.388243,54828.394754
R419:54828.233817,0.036174,54828.233883,54828.394782,54828.430957
R420:54828.236655,0.011885,54828.244713,54828.430985,54828.444457
R421:54828.264252,0.008727,54828.285382,54828.444483,54828.453211
R422:54828.296515,0.028437,54828.296634,54828.453232,54828.481670
R423:54828.317146,0.052461,54828.317293,54828.481725,54828.534186
R424:54828.317878,0.030990,54828.317897,54828.534219,54828.565210
R425:54828.325692,0.075763,54828.325750,54828.565312,54828.641076
R426:54828.330831,0.057708,54828.330895,54828.641307,54828.699016
R427:54828.412395,0.100945,54828.412455,54828.699066,54828.800025
R428:54828.539477,0.002417,54828.539577,54828.800116,54828.802533
R429:54828.543908,0.009748,54828.565299,54828.802557,54828.812305
R430:54828.583713,0.005800,54828.607553,54828.812336,54828.818137
R431:54828.726942,0.045341,54828.726991,54828.818203,54828.863544
R432:54828.753415,0.060255,54828.767193,54828.863627,54828.923883
R433:54828.807750,0.026096,54828.807838,54828.923949,54828.950046
R434:54828.849594,0.043099,54828.849613,54828.950108,54828.993208
R435:54828.941233,0.012534,54828.941296,54828.993252,54829.005786
R436:54829.075605,0.023436,54829.075662,54829.075788,54829.099225
R437:54829.158007,0.005129,54829.158098,54829.158933,54829.164062
R438:54829.183537,0.024496,54829.183586,54829.184005,54829.208502
R439:54829.270496,0.136042,54829.270560,54829.271326,54829.407370
R440:54829.343061,0.089030,54829.343111,54829.407426,54829.496456
R441:54829.442892,0.050421,54829.442935,54829.496507,54829.546928
R442:54829.509629,0.048996,54829.509681,54829.546980,54829.595977
R443:54829.548402,0.043234,54829.548594,54829.596025,54829.639260
R444:54829.585582,0.001496,54829.590119,54829.639308,54829.640804
R445:54829.644541,0.045778,54829.644661,54829.644784,54829.690563
R446:54829.719188,0.007771,54829.719308,54829.719995,54829.728403
R447:54829.728222,0.075121,54829.728398,54829.728801,54829.803923
R448:54829.740108,0.066460,54829.740167,54829.803972,54829.870433
R449:54829.838955,0.054937,54829.839046,54829.870494,54829.925511
R450:54829.851666,0.005579,54829.851829,54829.925568,54829.931186
R451:54829.873164,0.005392,54829.873202,54829.931207,54829.936600
R452:54829.989188,0.015757,54829.989259,54829.989855,54830.005614
R453:54830.023856,0.016965,54830.023916,54830.025302,54830.042269
R454:54830.035671,0.146874,54830.042301,54830.042608,54830.189483
R455:54830.092139,0.035354,54830.092179,54830.189524,54830.224879
R456:54830.105484,0.137717,54830.105531,54830.224939,54830.362657
R457:54830.185043,0.017450,54830.185074,54830.362739,54830.380189
R458:54830.193341,0.051714,54830.193362,54830.380211,54830.431926
R459:54830.237468,0.013254,54830.237523,54830.431965,54830.445219
R460:54830.346876,0.049626,54830.346942,54830.445248,54830.494875
R461:54830.406541,0.083831,54830.406573,54830.494908,54830.578740
R462:54830.500807,0.001443,54830.500831,54830.578798,54830.580242
R463:54830.579398,0.048062,54830.579429,54830.580280,54830.628342
R464:54830.627633,0.074457,54830.627676,54830.628419,54830.702876
R465:54830.704341,0.003993,54830.704407,54830.704484,54830.708477
R466:54830.722531,0.009481,54830.722588,54830.723117,54830.732598
R467:54830.834332,0.022298,54830.834384,54830.834404,54830.856702
R468:54830.844820,0.023798,54830.856769,54830.856791,54830.880590
R469:54830.875709,0.005306,54830.880626,54830.880676,54830.885983
R470:54830.930655,0.101796,54830.930708,54830.931216,54831.033014
R471:54830.951513,0.005500,54830.971289,54831.033091,54831.038594
R472:54831.000817,0.069259,54831.000858,54831.038618,54831.107877
R473:54831.087471,0.022848,54831.087511,54831.107934,54831.130783
R474:54831.114401,0.015886,54831.114425,54831.130816,54831.146702
R475:54831.140993,0.003534,54831.141018,54831.146739,54831.150274
R476:54831.189250,0.028299,54831.189276,54831.189641,54831.217941
R477:54831.311343,0.056173,54831.311387,54831.311821,54831.367996
R478:54831.423584,0.031899,54831.423636,54831.424088,54831.455988
R479:54831.456149,0.012707,54831.456167,54831.456608,54831.469316
R480:54831.474423,0.042986,54831.474459,54831.475104,54831.518092
R481:54831.489377,0.006738,54831.515179,54831.518182,54831.524921
R482:54831.508299,0.032711,54831.515190,54831.524946,54831.557658
R483:54831.581209,0.010690,54831.581268,54831.581376,54831.592067
R484:54831.616376,0.007158,54831.616419,54831.616891,54831.624050
R485:54831.719540,0.010202,54831.719590,54831.720028,54831.730248
R486:54831.737942,0.115517,54831.738022,54831.739467,54831.854985
R487:54831.738333,0.082674,54831.779275,54831.855040,54831.937714
R488:54831.756320,0.058162,54831.779287,54831.937771,54831.995933
R489:54831.811710,0.002288,54831.811769,54831.995973,54831.998262
R490:54831.821984,0.074596,54831.822060,54831.998341,54832.072937
R491:54831.991811,0.098759,54831.991841,54832.072980,54832.171740
R492:54831.998811,0.257460,54831.998829,54832.171798,54832.429259
R493:54832.011629,0.055117,54832.039304,54832.429310,54832.484429
R494:54832.052581,0.088172,54832.052690,54832.484464,54832.572645
R495:54832.086209,0.062223,54832.086246,54832.572712,54832.634935
R496:54832.204144,0.010752,54832.204188,54832.634969,54832.645736
R497:54832.231934,0.008404,54832.231984,54832.645763,54832.654167
R498:54832.328011,0.019567,54832.328091,54832.654197,54832.673765
R499:54832.387460,0.038019,54832.387596,54832.674276,54832.712296
R500:54832.410552,0.051134,54832.410595,54832.712353,54832.763497
R501:54832.443515,0.030816,54832.443543,54832.763566,54832.794383
R502:54832.510969,0.000293,54832.511002,54832.794417,54832.794711
R503:54832.553214,0.010637,54832.553238,54832.794829,54832.805466
R504:54832.570586,0.029358,54832.570642,54832.805486,54832.834845
R505:54832.634319,0.052934,54832.634360,54832.834864,54832.887798
R506:54832.649631,0.021487,54832.649666,54832.887833,54832.909321
R507:54832.663532,0.027792,54832.663557,54832.909369,54832.937162
R508:54832.702729,0.002589,54832.702771,54832.937198,54832.939788
R509:54832.726072,0.082867,54832.726118,54832.939805,54833.022673
R510:54832.732477,0.215788,54832.763555,54833.022744,54833.238532
R511:54832.844205,0.016723,54832.844231,54833.238563,54833.255287
R512:54832.883622,0.022256,54832.885105,54833.255313,54833.277569
R513:54832.894889,0.096134,54832.895119,54833.277590,54833.373809
R514:54832.926604,0.077133,54832.926656,54833.373871,54833.451004
R515:54832.988082,0.007561,54832.988118,54833.451033,54833.458595
R516:54833.015238,0.005457,54833.022731,54833.458623,54833.464190
R517:54833.045287,0.171625,54833.063264,54833.464205,54833.635830
R518:54833.094082,0.101662,54833.094116,54833.635869,54833.737532
R519:54833.100752,0.081127,54833.100817,54833.737577,54833.818705
R520:54833.110515,0.025183,54833.110658,54833.818774,54833.843957
R521:54833.130984,0.038001,54833.131068,54833.844024,54833.882063
R522:54833.164177,0.175398,54833.164231,54833.882141,54834.057545
R523:54833.237521,0.004635,54833.237572,54834.057600,54834.062236
R524:54833.406508,0.002727,54833.406548,54834.062261,54834.064988
R525:54833.408406,0.114890,54833.448329,54834.064994,54834.179885
R526:54833.529639,0.027163,54833.529688,54834.179953,54834.207116
R527:54833.532826,0.012414,54833.570287,54834.207160,54834.219574
R528:54833.544200,0.048748,54833.570295,54834.219600,54834.268349
R529:54833.624839,0.030947,54833.624897,54834.268406,54834.299355
R530:54833.630579,0.030803,54833.630639,54834.299401,54834.330205
R531:54833.659735,0.090252,54833.659785,54834.330288,54834.420541
R532:54833.709533,0.011297,54833.709580,54834.420599,54834.431897
R533:54833.754375,0.055823,54833.754431,54834.431953,54834.487815
R534:54833.841771,0.164239,54833.841901,54834.487846,54834.652086
R535:54833.847204,0.024267,54833.847235,54834.652139,54834.676407
R536:54833.882570,0.133577,54833.882604,54834.676464,54834.810047
R537:54833.907762,0.005449,54833.923232,54834.810083,54834.815532
R538:54834.039516,0.104214,54834.039572,54834.815594,54834.919809
R539:54834.162640,0.127172,54834.162678,54834.919860,54835.047033
R540:54834.175101,0.004697,54834.179940,54835.047069,54835.051766
R541:54834.315397,0.172722,54834.315444,54835.051797,54835.224520
R542:54834.407172,0.000237,54834.407225,54835.224576,54835.224813
R543:54834.445147,0.016927,54834.445275,54835.224816,54835.241744
R544:54834.456930,0.015183,54834.486839,54835.241769,54835.256953
R545:54834.509751,0.001859,54834.509793,54835.256995,54835.258855
R546:54834.584101,0.021578,54834.584192,54835.258885,54835.280464
R547:54834.653461,0.016784,54834.653507,54835.280539,54835.297324
R548:54834.762404,0.056236,54834.762471,54835.297350,54835.353586
R549:54834.805791,0.048916,54834.805825,54835.353645,54835.402562
R550:54834.973191,0.028359,54834.973443,54835.402591,54835.430951
R551:54835.028089,0.276595,54835.028416,54835.430995,54835.707591
R552:54835.030109,0.129794,54835.030140,54835.707652,54835.838067
R553:54835.054515,0.015369,54835.054536,54835.838134,54835.853504
R554:54835.060979,0.017199,54835.095193,54835.853644,54835.870844
R555:54835.146839,0.065411,54835.146948,54835.870914,54835.936326
R556:54835.158460,0.000349,54835.158519,54835.936385,54835.936734
R557:54835.184984,0.110142,54835.185062,54835.936751,54836.046894
R558:54835.249111,0.108729,54835.249140,54836.046976,54836.155706
R559:54835.250882,0.050971,54835.250905,54836.155768,54836.206740
R560:54835.262228,0.129766,54835.262281,54836.206801,54836.336578
R561:54835.271226,0.102031,54835.271264,54836.337095,54836.439136
R562:54835.331312,0.039673,54835.331358,54836.439186,54836.478859
R563:54835.350082,0.088194,54835.353633,54836.478887,54836.567082
R564:54835.360131,0.005991,54835.395209,54836.567173,54836.573165
R565:54835.374460,0.098587,54835.395215,54836.573807,54836.672394
R566:54835.407197,0.030925,54835.407234,54836.672468,54836.703394
R567:54835.449722,0.120127,54835.449758,54836.703455,54836.823583
R568:54835.553252,0.156304,54835.553297,54836.823635,54836.979941
R569:54835.581162,0.010394,54835.581253,54836.979993,54836.990387
R570:54835.591902,0.022327,54835.591936,54836.990399,54837.012727
R571:54835.608117,0.049427,54835.608157,54837.012744,54837.062172
R572:54835.740446,0.047789,54835.740550,54837.062204,54837.109994
R573:54835.766014,0.023805,54835.766062,54837.110066,54837.133872
R574:54835.805301,0.059223,54835.805395,54837.133924,54837.193148
R575:54835.843855,0.052500,54835.843900,54837.193229,54837.245731
R576:54835.847376,0.059158,54835.853628,54837.245797,54837.304979
R577:54835.899365,0.112858,54835.899658,54837.305009,54837.417868
R578:54835.939050,0.056246,54835.939338,54837.417929,54837.474215
R579:54835.954832,0.031218,54835.955023,54837.474255,54837.505473
R580:54836.023120,0.009719,54836.023213,54837.505498,54837.515233
R581:54836.105941,0.020324,54836.106316,54837.515247,54837.535572
R582:54836.127962,0.010045,54836.147258,54837.535625,54837.545671
R583:54836.182001,0.001244,54836.182444,54837.545711,54837.546955
R584:54836.198153,0.027035,54836.206787,54837.546980,54837.574016
R585:54836.206190,0.024330,54836.206790,54837.574042,54837.598372
R586:54836.219491,0.006944,54836.248101,54837.598406,54837.605350
R587:54836.299291,0.007830,54836.299334,54837.605361,54837.613191
R588:54836.300156,0.037810,54836.300179,54837.613205,54837.651016
R589:54836.373760,0.014184,54836.373872,54837.651048,54837.665232
R590:54836.413947,0.039016,54836.415112,54837.665259,54837.704276
R591:54836.428350,0.092931,54836.428534,54837.704325,54837.797257
R592:54836.548670,0.026993,54836.548697,54837.797305,54837.824299
R593:54836.563267,0.032394,54836.567157,54837.824348,54837.856743
R594:54836.634862,0.031129,54836.634941,54837.856766,54837.887896
R595:54836.640416,0.106316,54836.672455,54837.887941,54837.994258
R596:54836.790126,0.015491,54836.790170,54837.994292,54838.009783
R597:54836.844376,0.016287,54836.844409,54838.009821,54838.026108
R598:54836.857468,0.030649,54836.885307,54838.026158,54838.056808
R599:54836.889081,0.044159,54836.889099,54838.056828,54838.100989
R600:54836.908462,0.036165,54836.908503,54838.101016,54838.137182
R601:54837.018906,0.053031,54837.018945,54838.137251,54838.190283
R602:54837.207713,0.209917,54837.207760,54838.190339,54838.400257
R603:54837.262877,0.024687,54837.262965,54838.400341,54838.425030
R604:54837.348277,0.019464,54837.348325,54838.425053,54838.444518
R605:54837.387285,0.067387,54837.387381,54838.444539,54838.511927
R606:54837.441546,0.038148,54837.441584,54838.512077,54838.550225
R607:54837.546841,0.005247,54837.546867,54838.550259,54838.555507
R608:54837.593128,0.019560,54837.593152,54838.555515,54838.575075
R609:54837.752519,0.002217,54837.752547,54838.575107,54838.577325
R610:54837.797871,0.036462,54837.798212,54838.577342,54838.613804
R611:54837.880277,0.027869,54837.880386,54838.613828,54838.641698
R612:54838.016195,0.007474,54838.016214,54838.641754,54838.649229
R613:54838.097481,0.013235,54838.097522,54838.649270,54838.662506
R614:54838.162390,0.000396,54838.162448,54838.662585,54838.662981
R615:54838.210964,0.032032,54838.211307,54838.662996,54838.695029
R616:54838.301921,0.078252,54838.302108,54838.695097,54838.773350
R617:54838.341793,0.009151,54838.341886,54838.773403,54838.782554
R618:54838.349106,0.129855,54838.349391,54838.782574,54838.912430
R619:54838.428610,0.017225,54838.428676,54838.912509,54838.929735
R620:54838.471609,0.010757,54838.471648,54838.929775,54838.940532
R621:54838.487179,0.005948,54838.512134,54838.940627,54838.946576
R622:54838.488950,0.047842,54838.512137,54838.946601,54838.994443
R623:54838.557422,0.056685,54838.557997,54838.994934,54839.051620
R624:54838.570931,0.077621,54838.570964,54839.051727,54839.129349
R625:54838.719617,0.064886,54838.719669,54839.129405,54839.194292
R626:54838.788186,0.051873,54838.788228,54839.194325,54839.246198
R627:54838.808679,0.004723,54838.808715,54839.246258,54839.250982
R628:54838.818613,0.098107,54838.850460,54839.251012,54839.349120
R629:54838.900606,0.024031,54838.900645,54839.349188,54839.373235
R630:54838.922010,0.007646,54838.922139,54839.373265,54839.380911
R631:54839.029480,0.024719,54839.029579,54839.380943,54839.405663
R632:54839.131693,0.199373,54839.131739,54839.405812,54839.605186
R633:54839.274679,0.061656,54839.274910,54839.605214,54839.666870
R634:54839.318759,0.006063,54839.318820,54839.666903,54839.672967
R635:54839.445038,0.008417,54839.445196,54839.672996,54839.681414
R636:54839.445303,0.001608,54839.487186,54839.681433,54839.683041
R637:54839.464888,0.001783,54839.487190,54839.683047,54839.684831
R638:54839.481457,0.032588,54839.487198,54839.684838,54839.717432
R639:54839.537078,0.044239,54839.537185,54839.717463,54839.761703
R640:54839.603173,0.028523,54839.603206,54839.761797,54839.790322
R641:54839.619804,0.042563,54839.619854,54839.790376,54839.832939
R642:54839.640219,0.031573,54839.661261,54839.833032,54839.864606
R643:54839.645289,0.100077,54839.661268,54839.864662,54839.964740
R644:54839.702984,0.213244,54839.703276,54839.964790,54840.178034
R645:54839.724549,0.010842,54839.724603,54840.178105,54840.188949
R646:54839.739728,0.005330,54839.739773,54840.188976,54840.194347
R647:54839.747210,0.003118,54839.761942,54840.194366,54840.197485
R648:54839.793844,0.007674,54839.793875,54840.197499,54840.205174
R649:54839.799067,0.228016,54839.833333,54840.205189,54840.433206
R650:54839.877163,0.073293,54839.877217,54840.433260,54840.506553
R651:54839.893711,0.041535,54839.919315,54840.506636,54840.548172
R652:54839.902326,0.026513,54839.919322,54840.548216,54840.574729
R653:54839.988104,0.029740,54839.988155,54840.574769,54840.604509
R654:54840.037365,0.018734,54840.037477,54840.604525,54840.623259
R655:54840.154607,0.008572,54840.154654,54840.623321,54840.631895
R656:54840.157212,0.021506,54840.157336,54840.631954,54840.653460
R657:54840.230675,0.087901,54840.230783,54840.653494,54840.741398
R658:54840.300811,0.025038,54840.300937,54840.741441,54840.766494
R659:54840.391372,0.007855,54840.391421,54840.766555,54840.774411
R660:54840.454158,0.139814,54840.454201,54840.774526,54840.914341
R661:54840.480333,0.035425,54840.480388,54840.914368,54840.949794
R662:54840.503446,0.129726,54840.503742,54840.949855,54841.079582
R663:54840.506651,0.006543,54840.506675,54841.079639,54841.086183
R664:54840.551779,0.020560,54840.551823,54841.086229,54841.106790
R665:54840.556360,0.019585,54840.556383,54841.106848,54841.126434
R666:54840.563778,0.014831,54840.563825,54841.126501,54841.141333
R667:54840.571191,0.118783,54840.571243,54841.141365,54841.260149
R668:54840.687693,0.033436,54840.687745,54841.260217,54841.293654
R669:54840.746556,0.040895,54840.746581,54841.293682,54841.334578
R670:54840.769835,0.024788,54840.769865,54841.334628,54841.359416
R671:54840.854964,0.039633,54840.855004,54841.359470,54841.399122
R672:54840.921596,0.029609,54840.921645,54841.399173,54841.428783
R673:54840.993215,0.040845,54840.993277,54841.428843,54841.469688
R674:54841.019512,0.003492,54841.033739,54841.469770,54841.473262
R675:54841.117262,0.012467,54841.117311,54841.473301,54841.485769
R676:54841.182055,0.002244,54841.182097,54841.485797,54841.488042
R677:54841.182705,0.002381,54841.223005,54841.488052,54841.490434
R678:54841.252561,0.017575,54841.252628,54841.490439,54841.508015
R679:54841.436471,0.001876,54841.436530,54841.508094,54841.509970
R680:54841.446616,0.016521,54841.470301,54841.509981,54841.526503
R681:54841.499517,0.067314,54841.499577,54841.526529,54841.593844
R682:54841.523232,0.014335,54841.523368,54841.593903,54841.608239
R683:54841.564651,0.011551,54841.564934,54841.608267,54841.619819
R684:54841.620129,0.000111,54841.620172,54841.620369,54841.620480
R685:54841.690782,0.038505,54841.690918,54841.691326,54841.729832
R686:54841.767257,0.032805,54841.767305,54841.767430,54841.800320
R687:54841.793749,0.007167,54841.800446,54841.800484,54841.807664
R688:54841.798572,0.030751,54841.800474,54841.807783,54841.838534
R689:54841.937128,0.073225,54841.937183,54841.937302,54842.010532
R690:54841.999315,0.025152,54841.999389,54842.010561,54842.035714
R691:54842.038854,0.038098,54842.038888,54842.039031,54842.077131
R692:54842.278708,0.063253,54842.278751,54842.278798,54842.342093
R693:54842.311212,0.026248,54842.321488,54842.342251,54842.368499
R694:54842.356927,0.069104,54842.356990,54842.368663,54842.437768
R695:54842.360714,0.052160,54842.369345,54842.437828,54842.489989
R696:54842.391833,0.082033,54842.409235,54842.490040,54842.572113
R697:54842.394803,0.042010,54842.409241,54842.572215,54842.614226
R698:54842.420896,0.001745,54842.420966,54842.614298,54842.616044
R699:54842.424380,0.078586,54842.424410,54842.616070,54842.694658
R700:54842.503424,0.038781,54842.503462,54842.694734,54842.733997
R701:54842.505611,0.028072,54842.545148,54842.734034,54842.762106
R702:54842.527319,0.026699,54842.545151,54842.762591,54842.789298
R703:54842.528602,0.148511,54842.545152,54842.789336,54842.937848
R704:54842.579212,0.014712,54842.579268,54842.937906,54842.952619
R705:54842.688274,0.025535,54842.688318,54842.952644,54842.978180
R706:54842.755350,0.061378,54842.755698,54842.978371,54843.039750
R707:54842.811599,0.004684,54842.811650,54843.039844,54843.044589
R708:54842.954338,0.035969,54842.954385,54843.044749,54843.080718
R709:54842.983747,0.028895,54842.983799,54843.080778,54843.118880
R710:54843.020544,0.143307,54843.020645,54843.118984,54843.262630
R711:54843.037245,0.017280,54843.040077,54843.262690,54843.280350
R712:54843.042780,0.032129,54843.045000,54843.280501,54843.312637
R713:54843.116343,0.081646,54843.116536,54843.312758,54843.394405
R714:54843.225606,0.050427,54843.225661,54843.394472,54843.444900
R715:54843.263799,0.039360,54843.263832,54843.444972,54843.484333
R716:54843.311954,0.130383,54843.312094,54843.484519,54843.614903
R717:54843.323396,0.010879,54843.323554,54843.614967,54843.626161
R718:54843.517931,0.038573,54843.517989,54843.626193,54843.664767
R719:54843.541398,0.011984,54843.541500,54843.664804,54843.676789
R720:54843.552504,0.098938,54843.552567,54843.676816,54843.775755
R721:54843.637780,0.029241,54843.637835,54843.775809,54843.805050
R722:54843.691468,0.039507,54843.691919,54843.805149,54843.844657
R723:54843.736306,0.252011,54843.736356,54843.844740,54844.096752
R724:54843.776656,0.001526,54843.776690,54844.096825,54844.098353
R725:54843.780171,0.019360,54843.805333,54844.098498,54844.124500
R726:54843.810218,0.036599,54843.844886,54844.124530,54844.161130
R727:54844.001520,0.064074,54844.001563,54844.161259,54844.225334
R728:54844.052933,0.032108,54844.052989,54844.225420,54844.257673
R729:54844.315469,0.034806,54844.315595,54844.315647,54844.350454
R730:54844.355012,0.006618,54844.355102,54844.356005,54844.362623
R731:54844.361262,0.016698,54844.362683,54844.362699,54844.379398
R732:54844.363853,0.001054,54844.379474,54844.379492,54844.380547
R733:54844.366626,0.024739,54844.379478,54844.380575,54844.405314
R734:54844.401111,0.048869,54844.401237,54844.405370,54844.454239
R735:54844.444357,0.021623,54844.444449,54844.454287,54844.475920
R736:54844.493289,0.012196,54844.493341,54844.493586,54844.505784
R737:54844.528660,0.002787,54844.529010,54844.529159,54844.531946
R738:54844.612279,0.019733,54844.612311,54844.612931,54844.632665
R739:54844.688306,0.086254,54844.688386,54844.689568,54844.775823
R740:54844.691096,0.032715,54844.730046,54844.775871,54844.808587
R741:54844.714346,0.019972,54844.730051,54844.808647,54844.828664
R742:54844.722575,0.070559,54844.730052,54844.828706,54844.899266
R743:54845.100723,0.243663,54845.100764,54845.100818,54845.348020
R744:54845.103647,0.043221,54845.147924,54845.348145,54845.391367
R745:54845.117495,0.020705,54845.147929,54845.391846,54845.412951
R746:54845.153419,0.038848,54845.153486,54845.413067,54845.451915
R747:54845.217421,0.069905,54845.217481,54845.452943,54845.530311
R748:54845.269099,0.005404,54845.269136,54845.530557,54845.536181
R749:54845.314486,0.006368,54845.314554,54845.536217,54845.552023
R750:54845.342088,0.068646,54845.342151,54845.552805,54845.621452
R751:54845.413271,0.011888,54845.413303,54845.622191,54845.639030
R752:54845.449870,0.015364,54845.452075,54845.639067,54845.654432
R753:54845.629659,0.064690,54845.639111,54845.654470,54845.720377
R754:54845.655529,0.018812,54845.655667,54845.720447,54845.739260
R755:54845.702798,0.146696,54845.702866,54845.739297,54845.885994
R756:54845.745266,0.058640,54845.745297,54845.886067,54845.944709
R757:54845.829250,0.078751,54845.829320,54845.944754,54846.023505
R758:54845.846648,0.019860,54845.846710,54846.023563,54846.043424
R759:54845.878017,0.056448,54845.878189,54846.043454,54846.099968
R760:54845.959972,0.016368,54845.960087,54846.100860,54846.117743
R761:54846.085146,0.046975,54846.085263,54846.117772,54846.164748
R762:54846.087154,0.050901,54846.087348,54846.164890,54846.215792
R763:54846.178093,0.023937,54846.178150,54846.215876,54846.239813
R764:54846.205165,0.035194,54846.215860,54846.239868,54846.275063
R765:54846.276522,0.031487,54846.284184,54846.284195,54846.315684
R766:54846.314506,0.176496,54846.314929,54846.315739,54846.492301
R767:54846.330268,0.012108,54846.330455,54846.492365,54846.511962
R768:54846.390476,0.144746,54846.390539,54846.511991,54846.656738
R769:54846.404887,0.087405,54846.405028,54846.656783,54846.744189
R770:54846.554433,0.033515,54846.554507,54846.744286,54846.777816
R771:54846.571200,0.002671,54846.571349,54846.777901,54846.780572
R772:54846.650581,0.002503,54846.650751,54846.780601,54846.784914
R773:54846.661402,0.049121,54846.661441,54846.784940,54846.834062
R774:54846.759666,0.049760,54846.759810,54846.834134,54846.883895
R775:54846.785049,0.016644,54846.788043,54846.883951,54846.900596
R776:54846.804387,0.019131,54846.804490,54846.900632,54846.919764
R777:54846.931094,0.065264,54846.932282,54846.932294,54846.997559
R778:54847.048564,0.014680,54847.048991,54847.049066,54847.063747
R779:54847.213809,0.059824,54847.214436,54847.214445,54847.275279
R780:54847.220052,0.046998,54847.254094,54847.275393,54847.322392
R781:54847.295189,0.000591,54847.295242,54847.322480,54847.323090
R782:54847.304810,0.092861,54847.322461,54847.323109,54847.416268
R783:54847.350542,0.084449,54847.350591,54847.416342,54847.500793
R784:54847.364302,0.009175,54847.391206,54847.500860,54847.510036
R785:54847.447291,0.002399,54847.447450,54847.510095,54847.512495
R786:54847.502607,0.026713,54847.502656,54847.512519,54847.539254
R787:54847.559619,0.090106,54847.559671,54847.559749,54847.649871
R788:54847.565355,0.143998,54847.600139,54847.649915,54847.793913
R789:54847.598186,0.091427,54847.600146,54847.793981,54847.885409
R790:54847.631116,0.071958,54847.631403,54847.885462,54847.957420
R791:54847.677060,0.033057,54847.677118,54847.957558,54847.990617
R792:54847.684439,0.000746,54847.717125,54847.990701,54847.991449
R793:54847.689332,0.001906,54847.717128,54847.991477,54847.993383
R794:54847.702394,0.019429,54847.717134,54847.993410,54848.012840
R795:54847.719316,0.001472,54847.719345,54848.012867,54848.014340
R796:54847.789566,0.115211,54847.789635,54848.014362,54848.129582
R797:54847.931763,0.035809,54847.931827,54848.129669,54848.165479
R798:54847.935537,0.015569,54847.958170,54848.165561,54848.181173
R799:54848.007565,0.038033,54848.007628,54848.181204,54848.219238
R800:54848.029603,0.171895,54848.029655,54848.219313,54848.391209
R801:54848.059905,0.004788,54848.060600,54848.391283,54848.396072
R802:54848.107078,0.056715,54848.107136,54848.396183,54848.452899
R803:54848.132574,0.093050,54848.132642,54848.452942,54848.545993
R804:54848.270113,0.024470,54848.270155,54848.546061,54848.570533
R805:54848.321485,0.010934,54848.321558,54848.570579,54848.581548
R806:54848.384230,0.082078,54848.384382,54848.581644,54848.663723
R807:54848.394833,0.013112,54848.394910,54848.663797,54848.683725
R808:54848.455860,0.111660,54848.455898,54848.683757,54848.795486
R809:54848.546792,0.004736,54848.546838,54848.796156,54848.800925
R810:54848.564430,0.000162,54848.564493,54848.800984,54848.801146
R811:54848.577497,0.007899,54848.577559,54848.801205,54848.809171
R812:54848.584594,0.008726,54848.584742,54848.809196,54848.826119
R813:54848.708822,0.052128,54848.708888,54848.826165,54848.878293
R814:54848.768434,0.207392,54848.768911,54848.878358,54849.085752
R815:54848.798377,0.099359,54848.798431,54849.085805,54849.185164
R816:54848.808968,0.071271,54848.810532,54849.185223,54849.256494
R817:54848.971508,0.020311,54848.971606,54849.256549,54849.276861
R818:54849.135178,0.106262,54849.135258,54849.276904,54849.383167
R819:54849.166957,0.003102,54849.167016,54849.383273,54849.386376
R820:54849.179821,0.099078,54849.179972,54849.386405,54849.485484
R821:54849.197569,0.027020,54849.197610,54849.485558,54849.512579
R822:54849.214124,0.138036,54849.239769,54849.512608,54849.650644
R823:54849.273542,0.033628,54849.273621,54849.650706,54849.684336
R824:54849.329729,0.123996,54849.329771,54849.684405,54849.817032
R825:54849.424201,0.002269,54849.424267,54849.817099,54849.819369
R826:54849.471186,0.060089,54849.471317,54849.819401,54849.879529
R827:54849.604868,0.086545,54849.604964,54849.879583,54849.966174
R828:54849.617284,0.094201,54849.646349,54849.966225,54850.060428
R829:54849.721280,0.016926,54849.721327,54850.060476,54850.077701
R830:54849.755624,0.052551,54849.768789,54850.077807,54850.132379
R831:54849.866379,0.076692,54849.866417,54850.132411,54850.209104
R832:54849.875133,0.005509,54849.879608,54850.209164,54850.214721
R833:54849.903831,0.094178,54849.919431,54850.214755,54850.308934
R834:54849.910538,0.017580,54849.919441,54850.308989,54850.326569
R835:54850.131396,0.014553,54850.131457,54850.326617,54850.341171
R836:54850.257158,0.008998,54850.257205,54850.341325,54850.350324
R837:54850.266968,0.087739,54850.297151,54850.350349,54850.438103
R838:54850.326485,0.019150,54850.326560,54850.438161,54850.457312
R839:54850.334086,0.133693,54850.334139,54850.457344,54850.591057
R840:54850.355619,0.113466,54850.355693,54850.591115,54850.704583
R841:54850.370285,0.008357,54850.370317,54850.704617,54850.712975
R842:54850.566350,0.009069,54850.566435,54850.713019,54850.722102
R843:54850.615240,0.030389,54850.615264,54850.722127,54850.752516
R844:54850.813832,0.029631,54850.813891,54850.814583,54850.844215
R845:54850.814690,0.093582,54850.814723,54850.844273,54850.937857
R846:54850.886211,0.111616,54850.886270,54850.937895,54851.049512
R847:54850.891720,0.035419,54850.927269,54851.049570,54851.084989
R848:54850.944155,0.069026,54850.944179,54851.085014,54851.154041
R849:54851.250920,0.200813,54851.250979,54851.251410,54851.452224
R850:54851.274181,0.015300,54851.274251,54851.452282,54851.467583
R851:54851.276726,0.011381,54851.276755,54851.467650,54851.479032
R852:54851.290877,0.117452,54851.290922,54851.479125,54851.596577
R853:54851.320668,0.037725,54851.320751,54851.596642,54851.634367
R854:54851.322655,0.021331,54851.322743,54851.634399,54851.655731
R855:54851.336223,0.030548,54851.336330,54851.655766,54851.686314
R856:54851.369952,0.028648,54851.370015,54851.686346,54851.714995
R857:54851.385332,0.091588,54851.385393,54851.715020,54851.806609
R858:54851.435740,0.044323,54851.435847,54851.806672,54851.850996
R859:54851.485098,0.047847,54851.485150,54851.851045,54851.898894
R860:54851.504969,0.001934,54851.526181,54851.898968,54851.900902
R861:54851.508540,0.007110,54851.526185,54851.900954,54851.908065
R862:54851.542487,0.004852,54851.542539,54851.908126,54851.912979
R863:54851.684276,0.131351,54851.684319,54851.913019,54852.044371
R864:54851.738721,0.271541,54851.738764,54852.044432,54852.315978
R865:54851.836658,0.108591,54851.836737,54852.316009,54852.424621
R866:54851.963515,0.007786,54851.963691,54852.424692,54852.432479
R867:54851.979682,0.058165,54852.004149,54852.432543,54852.490709
R868:54851.984778,0.006405,54852.004153,54852.490800,54852.497206
R869:54851.987549,0.015836,54852.004153,54852.497234,54852.513071
R870:54852.000695,0.056671,54852.004161,54852.513095,54852.569813
R871:54852.034054,0.062142,54852.034126,54852.573144,54852.635765
R872:54852.103119,0.020755,54852.103204,54852.635827,54852.656583
R873:54852.109986,0.062983,54852.143253,54852.656769,54852.728887
R874:54852.152761,0.093739,54852.152808,54852.728943,54852.823577
R875:54852.291391,0.164354,54852.291463,54852.823673,54852.988027
R876:54852.313266,0.079054,54852.313411,54852.988093,54853.067148
R877:54852.428210,0.084423,54852.429315,54853.067324,54853.151748
R878:54852.435906,0.066459,54852.436144,54853.151818,54853.218278
R879:54852.551872,0.065057,54852.551925,54853.218316,54853.295029
R880:54852.625854,0.052862,54852.625909,54853.295080,54853.348017
R881:54852.695616,0.231088,54852.695667,54853.348089,54853.579178
R882:54852.746189,0.060771,54852.746251,54853.579339,54853.653248
R883:54852.834843,0.093387,54852.834909,54853.653364,54853.746751
R884:54852.909759,0.112694,54852.909801,54853.746822,54853.859522
R885:54853.001248,0.017208,54853.001310,54853.859586,54853.876795
R886:54853.007917,0.093421,54853.007960,54853.876826,54853.981958
R887:54853.052830,0.058125,54853.052905,54853.982253,54854.040378
R888:54853.053237,0.040363,54853.053259,54854.040519,54854.080884
R889:54853.064752,0.005995,54853.064793,54854.080969,54854.086965
R890:54853.092497,0.066538,54853.092597,54854.087025,54854.153564
R891:54853.120191,0.016779,54853.133701,54854.153623,54854.170460
R892:54853.125118,0.009366,54853.133709,54854.170523,54854.179894
R893:54853.167817,0.026953,54853.167870,54854.179949,54854.207038
R894:54853.174054,0.092633,54853.208216,54854.207154,54854.299787
R895:54853.299218,0.050675,54853.299410,54854.299846,54854.350522
R896:54853.307719,0.071001,54853.341052,54854.350579,54854.421580
R897:54853.343841,0.017305,54853.343906,54854.421666,54854.438971
R898:54853.395912,0.018187,54853.395957,54854.439025,54854.457213
R899:54853.428632,0.016799,54853.436205,54854.457293,54854.474093
R900:54853.436854,0.014724,54853.436917,54854.474132,54854.488857
R901:54853.448932,0.074144,54853.448989,54854.488880,54854.563024
R902:54853.494520,0.043277,54853.494694,54854.563057,54854.606358
R903:54853.500958,0.016849,54853.501022,54854.606408,54854.623303
R904:54853.533731,0.099700,54853.533914,54854.623360,54854.723237
R905:54853.542367,0.038139,54853.542550,54854.723523,54854.761663
R906:54853.570656,0.032188,54853.570712,54854.761690,54854.793890
R907:54853.619785,0.006937,54853.619836,54854.793983,54854.801009
R908:54853.710088,0.125661,54853.710158,54854.801082,54854.926744
R909:54853.765275,0.040107,54853.765355,54854.926805,54854.966913
R910:54853.807923,0.058677,54853.808013,54854.966943,54855.025621
R911:54853.884134,0.014916,54853.884197,54855.025676,54855.040593
R912:54853.937257,0.084615,54853.937321,54855.040648,54855.125475
R913:54853.978452,0.120802,54853.979200,54855.125540,54855.246343
R914:54854.020927,0.058330,54854.020986,54855.246407,54855.307570
R915:54854.032647,0.019340,54854.040663,54855.307664,54855.327005
R916:54854.052311,0.074062,54854.080989,54855.327061,54855.401124
R917:54854.205762,0.002269,54854.205804,54855.401199,54855.403468
R918:54854.212296,0.040383,54854.212343,54855.403514,54855.443897
R919:54854.236182,0.033172,54854.253251,54855.443962,54855.477135
R920:54854.259312,0.065374,54854.259406,54855.477159,54855.542534
R921:54854.288954,0.000884,54854.289005,54855.542622,54855.543507
R922:54854.290642,0.090784,54854.290892,54855.543531,54855.634317
R923:54854.303346,0.094753,54854.303393,54855.634399,54855.729540
R924:54854.311853,0.059096,54854.344304,54855.729633,54855.788730
R925:54854.386456,0.036536,54854.386487,54855.788756,54855.825355
R926:54854.414434,0.044581,54854.421918,54855.825486,54855.870068
R927:54854.441354,0.089507,54854.441439,54855.870097,54855.959604
R928:54854.521342,0.019791,54854.521399,54855.959657,54855.979448
R929:54854.549854,0.037407,54854.562141,54855.979520,54856.016928
R930:54854.622114,0.140569,54854.622166,54856.016954,54856.157524
R931:54854.623477,0.159827,54854.623502,54856.157578,54856.317405
R932:54854.723195,0.141775,54854.723638,54856.317454,54856.459230
R933:54854.790417,0.003325,54854.790510,54856.459756,54856.463082
R934:54854.792391,0.020315,54854.794181,54856.463170,54856.483486
R935:54854.829728,0.122297,54854.829816,54856.483557,54856.605855
R936:54854.873611,0.041945,54854.873709,54856.605967,54856.647913
R937:54854.878784,0.015570,54854.878833,54856.648039,54856.663610
R938:54855.021271,0.004057,54855.021458,54856.663658,54856.667716
R939:54855.049766,0.008798,54855.049814,54856.667738,54856.676538
R940:54855.057271,0.036552,54855.090186,54856.676565,54856.713119
R941:54855.136603,0.008438,54855.136877,54856.713163,54856.721602
R942:54855.197217,0.030455,54855.197278,54856.721661,54856.752117
R943:54855.203903,0.036131,54855.203951,54856.752209,54856.788341
R944:54855.439612,0.065864,54855.439718,54856.788420,54856.854285
R945:54855.522178,0.080092,54855.522254,54856.854340,54856.934432
R946:54855.525213,0.109821,54855.542611,54856.934494,54857.044315
R947:54855.584200,0.024269,54855.584288,54857.044342,54857.068612
R948:54855.660323,0.071571,54855.660382,54857.068656,54857.140228
R949:54855.754989,0.019691,54855.755099,54857.140280,54857.159972
R950:54855.787095,0.314409,54855.787130,54857.159999,54857.474408
R951:54855.793863,0.008618,54855.793921,54857.474459,54857.483077
R952:54855.810483,0.009301,54855.825470,54857.483107,54857.492409
R953:54855.856310,0.177105,54855.866152,54857.492428,54857.669533
R954:54855.888653,0.039172,54855.888719,54857.669582,54857.708755
R955:54855.905218,0.000956,54855.938668,54857.708840,54857.709814
R956:54855.914369,0.083616,54855.938672,54857.709841,54857.793457
R957:54855.919370,0.009339,54855.938679,54857.793491,54857.802830
R958:54855.943653,0.008871,54855.944273,54857.802876,54857.811748
R959:54855.960971,0.002637,54855.960998,54857.811797,54857.814434
R960:54856.021899,0.064762,54856.022442,54857.814456,54857.879219
R961:54856.141711,0.041819,54856.142303,54857.879275,54857.921223
R962:54856.242400,0.046752,54856.242841,54857.921296,54857.968049
R963:54856.293188,0.029446,54856.293245,54857.968133,54857.997580
R964:54856.452764,0.025554,54856.452805,54857.997659,54858.028716
R965:54856.477465,0.031123,54856.478097,54858.028782,54858.059906
R966:54856.555819,0.000476,54856.555954,54858.059981,54858.060499
R967:54856.582944,0.166558,54856.596233,54858.060572,54858.230307
R968:54856.634372,0.002438,54856.634409,54858.230360,54858.232798
R969:54856.644961,0.027835,54856.647998,54858.232837,54858.260673
R970:54856.790349,0.003505,54856.790452,54858.260700,54858.264245
R971:54856.839471,0.052851,54856.839524,54858.264289,54858.317141
R972:54856.871745,0.048387,54856.871807,54858.317321,54858.365708
R973:54856.985401,0.008022,54856.985441,54858.365755,54858.373778
R974:54857.077823,0.035441,54857.078098,54858.373808,54858.409287
R975:54857.161001,0.056558,54857.161047,54858.409753,54858.466312
R976:54857.175437,0.002537,54857.175489,54858.466405,54858.468943
R977:54857.190517,0.094495,54857.216105,54858.469000,54858.566260
R978:54857.206134,0.010867,54857.216112,54858.566340,54858.577208
R979:54857.262645,0.001284,54857.262706,54858.577260,54858.578544
R980:54857.281106,0.003338,54857.281265,54858.578557,54858.581896
R981:54857.329020,0.253950,54857.329081,54858.581917,54858.835868
R982:54857.364456,0.005851,54857.364543,54858.835903,54858.841764
R983:54857.368805,0.014603,54857.368854,54858.841815,54858.856419
R984:54857.536232,0.111895,54857.536282,54858.856452,54858.968348
R985:54857.545732,0.069069,54857.545824,54858.968414,54859.037484
R986:54857.620308,0.006735,54857.620361,54859.037567,54859.044311
R987:54857.792315,0.091911,54857.792462,54859.044365,54859.136318
R988:54857.821424,0.012691,54857.821461,54859.136357,54859.149048
R989:54857.894630,0.037614,54857.894709,54859.149080,54859.186694
R990:54858.133612,0.010459,54858.133664,54859.186723,54859.197206
R991:54858.203439,0.168897,54858.203545,54859.197225,54859.366122
R992:54858.216127,0.029902,54858.216173,54859.366208,54859.396111
R993:54858.232177,0.112749,54858.232212,54859.396139,54859.508889
R994:54858.321937,0.005758,54858.321991,54859.508939,54859.514699
R995:54858.377724,0.013784,54858.377767,54859.515580,54859.529380
R996:54858.511417,0.026315,54858.511502,54859.529505,54859.555821
R997:54858.522701,0.014213,54858.552388,54859.555851,54859.570246
R998:54858.536973,0.010705,54858.552393,54859.570296,54859.581058
R999:54858.575713,0.056607,54858.575754,54859.581157,54859.637764
R1000:54858.613233,0.009977,54858.613595,54859.637832,54859.647810
R1001:54858.618596,0.002410,54858.618636,54859.647870,54859.650281
R1002:54858.648996,0.087927,54858.659108,54859.650330,54859.738270
R1003:54858.668944,0.002722,54858.669053,54859.738362,54859.741084
R1004:54858.784549,0.104819,54858.785348,54859.741111,54859.845930
R1005:54858.788316,0.076579,54858.788389,54859.845989,54859.923769
R1006:54858.834475,0.077495,54858.834954,54859.923853,54860.001349
R1007:54858.840471,0.018126,54858.840522,54860.001416,54860.020836
R1008:54858.913682,0.041561,54858.914490,54860.020942,54860.062509
R1009:54858.930888,0.107407,54858.954417,54860.062572,54860.172375
R1010:54858.942781,0.006373,54858.954425,54860.172441,54860.178815
R1011:54859.001808,0.093749,54859.001852,54860.178844,54860.272594
R1012:54859.008931,0.022232,54859.037550,54860.272686,54860.294919
R1013:54859.048656,0.002487,54859.049176,54860.294960,54860.297454
R1014:54859.054566,0.045166,54859.089133,54860.297478,54860.342645
R1015:54859.097690,0.050769,54859.098238,54860.342692,54860.393462
R1016:54859.167864,0.008280,54859.168758,54860.393503,54860.401783
R1017:54859.248519,0.004309,54859.248949,54860.401811,54860.406121
R1018:54859.309917,0.042521,54859.310426,54860.406198,54860.448719
R1019:54859.517291,0.001636,54859.517445,54860.448754,54860.450390
R1020:54859.525284,0.063155,54859.525469,54860.450514,54860.513710
R1021:54859.557208,0.036254,54859.557265,54860.513789,54860.550057
R1022:54859.648589,0.041699,54859.648860,54860.550104,54860.591803
R1023:54859.687440,0.067895,54859.687556,54860.591849,54860.659745
R1024:54859.778289,0.000959,54859.778411,54860.659821,54860.660783
R1025:54859.786336,0.081338,54859.786396,54860.660836,54860.742174
R1026:54859.838555,0.069382,54859.838630,54860.742333,54860.811716
R1027:54859.847115,0.055065,54859.847354,54860.811776,54860.866841
R1028:54859.903891,0.068158,54859.903949,54860.866891,54860.935050
R1029:54859.910413,0.054083,54859.910475,54860.935167,54860.989250
R1030:54859.980802,0.029195,54859.980854,54860.989368,54861.018564
R1031:54860.004526,0.006085,54860.004589,54861.018690,54861.024777
R1032:54860.029578,0.205211,54860.029648,54861.024828,54861.230039
R1033:54860.078520,0.042807,54860.078623,54861.230100,54861.272907
R1034:54860.091798,0.020226,54860.119268,54861.272988,54861.293295
R1035:54860.138344,0.000307,54860.138404,54861.293742,54861.294064
R1036:54860.188873,0.027528,54860.189059,54861.294079,54861.321608
R1037:54860.192930,0.040472,54860.192976,54861.321667,54861.362140
R1038:54860.232455,0.020899,54860.233113,54861.362195,54861.383095
R1039:54860.470779,0.006348,54860.470821,54861.383125,54861.389473
R1040:54860.489788,0.128714,54860.511274,54861.389492,54861.518237
R1041:54860.513562,0.034585,54860.513581,54861.518300,54861.552886
R1042:54860.648523,0.042518,54860.648549,54861.552917,54861.595436
R1043:54860.707943,0.076488,54860.708017,54861.595476,54861.671965
R1044:54860.718580,0.107248,54860.742657,54861.672018,54861.779267
R1045:54860.740268,0.053328,54860.742663,54861.779322,54861.832652
R1046:54860.772705,0.067949,54860.785188,54861.832712,54861.900662
R1047:54860.794268,0.126345,54860.794329,54861.900721,54862.027067
R1048:54860.872163,0.171431,54860.872229,54862.027126,54862.198558
R1049:54860.941168,0.016622,54860.941209,54862.198607,54862.215265
R1050:54860.978358,0.005417,54860.978422,54862.215289,54862.220708
R1051:54860.999290,0.021555,54860.999419,54862.220730,54862.242286
R1052:54861.019054,0.083245,54861.019092,54862.242305,54862.325551
R1053:54861.059631,0.036193,54861.059682,54862.325632,54862.361825
R1054:54861.184238,0.011332,54861.184313,54862.361865,54862.373197
R1055:54861.193399,0.035977,54861.193440,54862.373220,54862.409197
R1056:54861.247818,0.040710,54861.247946,54862.409772,54862.450482
R1057:54861.256542,0.080649,54861.273222,54862.450543,54862.531193
R1058:54861.257734,0.009870,54861.273224,54862.531290,54862.541161
R1059:54861.265595,0.029586,54861.273227,54862.541237,54862.570824
R1060:54861.312548,0.001446,54861.312630,54862.570876,54862.572323
R1061:54861.316744,0.024492,54861.316802,54862.572334,54862.596826
R1062:54861.322984,0.103116,54861.323070,54862.596854,54862.699970
R1063:54861.401365,0.034473,54861.401442,54862.700009,54862.734483
R1064:54861.421663,0.081142,54861.421716,54862.734525,54862.815668
R1065:54861.518846,0.007581,54861.518874,54862.815719,54862.823301
R1066:54861.598971,0.003626,54861.599003,54862.823325,54862.826951
R1067:54861.723875,0.028230,54861.724003,54862.826978,54862.855258
R1068:54861.761073,0.025208,54861.761120,54862.855285,54862.880494
R1069:54861.873621,0.001686,54861.873764,54862.880518,54862.882204
R1070:54862.028220,0.043479,54862.028248,54862.882263,54862.925743
R1071:54862.076537,0.064614,54862.076582,54862.925883,54862.990498
R1072:54862.118512,0.040876,54862.118567,54862.990574,54863.032127
R1073:54862.126931,0.015572,54862.126993,54863.032194,54863.047898
R1074:54862.167024,0.005837,54862.167213,54863.047977,54863.053865
R1075:54862.237814,0.080391,54862.238291,54863.053911,54863.134303
R1076:54862.304858,0.084823,54862.304903,54863.134365,54863.219189
R1077:54862.312987,0.120543,54862.325767,54863.219243,54863.339786
R1078:54862.324129,0.034092,54862.325770,54863.340395,54863.374488
R1079:54862.386262,0.037742,54862.386307,54863.374599,54863.412342
R1080:54862.414925,0.010499,54862.415006,54863.412442,54863.422942
R1081:54862.434877,0.011303,54862.434990,54863.423052,54863.434355
R1082:54862.494302,0.008807,54862.494395,54863.434416,54863.443224
R1083:54862.510875,0.007546,54862.531556,54863.443247,54863.450794
R1084:54862.564429,0.043406,54862.564537,54863.450817,54863.494224
R1085:54862.608309,0.008495,54862.608356,54863.494362,54863.502858
R1086:54862.618920,0.063541,54862.618992,54863.502930,54863.566486
R1087:54862.628866,0.017763,54862.659138,54863.566542,54863.584306
R1088:54862.741894,0.026185,54862.741974,54863.584333,54863.610519
R1089:54862.761679,0.000780,54862.761727,54863.610563,54863.611344
R1090:54862.806842,0.016484,54862.806898,54863.611359,54863.627844
R1091:54862.846416,0.053434,54862.846493,54863.627868,54863.681303
R1092:54862.936086,0.000106,54862.936122,54863.681364,54863.681470
R1093:54862.942008,0.077330,54862.977997,54863.681477,54863.758807
R1094:54862.986982,0.184876,54862.987071,54863.758877,54863.943754
R1095:54863.026363,0.078851,54863.026433,54863.943812,54864.022664
R1096:54863.047377,0.219290,54863.047445,54864.022724,54864.242015
R1097:54863.057557,0.027579,54863.057716,54864.242077,54864.269657
R1098:54863.345784,0.049641,54863.345826,54864.269683,54864.320025
R1099:54863.355456,0.061298,54863.374622,54864.320236,54864.381535
R1100:54863.399871,0.066831,54863.412463,54864.381585,54864.449648
R1101:54863.413090,0.023170,54863.423097,54864.449715,54864.472892
R1102:54863.517964,0.068205,54863.518011,54864.472952,54864.541157
R1103:54863.550770,0.066315,54863.558111,54864.541200,54864.607515
R1104:54863.609245,0.013491,54863.609268,54864.607563,54864.621055
R1105:54863.619053,0.055421,54863.619146,54864.621124,54864.676545
R1106:54863.692429,0.041642,54863.692470,54864.676641,54864.718285
R1107:54863.731241,0.047707,54863.733096,54864.718355,54864.766064
R1108:54863.752386,0.111867,54863.752479,54864.767238,54864.879106
R1109:54863.797138,0.003293,54863.797169,54864.879849,54864.883143
R1110:54863.825191,0.063440,54863.838344,54864.883198,54864.946645
R1111:54863.933289,0.001683,54863.933342,54864.946684,54864.948368
R1112:54864.037278,0.095825,54864.037328,54864.948391,54865.044217
R1113:54864.103436,0.096696,54864.103507,54865.044251,54865.140948
R1114:54864.136312,0.001066,54864.136382,54865.141013,54865.142079
R1115:54864.171257,0.058896,54864.171316,54865.142100,54865.200997
R1116:54864.215395,0.027645,54864.215467,54865.201060,54865.239982
R1117:54864.290506,0.012106,54864.290558,54865.240997,54865.253103
R1118:54864.294205,0.065991,54864.320927,54865.253132,54865.320645
R1119:54864.304446,0.019369,54864.320936,54865.320847,54865.340217
R1120:54864.461802,0.060133,54864.462198,54865.340246,54865.400418
R1121:54864.648513,0.033340,54864.648572,54865.400496,54865.433836
R1122:54864.897839,0.019103,54864.897890,54865.433909,54865.453013
R1123:54864.914660,0.089218,54864.938245,54865.453044,54865.542262
R1124:54864.921542,0.034998,54864.938248,54865.542401,54865.577404
R1125:54864.934844,0.004130,54864.938250,54865.577465,54865.581595
R1126:54865.056266,0.069912,54865.056370,54865.581610,54865.651523
R1127:54865.071792,0.131975,54865.097189,54865.651571,54865.783547
R1128:54865.078934,0.042132,54865.097193,54865.783598,54865.825746
R1129:54865.128603,0.004617,54865.128720,54865.825818,54865.830640
R1130:54865.209949,0.021230,54865.209994,54865.830684,54865.851914
R1131:54865.257421,0.021453,54865.257789,54865.851962,54865.873416
R1132:54865.338107,0.092649,54865.338530,54865.873466,54865.966118
R1133:54865.416997,0.140497,54865.417049,54865.966179,54866.106676
R1134:54865.461415,0.036025,54865.461466,54866.106760,54866.142786
R1135:54865.507457,0.039412,54865.507495,54866.142838,54866.182267
R1136:54865.524542,0.014521,54865.542524,54866.182300,54866.196884
R1137:54865.538862,0.032494,54865.542526,54866.196944,54866.229450
R1138:54865.541466,0.007165,54865.542529,54866.229525,54866.236732
R1139:54865.586478,0.075799,54865.586524,54866.236790,54866.312590
R1140:54865.607096,0.011522,54865.607144,54866.312645,54866.324168
R1141:54865.660933,0.097996,54865.660992,54866.324252,54866.422248
R1142:54865.764649,0.178882,54865.764791,54866.422300,54866.601183
R1143:54865.932704,0.041578,54865.932765,54866.601287,54866.642866
R1144:54866.014701,0.042403,54866.014793,54866.642979,54866.685404
R1145:54866.056269,0.007078,54866.056298,54866.685479,54866.692661
R1146:54866.112800,0.028380,54866.112836,54866.692725,54866.721160
R1147:54866.245012,0.058302,54866.245048,54866.721189,54866.779492
R1148:54866.280710,0.002292,54866.285128,54866.779618,54866.781945
R1149:54866.299672,0.095660,54866.299805,54866.782014,54866.878107
R1150:54866.355359,0.109981,54866.355413,54866.878187,54866.988170
R1151:54866.398806,0.073785,54866.398905,54866.988490,54867.062300
R1152:54866.426095,0.028084,54866.426220,54867.062363,54867.090449
R1153:54866.435186,0.062033,54866.468279,54867.090636,54867.152670
R1154:54866.451493,0.040964,54866.468289,54867.152729,54867.193693
R1155:54866.496326,0.011168,54866.496513,54867.193724,54867.204892
R1156:54866.532426,0.021609,54866.532857,54867.205007,54867.227184
R1157:54866.609663,0.064338,54866.609840,54867.227366,54867.291720
R1158:54866.614646,0.093876,54866.614883,54867.291849,54867.385727
R1159:54866.636349,0.099918,54866.636402,54867.385808,54867.485727
R1160:54866.655180,0.141765,54866.655306,54867.485787,54867.627553
R1161:54866.684980,0.020511,54866.685515,54867.627612,54867.648124
R1162:54866.982260,0.032440,54866.982338,54867.648171,54867.680611
R1163:54867.007382,0.052599,54867.007435,54867.680656,54867.733890
R1164:54867.009002,0.052935,54867.048491,54867.733976,54867.786912
R1165:54867.048827,0.004191,54867.048859,54867.786963,54867.791155
R1166:54867.085960,0.115579,54867.086013,54867.791259,54867.907128
R1167:54867.127529,0.057514,54867.127609,54867.907192,54867.964707
R1168:54867.228586,0.005327,54867.228622,54867.964764,54867.970092
R1169:54867.250286,0.112173,54867.269407,54867.970159,54868.082377
R1170:54867.280740,0.108348,54867.280817,54868.082414,54868.190763
R1171:54867.337958,0.027701,54867.338010,54868.190808,54868.218510
R1172:54867.343480,0.008325,54867.378222,54868.218539,54868.226865
R1173:54867.360514,0.040973,54867.378225,54868.226898,54868.267872
R1174:54867.369237,0.028783,54867.378225,54868.267936,54868.296719
R1175:54867.369306,0.027167,54867.378226,54868.296790,54868.323968
R1176:54867.398409,0.027255,54867.398461,54868.324187,54868.351443
R1177:54867.423675,0.069995,54867.439486,54868.351479,54868.421477
R1178:54867.497918,0.075842,54867.497969,54868.421556,54868.497398
R1179:54867.617950,0.027207,54867.617997,54868.497966,54868.525174
R1180:54867.645329,0.118911,54867.645375,54868.525220,54868.644132
R1181:54867.675381,0.186348,54867.675423,54868.644187,54868.830536
R1182:54867.712724,0.021682,54867.712777,54868.830574,54868.852257
R1183:54867.800364,0.007473,54867.800409,54868.852382,54868.859856
R1184:54867.857413,0.002757,54867.857461,54868.859907,54868.862664
R1185:54867.889631,0.006007,54867.889699,54868.862677,54868.868685
R1186:54867.891710,0.006780,54867.891760,54868.868704,54868.875485
R1187:54868.039622,0.009649,54868.039706,54868.875504,54868.885153
R1188:54868.081457,0.058200,54868.081496,54868.885172,54868.943372
R1189:54868.099860,0.016466,54868.099893,54868.943454,54868.959934
R1190:54868.170805,0.008635,54868.170854,54868.960010,54868.968646
R1191:54868.178854,0.035099,54868.178902,54868.968730,54869.003830
R1192:54868.242942,0.030392,54868.243025,54869.003855,54869.034248
R1193:54868.289909,0.032348,54868.289953,54869.034344,54869.066692
R1194:54868.306361,0.054223,54868.306425,54869.066750,54869.120974
R1195:54868.320891,0.055397,54868.324231,54869.121043,54869.176440
R1196:54868.440444,0.025217,54868.440786,54869.176479,54869.201696
R1197:54868.485181,0.023691,54868.485834,54869.201755,54869.225446
R1198:54868.540547,0.018198,54868.540589,54869.225498,54869.243699
R1199:54868.613221,0.011210,54868.613278,54869.243747,54869.254957
R1200:54868.652128,0.039808,54868.652171,54869.254989,54869.294797
R1201:54868.677105,0.017680,54868.693145,54869.294846,54869.312536
R1202:54868.698493,0.095738,54868.698572,54869.312573,54869.408312
R1203:54868.758750,0.156108,54868.758798,54869.408373,54869.564481
R1204:54868.793041,0.011671,54868.793111,54869.564529,54869.576201
R1205:54868.834771,0.054804,54868.834821,54869.576273,54869.631078
R1206:54868.849291,0.137690,54868.852368,54869.631111,54869.768803
R1207:54868.873603,0.145577,54868.873846,54869.768871,54869.914449
R1208:54868.884194,0.027931,54868.884239,54869.914526,54869.942492
R1209:54868.910922,0.049425,54868.910963,54869.942534,54869.991959
R1210:54868.940258,0.019136,54868.940452,54869.992007,54870.011144
R1211:54868.945794,0.053810,54868.945822,54870.011169,54870.064980
R1212:54868.964719,0.143512,54868.964745,54870.065035,54870.208548
R1213:54869.030951,0.030998,54869.030979,54870.208597,54870.239596
R1214:54869.033239,0.040225,54869.034331,54870.239626,54870.280368
R1215:54869.048542,0.046713,54869.066739,54870.280424,54870.327183
R1216:54869.106047,0.188471,54869.108224,54870.327238,54870.515727
R1217:54869.112089,0.075114,54869.112193,54870.515787,54870.590903
R1218:54869.236446,0.023766,54869.236489,54870.590966,54870.614733
R1219:54869.330098,0.023097,54869.330140,54870.614790,54870.637888
R1220:54869.400454,0.175077,54869.400554,54870.637912,54870.812990
R1221:54869.447340,0.153173,54869.447626,54870.813019,54870.966193
R1222:54869.449621,0.011533,54869.488286,54870.966290,54870.981591
R1223:54869.574385,0.017688,54869.574455,54870.981620,54870.999310
R1224:54869.695269,0.019346,54869.695298,54870.999339,54871.018745
R1225:54869.749265,0.064350,54869.749311,54871.018776,54871.085622
R1226:54869.887203,0.012644,54869.887298,54871.085723,54871.098368
R1227:54869.942845,0.021766,54869.942884,54871.098384,54871.120909
R1228:54869.969265,0.027193,54869.983175,54871.120946,54871.148141
R1229:54869.978960,0.026820,54869.983181,54871.148185,54871.175006
R1230:54870.067849,0.032491,54870.067890,54871.175142,54871.207721
R1231:54870.256567,0.003835,54870.256626,54871.208433,54871.212268
R1232:54870.258698,0.131032,54870.259265,54871.212288,54871.343321
R1233:54870.291515,0.016728,54870.291572,54871.343376,54871.360106
R1234:54870.391926,0.043916,54870.391967,54871.360153,54871.404070
R1235:54870.411273,0.111305,54870.432314,54871.404101,54871.515406
R1236:54870.467261,0.058570,54870.467320,54871.515464,54871.574035
R1237:54870.509959,0.030859,54870.510023,54871.574102,54871.604962
R1238:54870.608521,0.068169,54870.608566,54871.605017,54871.673187
R1239:54870.728807,0.037756,54870.728859,54871.673310,54871.711067
R1240:54870.804134,0.057650,54870.804402,54871.721611,54871.779261
R1241:54870.808502,0.060856,54870.808544,54871.779321,54871.840179
R1242:54870.824277,0.050662,54870.824333,54871.840238,54871.890901
R1243:54870.950300,0.003871,54870.950355,54871.890962,54871.894834
R1244:54870.953645,0.102728,54870.953901,54871.894896,54871.997625
R1245:54870.958740,0.001454,54870.958799,54871.997667,54871.999161
R1246:54870.995472,0.035865,54870.995933,54871.999174,54872.035039
R1247:54871.019324,0.081612,54871.019379,54872.035066,54872.116678
R1248:54871.029017,0.153612,54871.029085,54872.116744,54872.270357
R1249:54871.059623,0.068272,54871.067331,54872.270414,54872.338687
R1250:54871.064580,0.067966,54871.067339,54872.338746,54872.406713
R1251:54871.105300,0.004857,54871.105345,54872.406784,54872.411642
R1252:54871.158733,0.032899,54871.158776,54872.411687,54872.444587
R1253:54871.188735,0.019971,54871.188791,54872.444712,54872.464683
R1254:54871.231982,0.018669,54871.232041,54872.464710,54872.483380
R1255:54871.245600,0.017222,54871.245646,54872.483402,54872.500625
R1256:54871.348959,0.006011,54871.349107,54872.500683,54872.506694
R1257:54871.638639,0.116995,54871.638691,54872.506761,54872.623756
R1258:54871.920853,0.002679,54871.920905,54872.623821,54872.626501
R1259:54871.994313,0.082174,54871.994356,54872.626547,54872.708721
R1260:54872.196219,0.031539,54872.196324,54872.708949,54872.740489
R1261:54872.334177,0.015992,54872.334230,54872.740517,54872.756510
R1262:54872.430170,0.138891,54872.430231,54872.756566,54872.895458
R1263:54872.636323,0.027144,54872.636423,54872.895503,54872.922647
R1264:54872.642153,0.009142,54872.677280,54872.922718,54872.931861
R1265:54872.760614,0.028081,54872.760664,54872.931892,54872.959973
R1266:54872.770425,0.080582,54872.799210,54872.960057,54873.040640
R1267:54872.898263,0.021041,54872.898414,54873.040702,54873.061744
R1268:54872.939611,0.003920,54872.939676,54873.061796,54873.065716
R1269:54872.958828,0.035551,54872.959104,54873.065735,54873.101288
R1270:54873.018789,0.037976,54873.018943,54873.101313,54873.139526
R1271:54873.045829,0.024137,54873.045868,54873.139694,54873.163833
R1272:54873.131168,0.079368,54873.131324,54873.163868,54873.243298
R1273:54873.186341,0.025177,54873.186810,54873.243370,54873.268548
R1274:54873.204908,0.015377,54873.228344,54873.268582,54873.283959
R1275:54873.304034,0.073860,54873.304136,54873.305716,54873.379578
R1276:54873.316179,0.001919,54873.345151,54873.379643,54873.381563
R1277:54873.385697,0.062295,54873.385768,54873.386698,54873.452370
R1278:54873.389974,0.006602,54873.390027,54873.453196,54873.459798
R1279:54873.585408,0.100868,54873.585543,54873.585605,54873.686474
R1280:54873.593054,0.017471,54873.593161,54873.686542,54873.704014
R1281:54873.611318,0.011224,54873.611376,54873.704136,54873.715637
R1282:54873.629979,0.085462,54873.630042,54873.715765,54873.801228
R1283:54873.635389,0.023732,54873.635452,54873.801288,54873.825020
R1284:54873.678184,0.012253,54873.678244,54873.825127,54873.837381
R1285:54873.797047,0.016523,54873.797086,54873.837453,54873.853977
R1286:54873.912019,0.058076,54873.912135,54873.912728,54873.970805
R1287:54873.985202,0.025113,54873.985266,54873.987034,54874.012148
R1288:54874.042856,0.150688,54874.042914,54874.043828,54874.194517
R1289:54874.077668,0.020041,54874.083162,54874.194588,54874.214754
R1290:54874.159986,0.246465,54874.160033,54874.214882,54874.461351
R1291:54874.172886,0.148024,54874.172943,54874.461411,54874.609435
R1292:54874.178669,0.007974,54874.178727,54874.609525,54874.617499
R1293:54874.180413,0.000296,54874.180466,54874.617564,54874.617860
R1294:54874.237408,0.078456,54874.237481,54874.617887,54874.696344
R1295:54874.254191,0.041266,54874.277306,54874.696411,54874.737677
R1296:54874.363501,0.009293,54874.363623,54874.737748,54874.747042
R1297:54874.369332,0.010045,54874.369631,54874.747075,54874.757137
R1298:54874.446096,0.018375,54874.446266,54874.757236,54874.775611
R1299:54874.682325,0.107281,54874.682411,54874.775648,54874.882929
R1300:54874.726619,0.029588,54874.726692,54874.882989,54874.912578
R1301:54874.766352,0.016033,54874.766705,54874.912911,54874.928955
R1302:54874.776701,0.088223,54874.776782,54874.928979,54875.017203
R1303:54874.784486,0.047877,54874.784559,54875.017317,54875.065206
R1304:54874.842888,0.030776,54874.842943,54875.065259,54875.096035
R1305:54874.922808,0.267508,54874.922876,54875.096096,54875.363605
R1306:54875.077743,0.002478,54875.077798,54875.363639,54875.366117
R1307:54875.110465,0.032969,54875.110494,54875.366126,54875.399096
R1308:54875.262895,0.046315,54875.262984,54875.399120,54875.445479
R1309:54875.275128,0.031448,54875.275185,54875.445522,54875.476983
R1310:54875.311297,0.022443,54875.311487,54875.477425,54875.499869
R1311:54875.338897,0.032930,54875.339472,54875.499929,54875.532859
R1312:54875.341289,0.078445,54875.341332,54875.532888,54875.611334
R1313:54875.381762,0.036684,54875.381808,54875.611380,54875.648065
R1314:54875.440863,0.012702,54875.440941,54875.648203,54875.660906
R1315:54875.447512,0.048926,54875.447558,54875.660938,54875.709865
R1316:54875.475370,0.041882,54875.477410,54875.709920,54875.751803
R1317:54875.534429,0.081642,54875.534471,54875.751871,54875.833513
R1318:54875.655503,0.041926,54875.655549,54875.833567,54875.875493
R1319:54875.682959,0.009655,54875.682999,54875.875536,54875.885192
R1320:54875.712467,0.022878,54875.712581,54875.885348,54875.908240
R1321:54875.714549,0.032666,54875.751856,54875.908300,54875.940980
R1322:54875.724856,0.006070,54875.751859,54875.941180,54875.947251
R1323:54875.753412,0.047245,54875.793281,54875.947276,54875.994524
R1324:54875.927384,0.030006,54875.927446,54875.994692,54876.024699
R1325:54875.995413,0.006055,54875.995454,54876.024770,54876.030826
R1326:54876.000984,0.005652,54876.024759,54876.030868,54876.036521
R1327:54876.089923,0.021092,54876.090060,54876.090072,54876.111164
R1328:54876.137836,0.015117,54876.137977,54876.137989,54876.153162
R1329:54876.258470,0.307689,54876.258527,54876.258576,54876.566266
R1330:54876.363675,0.015522,54876.363727,54876.566346,54876.581869
R1331:54876.398772,0.008495,54876.398825,54876.581911,54876.590406
R1332:54876.450129,0.036749,54876.450236,54876.590491,54876.627240
R1333:54876.545199,0.013077,54876.545242,54876.627325,54876.640440
R1334:54876.715914,0.024035,54876.715966,54876.716460,54876.740497
R1335:54876.720919,0.006132,54876.740557,54876.740568,54876.746701
R1336:54876.748373,0.042972,54876.748444,54876.749084,54876.792057
R1337:54876.821264,0.008978,54876.821323,54876.822146,54876.831124
R1338:54876.869001,0.040779,54876.869035,54876.869738,54876.910518
R1339:54876.930925,0.026315,54876.930979,54876.931466,54876.957782
R1340:54877.009700,0.096131,54877.009752,54877.010656,54877.106788
R1341:54877.010238,0.086236,54877.050158,54877.106882,54877.193120
R1342:54877.049289,0.006378,54877.050166,54877.193219,54877.199597
R1343:54877.220143,0.098051,54877.220272,54877.220281,54877.318333
R1344:54877.230248,0.001520,54877.230437,54877.318417,54877.319938
R1345:54877.255768,0.100468,54877.255823,54877.319957,54877.420425
R1346:54877.358919,0.032617,54877.358967,54877.420461,54877.453078
R1347:54877.378217,0.007019,54877.378318,54877.453109,54877.460129
R1348:54877.380094,0.203842,54877.419272,54877.460151,54877.663993
R1349:54877.799848,0.004594,54877.799924,54877.799935,54877.804529
R1350:54877.823783,0.072806,54877.823840,54877.824336,54877.897143
R1351:54877.847897,0.006025,54877.864113,54877.897195,54877.903242
R1352:54877.859953,0.080048,54877.864117,54877.903299,54877.983348
R1353:54877.882230,0.001749,54877.882299,54877.983478,54877.985249
R1354:54877.899464,0.002751,54877.899531,54877.985263,54877.988015
R1355:54877.923222,0.022690,54877.923266,54877.988029,54878.010746
R1356:54877.954652,0.170363,54877.965185,54878.010763,54878.181127
R1357:54878.080544,0.101239,54878.080979,54878.181162,54878.282442
R1358:54878.092521,0.021732,54878.122317,54878.282492,54878.304225
R1359:54878.097881,0.031489,54878.122322,54878.304254,54878.335744
R1360:54878.166803,0.043904,54878.167206,54878.335806,54878.379711
R1361:54878.193419,0.056860,54878.193481,54878.379770,54878.436640
R1362:54878.215322,0.021955,54878.235104,54878.437117,54878.459073
R1363:54878.219490,0.003267,54878.235108,54878.459129,54878.462396
R1364:54878.307757,0.009400,54878.308116,54878.462438,54878.471838
R1365:54878.330675,0.060721,54878.330760,54878.471881,54878.532607
R1366:54878.339996,0.021865,54878.340038,54878.532662,54878.554528
R1367:54878.487119,0.016544,54878.487395,54878.554555,54878.571100
R1368:54878.576852,0.004966,54878.577018,54878.577416,54878.582384
R1369:54878.585876,0.035508,54878.586195,54878.586247,54878.621756
R1370:54878.606433,0.071291,54878.621822,54878.621839,54878.693131
R1371:54878.615112,0.002849,54878.621826,54878.693221,54878.696085
R1372:54878.723983,0.003083,54878.724159,54878.724238,54878.727335
R1373:54878.792539,0.083880,54878.792710,54878.792721,54878.876601
R1374:54878.928175,0.052581,54878.928408,54878.928420,54878.981344
R1375:54878.956408,0.079179,54878.956467,54878.981465,54879.060645
R1376:54878.973857,0.047555,54878.973895,54879.060708,54879.108264
R1377:54878.988090,0.017737,54878.988138,54879.108311,54879.126050
R1378:54879.022092,0.016726,54879.030094,54879.126269,54879.142996
R1379:54879.205115,0.018372,54879.205212,54879.205690,54879.224063
R1380:54879.229008,0.035965,54879.229080,54879.229102,54879.265068
R1381:54879.261172,0.025040,54879.265116,54879.265130,54879.290209
R1382:54879.261783,0.087801,54879.265119,54879.290267,54879.378068
R1383:54879.368995,0.000992,54879.369085,54879.378162,54879.379154
R1384:54879.429043,0.239881,54879.429165,54879.429177,54879.669060
R1385:54879.563320,0.003623,54879.563369,54879.669122,54879.672745
R1386:54879.602955,0.025650,54879.603016,54879.672777,54879.698434
R1387:54879.676335,0.032504,54879.676370,54879.698479,54879.730984
R1388:54879.683792,0.002493,54879.683838,54879.731037,54879.733531
R1389:54879.716441,0.103341,54879.716498,54879.733592,54879.836934
R1390:54879.734800,0.042390,54879.734855,54879.837073,54879.879464
R1391:54879.798398,0.136142,54879.798450,54879.879560,54880.015703
R1392:54879.857546,0.007671,54879.857616,54880.015762,54880.023433
R1393:54879.868698,0.008385,54879.879544,54880.023468,54880.031854
R1394:54879.882946,0.045173,54879.921104,54880.031880,54880.077108
R1395:54879.912947,0.106956,54879.921111,54880.077154,54880.184140
R1396:54879.947254,0.031981,54879.947328,54880.184217,54880.216198
R1397:54879.953453,0.184175,54879.953504,54880.216256,54880.400432
R1398:54879.970795,0.151672,54879.970858,54880.400497,54880.552207
R1399:54879.989846,0.012525,54879.989906,54880.552250,54880.564775
R1400:54880.264058,0.036969,54880.264141,54880.564803,54880.601773
R1401:54880.415761,0.059379,54880.415851,54880.601825,54880.661207
R1402:54880.434601,0.026957,54880.434660,54880.661270,54880.688227
R1403:54880.570502,0.024307,54880.570556,54880.688278,54880.712586
R1404:54880.581327,0.031200,54880.581367,54880.712612,54880.743813
R1405:54880.615117,0.008995,54880.615236,54880.743866,54880.752862
R1406:54880.631992,0.130584,54880.657900,54880.752921,54880.883541
R1407:54880.635275,0.012498,54880.657904,54880.883572,54880.896071
R1408:54880.641786,0.020167,54880.657905,54880.896103,54880.916271
R1409:54880.645975,0.034195,54880.657908,54880.916340,54880.950536
R1410:54880.671147,0.090840,54880.671199,54880.950563,54881.041403
R1411:54880.809371,0.001755,54880.809422,54881.041433,54881.043188
R1412:54880.836204,0.053035,54880.851199,54881.043211,54881.096247
R1413:54880.856407,0.047047,54880.856765,54881.096291,54881.146374
R1414:54880.857535,0.000193,54880.857566,54881.146422,54881.146615
R1415:54880.907004,0.039841,54880.907049,54881.146619,54881.186460
R1416:54881.000801,0.006551,54881.000860,54881.186480,54881.193031
R1417:54881.040373,0.029923,54881.041130,54881.193137,54881.223063
R1418:54881.055331,0.027005,54881.055377,54881.223130,54881.250136
R1419:54881.097102,0.000248,54881.097143,54881.250168,54881.250416
R1420:54881.193114,0.004922,54881.193139,54881.250426,54881.255373
R1421:54881.305655,0.124668,54881.305701,54881.306395,54881.431065
R1422:54881.315581,0.015637,54881.346197,54881.431120,54881.446758
R1423:54881.316725,0.004669,54881.346200,54881.447564,54881.452234
R1424:54881.324638,0.036088,54881.346206,54881.452289,54881.488378
R1425:54881.373314,0.037457,54881.373375,54881.488466,54881.527736
R1426:54881.426356,0.163656,54881.426407,54881.527771,54881.691446
R1427:54881.449516,0.054164,54881.450018,54881.691562,54881.745727
R1428:54881.493999,0.042322,54881.494560,54881.745755,54881.788078
R1429:54881.545253,0.012522,54881.545654,54881.788141,54881.800663
R1430:54881.562464,0.005411,54881.587100,54881.800694,54881.806630
R1431:54881.608533,0.005345,54881.608808,54881.806658,54881.812003
R1432:54881.686632,0.000758,54881.686669,54881.812026,54881.812785
R1433:54881.700490,0.072392,54881.700539,54881.812790,54881.885183
R1434:54881.743671,0.024475,54881.743711,54881.885244,54881.909720
R1435:54881.778421,0.018835,54881.778485,54881.909787,54881.928634
R1436:54881.856180,0.140218,54881.856241,54881.928712,54882.068953
R1437:54881.891770,0.034775,54881.891822,54882.069006,54882.103781
R1438:54881.905898,0.023085,54881.909775,54882.103823,54882.126910
R1439:54881.918313,0.082640,54881.928697,54882.126974,54882.209615
R1440:54881.965434,0.009610,54881.969590,54882.209662,54882.219272
R1441:54882.078916,0.013424,54882.078966,54882.219415,54882.232840
R1442:54882.100715,0.113858,54882.100780,54882.232909,54882.346795
R1443:54882.108643,0.069890,54882.108954,54882.346921,54882.416812
R1444:54882.229832,0.009210,54882.229878,54882.416868,54882.426079
R1445:54882.267167,0.002219,54882.267228,54882.426159,54882.428379
R1446:54882.460198,0.068358,54882.460292,54882.460475,54882.528888
R1447:54882.477239,0.034277,54882.477299,54882.528943,54882.563221
R1448:54882.485781,0.059621,54882.485856,54882.563262,54882.622884
R1449:54882.561540,0.010696,54882.561594,54882.622929,54882.633626
R1450:54882.579545,0.001573,54882.579642,54882.633704,54882.635456
R1451:54882.586641,0.041552,54882.621309,54882.635472,54882.678291
R1452:54882.625598,0.066918,54882.625691,54882.678328,54882.745247
R1453:54882.814230,0.009827,54882.814295,54882.814734,54882.824562
R1454:54882.817978,0.053343,54882.824622,54882.824643,54882.877987
R1455:54882.824001,0.237876,54882.824627,54882.878055,54883.115932
R1456:54883.052324,0.019477,54883.052384,54883.115990,54883.135480
R1457:54883.145969,0.171675,54883.146024,54883.146069,54883.317745
R1458:54883.159764,0.006610,54883.159817,54883.317819,54883.324430
R1459:54883.173161,0.058325,54883.173218,54883.324467,54883.382792
R1460:54883.240713,0.059370,54883.240748,54883.382838,54883.442209
R1461:54883.259130,0.041376,54883.259574,54883.442276,54883.483653
R1462:54883.329064,0.104676,54883.329098,54883.483753,54883.588430
R1463:54883.359798,0.011181,54883.359853,54883.588458,54883.599640
R1464:54883.363336,0.019294,54883.382855,54883.599696,54883.618991
R1465:54883.408348,0.053478,54883.424653,54883.619021,54883.672500
R1466:54883.434750,0.114848,54883.435285,54883.672574,54883.787423
R1467:54883.458357,0.019395,54883.458424,54883.787480,54883.806876
R1468:54883.471771,0.016901,54883.483735,54883.806936,54883.823838
R1469:54883.525453,0.068262,54883.525509,54883.823889,54883.893234
R1470:54883.562278,0.033362,54883.562323,54883.893285,54883.926647
R1471:54883.713323,0.074251,54883.713626,54883.926762,54884.001014
R1472:54883.783989,0.164785,54883.784719,54884.001073,54884.165858
R1473:54883.872478,0.001500,54883.875563,54884.165918,54884.167418
R1474:54883.946850,0.030978,54883.946898,54884.167429,54884.198434
R1475:54883.951876,0.023810,54883.988252,54884.198468,54884.222278
R1476:54884.019036,0.029897,54884.019085,54884.222303,54884.252201
R1477:54884.028229,0.045436,54884.059297,54884.252256,54884.297692
R1478:54884.178019,0.000038,54884.178074,54884.297734,54884.297783
R1479:54884.199324,0.115162,54884.199520,54884.297789,54884.412951
R1480:54884.283683,0.010555,54884.283749,54884.413010,54884.423571
R1481:54884.304985,0.055740,54884.305220,54884.423620,54884.479361
R1482:54884.348759,0.075288,54884.348798,54884.479431,54884.554720
R1483:54884.354524,0.064896,54884.390298,54884.554771,54884.619668
R1484:54884.620722,0.034012,54884.620754,54884.620856,54884.654869
R1485:54884.624553,0.000387,54884.654933,54884.654945,54884.655517
R1486:54884.658448,0.011639,54884.658700,54884.658771,54884.670410
R1487:54884.866066,0.078004,54884.866119,54884.866643,54884.944648
R1488:54884.946243,0.036954,54884.946275,54884.946540,54884.983495
R1489:54884.956506,0.014881,54884.956546,54884.983554,54884.998438
R1490:54885.046761,0.038559,54885.046800,54885.046877,54885.085437
R1491:54885.265416,0.007603,54885.265469,54885.265990,54885.273594
R1492:54885.318907,0.043138,54885.318967,54885.319449,54885.362588
R1493:54885.550162,0.018873,54885.550228,54885.550912,54885.570067
R1494:54885.620843,0.038325,54885.620903,54885.621615,54885.660065
R1495:54885.666483,0.114973,54885.666542,54885.667217,54885.782191
R1496:54885.679372,0.073782,54885.708209,54885.782254,54885.856036
R1497:54885.747862,0.084479,54885.747901,54885.856094,54885.942646
R1498:54885.795425,0.041650,54885.795454,54885.942737,54885.984388
R1499:54885.837712,0.047660,54885.839137,54885.984448,54886.032109
