R0:54324.442378,0.025075,54324.442433,54324.445294,54324.470370
R1:54324.573491,0.080083,54324.573573,54324.573654,54324.653739
R2:54324.682841,0.011004,54324.682895,54324.683557,54324.694562
R3:54324.856277,0.073100,54324.856312,54324.856862,54324.929963
R4:54324.885535,0.040368,54324.897281,54324.930013,54324.970383
R5:54324.908836,0.049560,54324.908861,54324.970440,54325.020001
R6:54324.955311,0.036016,54324.955360,54325.020082,54325.056125
R7:54324.987853,0.123963,54324.987894,54325.056144,54325.180108
R8:54325.205197,0.063168,54325.205236,54325.205864,54325.269033
R9:54325.277419,0.046693,54325.277454,54325.277949,54325.324644
R10:54325.288431,0.013912,54325.288473,54325.324681,54325.338594
R11:54325.289689,0.081527,54325.289709,54325.338617,54325.420145
R12:54325.300301,0.025620,54325.300334,54325.420263,54325.445884
R13:54325.312591,0.005760,54325.312633,54325.445934,54325.451694
R14:54325.322656,0.012311,54325.322710,54325.451719,54325.464044
R15:54325.810989,0.091352,54325.811048,54325.811103,54325.902457
R16:54325.862498,0.017551,54325.862532,54325.902504,54325.920056
R17:54325.930355,0.037147,54325.930406,54325.930851,54325.967998
R18:54326.003014,0.180181,54326.003052,54326.003150,54326.183332
R19:54326.051826,0.073780,54326.051856,54326.183377,54326.257158
R20:54326.076633,0.073465,54326.076679,54326.257234,54326.330711
R21:54326.130245,0.111064,54326.130292,54326.330749,54326.441813
R22:54326.166884,0.021729,54326.166926,54326.441891,54326.463620
R23:54326.190789,0.125682,54326.190827,54326.463641,54326.589324
R24:54326.308672,0.149118,54326.308706,54326.589390,54326.738508
R25:54326.313937,0.004499,54326.313967,54326.738563,54326.743063
R26:54326.367398,0.054417,54326.367437,54326.743099,54326.797517
R27:54326.382767,0.021454,54326.408311,54326.797546,54326.819001
R28:54326.540671,0.001011,54326.540714,54326.819024,54326.820036
R29:54326.545520,0.003259,54326.583651,54326.820041,54326.823300
R30:54326.589334,0.176396,54326.589376,54326.823324,54326.999721
R31:54326.608887,0.095164,54326.630340,54326.999765,54327.094930
R32:54326.775020,0.038800,54326.775081,54327.094986,54327.133787
R33:54326.797296,0.071408,54326.797351,54327.133845,54327.205253
R34:54326.831008,0.055089,54326.831062,54327.205298,54327.260388
R35:54326.882450,0.002004,54326.882484,54327.260429,54327.262433
R36:54326.936734,0.134291,54326.936759,54327.262445,54327.396737
R37:54326.977963,0.063819,54326.978004,54327.396790,54327.460610
R38:54327.168868,0.067073,54327.168915,54327.460649,54327.527722
R39:54327.192883,0.021852,54327.205305,54327.527761,54327.549613
R40:54327.265915,0.009075,54327.265940,54327.549650,54327.558725
R41:54327.349169,0.106045,54327.349245,54327.558740,54327.664990
R42:54327.390733,0.020049,54327.390760,54327.665086,54327.685163
R43:54327.517095,0.111921,54327.517122,54327.685200,54327.797121
R44:54327.535765,0.058025,54327.535796,54327.797204,54327.855234
R45:54327.566729,0.044414,54327.566755,54327.855285,54327.899700
R46:54327.790718,0.097835,54327.790765,54327.899743,54327.997579
R47:54327.867330,0.128831,54327.867360,54327.997635,54328.126467
R48:54327.908787,0.084307,54327.908817,54328.126514,54328.210822
R49:54327.945198,0.120940,54327.949239,54328.210870,54328.331842
R50:54328.027754,0.012156,54328.027863,54328.331878,54328.344035
R51:54328.075161,0.126367,54328.075197,54328.344085,54328.470452
R52:54328.289795,0.106458,54328.289839,54328.470488,54328.576947
R53:54328.301598,0.028278,54328.301711,54328.576989,54328.605268
R54:54328.375270,0.016499,54328.375303,54328.605305,54328.621804
R55:54328.444845,0.018369,54328.444941,54328.621873,54328.640243
R56:54328.555601,0.012816,54328.555645,54328.640269,54328.653085
R57:54328.598444,0.016164,54328.598486,54328.653103,54328.669268
R58:54328.613584,0.026936,54328.613613,54328.669293,54328.696229
R59:54328.671899,0.118652,54328.671918,54328.696268,54328.814921
R60:54328.685344,0.006738,54328.696274,54328.814961,54328.821700
R61:54328.693288,0.071455,54328.696278,54328.821716,54328.893172
R62:54328.742244,0.136671,54328.742277,54328.893227,54329.029900
R63:54329.041324,0.024160,54329.041380,54329.041684,54329.065844
R64:54329.123836,0.022996,54329.123877,54329.123967,54329.146964
R65:54329.222964,0.013215,54329.223106,54329.223119,54329.236335
R66:54329.248021,0.014013,54329.248342,54329.248349,54329.262398
R67:54329.310866,0.065866,54329.310933,54329.311016,54329.376883
R68:54329.322845,0.078866,54329.351203,54329.376934,54329.455801
R69:54329.332513,0.068339,54329.351207,54329.455835,54329.524175
R70:54329.345381,0.149891,54329.351207,54329.524214,54329.674106
R71:54329.350968,0.036862,54329.351209,54329.674139,54329.711001
R72:54329.354879,0.013726,54329.354920,54329.711060,54329.724786
R73:54329.368856,0.065961,54329.368909,54329.724844,54329.790806
R74:54329.483174,0.171180,54329.483248,54329.790854,54329.962034
R75:54329.559905,0.071301,54329.559939,54329.962076,54330.033377
R76:54329.633423,0.007246,54329.633470,54330.033414,54330.040660
R77:54329.641294,0.004073,54329.641344,54330.040707,54330.044781
R78:54329.694574,0.011449,54329.694717,54330.044835,54330.056284
R79:54329.700277,0.085650,54329.711049,54330.056318,54330.141969
R80:54329.744963,0.070444,54329.745003,54330.142011,54330.212455
R81:54329.806270,0.008587,54329.806308,54330.212511,54330.221099
R82:54329.810695,0.011428,54329.810717,54330.221143,54330.232572
R83:54330.665184,0.006703,54330.665676,54330.665685,54330.672390
R84:54330.822952,0.002779,54330.823028,54330.823061,54330.825840
R85:54331.260159,0.003754,54331.260233,54331.260282,54331.264037
R86:54331.406358,0.128242,54331.406408,54331.407086,54331.535329
R87:54331.406721,0.009945,54331.447165,54331.535388,54331.545334
R88:54331.471189,0.024854,54331.471221,54331.545372,54331.570232
R89:54331.483992,0.085655,54331.484027,54331.570286,54331.655942
R90:54331.658615,0.040202,54331.658640,54331.658657,54331.698860
R91:54331.690640,0.030127,54331.690686,54331.698902,54331.729029
R92:54331.752807,0.005248,54331.752862,54331.752990,54331.758239
R93:54331.836083,0.070795,54331.836178,54331.836366,54331.907162
R94:54331.890314,0.242864,54331.890345,54331.907206,54332.150072
R95:54331.916306,0.105029,54331.916338,54332.150127,54332.255157
R96:54331.977849,0.049566,54331.977894,54332.255242,54332.304808
R97:54332.076358,0.068877,54332.076416,54332.304866,54332.373744
R98:54332.079049,0.129765,54332.079116,54332.373786,54332.503551
R99:54332.207126,0.088904,54332.207183,54332.503610,54332.592515
R100:54332.355079,0.068092,54332.355270,54332.592568,54332.660661
R101:54332.633376,0.205511,54332.633411,54332.660717,54332.866228
R102:54332.800487,0.034384,54332.800539,54332.866263,54332.900648
R103:54332.879106,0.088601,54332.879148,54332.900687,54332.989289
R104:54332.891982,0.004006,54332.892012,54332.989343,54332.993350
R105:54333.049056,0.014254,54333.049139,54333.049265,54333.063520
R106:54333.124252,0.013012,54333.124337,54333.124409,54333.137421
R107:54333.195383,0.019053,54333.195469,54333.195598,54333.214652
R108:54333.281735,0.013161,54333.281784,54333.282380,54333.295542
R109:54333.310340,0.050130,54333.310376,54333.310760,54333.360890
R110:54333.315952,0.052653,54333.351656,54333.360919,54333.413573
R111:54333.334092,0.177832,54333.351661,54333.413940,54333.591774
R112:54333.385246,0.039495,54333.385278,54333.591824,54333.631319
R113:54333.408819,0.006011,54333.413930,54333.631348,54333.637360
R114:54333.499958,0.044891,54333.500192,54333.637410,54333.682301
R115:54333.546588,0.029975,54333.546660,54333.682353,54333.712356
R116:54333.753648,0.094090,54333.753705,54333.753811,54333.847902
R117:54333.783093,0.000162,54333.783147,54333.847958,54333.848120
R118:54333.824511,0.045625,54333.824627,54333.848123,54333.893749
R119:54333.855479,0.013322,54333.855640,54333.893778,54333.907100
R120:54333.983956,0.032981,54333.984002,54333.984505,54334.017486
R121:54334.064474,0.018189,54334.064511,54334.064582,54334.082772
R122:54334.111573,0.010079,54334.111603,54334.111973,54334.122052
R123:54334.200630,0.002086,54334.200672,54334.201218,54334.203304
R124:54334.270187,0.059534,54334.270231,54334.270669,54334.330203
R125:54334.308469,0.050756,54334.311078,54334.330286,54334.381042
R126:54334.388564,0.010205,54334.388598,54334.389075,54334.399280
R127:54334.419107,0.049330,54334.419146,54334.419677,54334.469008
R128:54334.486269,0.019903,54334.486311,54334.486766,54334.506670
R129:54334.580086,0.011296,54334.580131,54334.580703,54334.591999
R130:54334.676555,0.057721,54334.676767,54334.677172,54334.734894
R131:54334.857957,0.014871,54334.858230,54334.858469,54334.873340
R132:54334.933737,0.004586,54334.933787,54334.934258,54334.938845
R133:54334.988243,0.104935,54334.988324,54334.988787,54335.093723
R134:54335.009939,0.004921,54335.029269,54335.093758,54335.098680
R135:54335.092769,0.022440,54335.092817,54335.098695,54335.121135
R136:54335.101286,0.044973,54335.101305,54335.121177,54335.166151
R137:54335.162972,0.017039,54335.163044,54335.166226,54335.183265
R138:54335.241581,0.017011,54335.241658,54335.241798,54335.258810
R139:54335.348546,0.010521,54335.348630,54335.348712,54335.359233
R140:54335.377331,0.000179,54335.377373,54335.377499,54335.377679
R141:54335.674453,0.020134,54335.674504,54335.674955,54335.695089
R142:54335.800012,0.028679,54335.800044,54335.800499,54335.829179
R143:54335.815032,0.125622,54335.829269,54335.829282,54335.954905
R144:54336.042674,0.060045,54336.042733,54336.042782,54336.102827
R145:54336.146356,0.057884,54336.146815,54336.146958,54336.204843
R146:54336.156268,0.074422,54336.156301,54336.204891,54336.279314
R147:54336.191155,0.124010,54336.191244,54336.279374,54336.403385
R148:54336.396194,0.011379,54336.396238,54336.403432,54336.414812
R149:54336.537739,0.039708,54336.537924,54336.537935,54336.577644
R150:54336.650750,0.117658,54336.650839,54336.650956,54336.768615
R151:54336.676142,0.103565,54336.692266,54336.768652,54336.872218
R152:54336.848234,0.042925,54336.848298,54336.872276,54336.915202
R153:54336.897813,0.016004,54336.897851,54336.915264,54336.931269
R154:54336.910749,0.033903,54336.915251,54336.931309,54336.965213
R155:54337.053653,0.094505,54337.054174,54337.054182,54337.148687
R156:54337.098330,0.017199,54337.098362,54337.148722,54337.165922
R157:54337.147397,0.057629,54337.147450,54337.165971,54337.223601
R158:54337.161865,0.007486,54337.161910,54337.223648,54337.231135
R159:54337.255064,0.033905,54337.255135,54337.255376,54337.289282
R160:54337.321291,0.064413,54337.321347,54337.321531,54337.385946
R161:54337.451486,0.012549,54337.451577,54337.452205,54337.464755
R162:54337.465645,0.006463,54337.465695,54337.465987,54337.472450
R163:54337.515054,0.022349,54337.515118,54337.515244,54337.537594
R164:54337.525839,0.134335,54337.537648,54337.537661,54337.671997
R165:54337.553965,0.048656,54337.579259,54337.672050,54337.720707
R166:54337.724822,0.085223,54337.724861,54337.725076,54337.810300
R167:54337.854485,0.020396,54337.854553,54337.855066,54337.875463
R168:54337.903604,0.053769,54337.903651,54337.904252,54337.958021
R169:54337.939547,0.014981,54337.945265,54337.958052,54337.973034
R170:54338.006647,0.003766,54338.006678,54338.007188,54338.010954
R171:54338.018448,0.052094,54338.018491,54338.018965,54338.071060
R172:54338.026692,0.017003,54338.060586,54338.071117,54338.088562
R173:54338.059038,0.004779,54338.060597,54338.088588,54338.093367
R174:54338.087974,0.136281,54338.088052,54338.093385,54338.229681
R175:54338.128478,0.015426,54338.128522,54338.229736,54338.245162
R176:54338.191608,0.071728,54338.191654,54338.245218,54338.316946
R177:54338.268708,0.008556,54338.268755,54338.316977,54338.325533
R178:54338.316744,0.049130,54338.316795,54338.325564,54338.374696
R179:54338.470173,0.011650,54338.470312,54338.470458,54338.482108
R180:54338.522497,0.027774,54338.522560,54338.523315,54338.551090
R181:54338.580871,0.025076,54338.580916,54338.581420,54338.606497
R182:54338.707546,0.019727,54338.707589,54338.707961,54338.727949
R183:54338.727654,0.050896,54338.728308,54338.728324,54338.779221
R184:54338.821068,0.020643,54338.821560,54338.821569,54338.842217
R185:54339.120420,0.007313,54339.120604,54339.120985,54339.128299
R186:54339.283351,0.000271,54339.283448,54339.283902,54339.284173
R187:54339.321267,0.074447,54339.321425,54339.321792,54339.396239
R188:54339.430617,0.006090,54339.430719,54339.431280,54339.437370
R189:54339.455658,0.063828,54339.455844,54339.456097,54339.519926
R190:54339.599137,0.029811,54339.599249,54339.599695,54339.629506
R191:54339.602927,0.061535,54339.602991,54339.629560,54339.691095
R192:54339.910370,0.032113,54339.910462,54339.910877,54339.942990
R193:54339.927402,0.004931,54339.943170,54339.943337,54339.948269
R194:54340.070598,0.024136,54340.070653,54340.071136,54340.095272
R195:54340.078227,0.053519,54340.095335,54340.095348,54340.148867
R196:54340.103929,0.007061,54340.137159,54340.148921,54340.155983
R197:54340.222281,0.002745,54340.222383,54340.222397,54340.225143
R198:54340.226133,0.075904,54340.226306,54340.226314,54340.302227
R199:54340.269973,0.029220,54340.270046,54340.302376,54340.331639
R200:54340.354269,0.044536,54340.354424,54340.354681,54340.399217
R201:54340.363432,0.037740,54340.396292,54340.399248,54340.436990
R202:54340.425446,0.022464,54340.425468,54340.437032,54340.459497
R203:54340.490387,0.109787,54340.490420,54340.490808,54340.600596
R204:54340.516394,0.009306,54340.531250,54340.600645,54340.609951
R205:54340.562838,0.037301,54340.562903,54340.609968,54340.647269
R206:54340.630279,0.045341,54340.630336,54340.647296,54340.692638
R207:54340.699521,0.088541,54340.699547,54340.699864,54340.788406
R208:54340.719168,0.005203,54340.741125,54340.788460,54340.793664
R209:54340.724868,0.009295,54340.741132,54340.793686,54340.802982
R210:54340.908781,0.012776,54340.908840,54340.908906,54340.921683
R211:54340.955861,0.017183,54340.955904,54340.956025,54340.973208
R212:54341.081238,0.105301,54341.081423,54341.081434,54341.186735
R213:54341.112946,0.084345,54341.122468,54341.186785,54341.271131
R214:54341.143155,0.001850,54341.143273,54341.271169,54341.273020
R215:54341.220256,0.075312,54341.220327,54341.273269,54341.348582
R216:54341.241617,0.090426,54341.241647,54341.348623,54341.439050
R217:54341.311947,0.012488,54341.311997,54341.439090,54341.451578
R218:54341.338721,0.047394,54341.338765,54341.451606,54341.499001
R219:54341.355384,0.056136,54341.355412,54341.499056,54341.555220
R220:54341.364969,0.063552,54341.397121,54341.555308,54341.618861
R221:54341.474573,0.025640,54341.474624,54341.618905,54341.644547
R222:54341.490825,0.028459,54341.490866,54341.644615,54341.673075
R223:54341.518370,0.024368,54341.518468,54341.673139,54341.697507
R224:54341.537686,0.008405,54341.555293,54341.697526,54341.705931
R225:54341.592340,0.000734,54341.596121,54341.705944,54341.706678
R226:54341.650570,0.024077,54341.650599,54341.706683,54341.730761
R227:54341.685352,0.066858,54341.685396,54341.730781,54341.797639
R228:54341.711973,0.052442,54341.712103,54341.797681,54341.850125
R229:54341.734292,0.126031,54341.734352,54341.850206,54341.976239
R230:54341.793419,0.082980,54341.793491,54341.976289,54342.059270
R231:54341.877065,0.018695,54341.877110,54342.059314,54342.078010
R232:54341.962867,0.000301,54341.962932,54342.078115,54342.078416
R233:54342.037321,0.092866,54342.037349,54342.078435,54342.171302
R234:54342.091957,0.051458,54342.091998,54342.171354,54342.222813
R235:54342.161050,0.025600,54342.161078,54342.222855,54342.248456
R236:54342.213502,0.063446,54342.213525,54342.248482,54342.311929
R237:54342.245846,0.056631,54342.245881,54342.311982,54342.368614
R238:54342.361696,0.001672,54342.361723,54342.368669,54342.370342
R239:54342.373780,0.057874,54342.373822,54342.373905,54342.431780
R240:54342.378741,0.048242,54342.415107,54342.431831,54342.480074
R241:54342.393894,0.041947,54342.415115,54342.480124,54342.522071
R242:54342.480208,0.000286,54342.480266,54342.522108,54342.522394
R243:54342.480425,0.015161,54342.522097,54342.522405,54342.537567
R244:54342.506635,0.097440,54342.522099,54342.537587,54342.635028
R245:54342.582933,0.020878,54342.582973,54342.635088,54342.655968
R246:54342.597442,0.105602,54342.623190,54342.655996,54342.761599
R247:54342.676287,0.018788,54342.676307,54342.761650,54342.780439
R248:54342.752159,0.010306,54342.752387,54342.780472,54342.790779
R249:54342.907079,0.035005,54342.907141,54342.907189,54342.942195
R250:54342.919439,0.056297,54342.942280,54342.943145,54342.999443
R251:54343.045625,0.010605,54343.045663,54343.045717,54343.056322
R252:54343.213341,0.061220,54343.213392,54343.213940,54343.275184
R253:54343.249326,0.039637,54343.254210,54343.275267,54343.314905
R254:54343.394534,0.134770,54343.394589,54343.394730,54343.529501
R255:54343.490578,0.130575,54343.490612,54343.529555,54343.660146
R256:54343.509620,0.135468,54343.509653,54343.660205,54343.795674
R257:54343.567039,0.040212,54343.567079,54343.795731,54343.835943
R258:54343.615943,0.080383,54343.615990,54343.835997,54343.916381
R259:54343.816255,0.045131,54343.816304,54343.916416,54343.961548
R260:54343.936966,0.268009,54343.937020,54343.961582,54344.229592
R261:54344.013896,0.019618,54344.013930,54344.229646,54344.249266
R262:54344.210205,0.044477,54344.210258,54344.249312,54344.293790
R263:54344.358458,0.071215,54344.358506,54344.358994,54344.430219
R264:54344.431074,0.079215,54344.431102,54344.431175,54344.510392
R265:54344.537881,0.046365,54344.537975,54344.538097,54344.584463
R266:54344.559841,0.009133,54344.559895,54344.584506,54344.593640
R267:54344.605372,0.100156,54344.605449,54344.605567,54344.705724
R268:54344.718896,0.054594,54344.718965,54344.719135,54344.773730
R269:54344.866519,0.047335,54344.866693,54344.866738,54344.914074
R270:54344.904673,0.051867,54344.904721,54344.914340,54344.966209
R271:54344.969662,0.008029,54344.969690,54344.969844,54344.977873
R272:54345.024990,0.001676,54345.025022,54345.025453,54345.027129
R273:54345.086883,0.036506,54345.086935,54345.087659,54345.124166
R274:54345.173236,0.036185,54345.173278,54345.173829,54345.210015
R275:54345.301017,0.033649,54345.301068,54345.301538,54345.335188
R276:54345.309651,0.002486,54345.335242,54345.335536,54345.338022
R277:54345.360703,0.024279,54345.360735,54345.361062,54345.385342
R278:54345.481078,0.030085,54345.481135,54345.481602,54345.511687
R279:54345.553712,0.026643,54345.553749,54345.554129,54345.580773
R280:54345.564906,0.026108,54345.580833,54345.581184,54345.607293
R281:54345.585233,0.063221,54345.607324,54345.607616,54345.670838
R282:54345.586538,0.083818,54345.607564,54345.670892,54345.754711
R283:54345.647502,0.029597,54345.648131,54345.754749,54345.784347
R284:54345.710238,0.266592,54345.710305,54345.784388,54346.050981
R285:54345.757088,0.003858,54345.757114,54346.051027,54346.054886
R286:54345.762197,0.045476,54345.762251,54346.054946,54346.100422
R287:54345.836372,0.012409,54345.836440,54346.100480,54346.112890
R288:54345.855872,0.128532,54345.877219,54346.112907,54346.241440
R289:54345.928250,0.031074,54345.928305,54346.241498,54346.272573
R290:54346.025283,0.095052,54346.025492,54346.272631,54346.367683
R291:54346.067773,0.148709,54346.067865,54346.367788,54346.516498
R292:54346.287128,0.072839,54346.287176,54346.516537,54346.589376
R293:54346.452484,0.038474,54346.452530,54346.589415,54346.627889
R294:54346.482360,0.032461,54346.482421,54346.627948,54346.660410
R295:54346.500272,0.031384,54346.500308,54346.660455,54346.691875
R296:54346.714232,0.170984,54346.714279,54346.714752,54346.885736
R297:54346.868896,0.030628,54346.869022,54346.885763,54346.916392
R298:54346.884299,0.072717,54346.884340,54346.916418,54346.989136
R299:54346.992746,0.014892,54346.992783,54346.992833,54347.007726
R300:54347.160877,0.165529,54347.161041,54347.161146,54347.326675
R301:54347.263419,0.025740,54347.263468,54347.326726,54347.352476
R302:54347.292868,0.040422,54347.292946,54347.352539,54347.392962
R303:54347.352612,0.010600,54347.352638,54347.393027,54347.403627
R304:54347.422298,0.022323,54347.422343,54347.422756,54347.445079
R305:54347.468907,0.124159,54347.468939,54347.469265,54347.593425
R306:54347.545358,0.046639,54347.545409,54347.593509,54347.640148
R307:54347.562585,0.005814,54347.562621,54347.640211,54347.646048
R308:54347.706036,0.011095,54347.706236,54347.706300,54347.717396
R309:54347.739589,0.044909,54347.739905,54347.739911,54347.784822
R310:54347.813994,0.045359,54347.814213,54347.814225,54347.859585
R311:54347.894825,0.041148,54347.895398,54347.895405,54347.936554
R312:54347.899347,0.013895,54347.899377,54347.937407,54347.951302
R313:54347.958663,0.021068,54347.959327,54347.959335,54347.980404
R314:54347.960332,0.128649,54347.960357,54347.980492,54348.109142
R315:54347.961102,0.073633,54347.980465,54348.109189,54348.182823
R316:54348.026916,0.135357,54348.026949,54348.182868,54348.318226
R317:54348.182881,0.029709,54348.182909,54348.318260,54348.347970
R318:54348.196536,0.079294,54348.196634,54348.348008,54348.427303
R319:54348.244468,0.168604,54348.244518,54348.427350,54348.596207
R320:54348.317363,0.017328,54348.317484,54348.596261,54348.613590
R321:54348.329642,0.022788,54348.329679,54348.613633,54348.636421
R322:54348.482510,0.068844,54348.482596,54348.636464,54348.705310
R323:54348.646717,0.015941,54348.646753,54348.705362,54348.721303
R324:54348.693017,0.006524,54348.693104,54348.721316,54348.727841
R325:54348.902522,0.048801,54348.902681,54348.902691,54348.951493
R326:54349.046075,0.129207,54349.046130,54349.046702,54349.175910
R327:54349.136785,0.016584,54349.136844,54349.175961,54349.192545
R328:54349.151433,0.011344,54349.151486,54349.192592,54349.203936
R329:54349.164605,0.009694,54349.164647,54349.203972,54349.213666
R330:54349.234981,0.012910,54349.235035,54349.235166,54349.248076
R331:54349.244842,0.000698,54349.248117,54349.248129,54349.248828
R332:54349.454646,0.006391,54349.454838,54349.454851,54349.461242
R333:54349.467313,0.052284,54349.467370,54349.467442,54349.519727
R334:54349.511680,0.005316,54349.511704,54349.519766,54349.525092
R335:54349.688033,0.003658,54349.688119,54349.688634,54349.692293
R336:54349.756308,0.034302,54349.756373,54349.756801,54349.791104
R337:54349.792148,0.017349,54349.792175,54349.792195,54349.809545
R338:54349.833226,0.121743,54349.833281,54349.833388,54349.955132
R339:54349.853394,0.010580,54349.874355,54349.955226,54349.965807
R340:54349.913125,0.028268,54349.913194,54349.965829,54349.994099
R341:54349.915892,0.069996,54349.915925,54349.994117,54350.064114
R342:54350.036084,0.309983,54350.036122,54350.064190,54350.374219
R343:54350.067674,0.037069,54350.067702,54350.374256,54350.411326
R344:54350.070361,0.054205,54350.108191,54350.411352,54350.465557
R345:54350.086457,0.019846,54350.108199,54350.465592,54350.485439
R346:54350.172468,0.052024,54350.172524,54350.485485,54350.537509
R347:54350.329840,0.002574,54350.329880,54350.537556,54350.540130
R348:54350.359878,0.081311,54350.359912,54350.540163,54350.621475
R349:54350.464137,0.057273,54350.464316,54350.621514,54350.678788
R350:54350.550280,0.018767,54350.550306,54350.678897,54350.697665
R351:54350.717885,0.017686,54350.717932,54350.718012,54350.735699
R352:54350.817728,0.010478,54350.817781,54350.818366,54350.828845
R353:54350.936260,0.002746,54350.936311,54350.936654,54350.939401
R354:54351.000301,0.008556,54351.000344,54351.000714,54351.009271
R355:54351.008037,0.007319,54351.009493,54351.009563,54351.016882
R356:54351.028086,0.002990,54351.028119,54351.028506,54351.031498
R357:54351.091743,0.145479,54351.091816,54351.093551,54351.239032
R358:54351.249250,0.129660,54351.249284,54351.249443,54351.379104
R359:54351.253455,0.014851,54351.253487,54351.379156,54351.394007
R360:54351.298776,0.009246,54351.298838,54351.394024,54351.403271
R361:54351.362068,0.032347,54351.362125,54351.403289,54351.435636
R362:54351.424935,0.130230,54351.424981,54351.435683,54351.565914
R363:54351.545798,0.043644,54351.545841,54351.565943,54351.609588
R364:54351.599315,0.012760,54351.599359,54351.609626,54351.622386
R365:54351.692791,0.050199,54351.698973,54351.711883,54351.762083
R366:54351.726241,0.000840,54351.749398,54351.762141,54351.762981
R367:54351.782213,0.021351,54351.782257,54351.783061,54351.804412
R368:54351.973836,0.036973,54351.973884,54351.974421,54352.011395
R369:54351.990423,0.018348,54352.011438,54352.011447,54352.029797
R370:54352.027086,0.051801,54352.029837,54352.029848,54352.081649
R371:54352.108525,0.015669,54352.108721,54352.108732,54352.124402
R372:54352.150529,0.020240,54352.150586,54352.150635,54352.170876
R373:54352.237466,0.071191,54352.237675,54352.237686,54352.308878
R374:54352.254820,0.057533,54352.278232,54352.308935,54352.366470
R375:54352.276328,0.093256,54352.278236,54352.367336,54352.465184
R376:54352.277549,0.045910,54352.278250,54352.465226,54352.511136
R377:54352.414294,0.055125,54352.414340,54352.511166,54352.566291
R378:54352.442130,0.094194,54352.455311,54352.566323,54352.660518
R379:54352.496376,0.014801,54352.496418,54352.660560,54352.675362
R380:54352.517488,0.036117,54352.517518,54352.675418,54352.711536
R381:54352.523112,0.047262,54352.558283,54352.711587,54352.758850
R382:54352.680795,0.086111,54352.680816,54352.758905,54352.845016
R383:54352.735160,0.066732,54352.735207,54352.845070,54352.911803
R384:54352.963356,0.022310,54352.963480,54352.963489,54352.985799
R385:54352.993569,0.001208,54352.993839,54352.993848,54352.995072
R386:54352.996867,0.033399,54352.997106,54352.997114,54353.030514
R387:54352.997312,0.061595,54353.030557,54353.030571,54353.092167
R388:54353.022091,0.035404,54353.030560,54353.092233,54353.127638
R389:54353.144686,0.004074,54353.144848,54353.144859,54353.148934
R390:54353.189812,0.033048,54353.190005,54353.190016,54353.223066
R391:54353.205086,0.002218,54353.223149,54353.223163,54353.225381
R392:54353.388640,0.014042,54353.388823,54353.388833,54353.402876
R393:54353.395060,0.047240,54353.402925,54353.402938,54353.450178
R394:54353.483880,0.162940,54353.484080,54353.484091,54353.647032
R395:54353.491001,0.009082,54353.491086,54353.647066,54353.656148
R396:54353.635713,0.070793,54353.635793,54353.656158,54353.726952
R397:54353.682296,0.000350,54353.682400,54353.726990,54353.727340
R398:54353.789952,0.066678,54353.790123,54353.790132,54353.856810
R399:54353.851798,0.127920,54353.853250,54353.856840,54353.984761
R400:54353.949171,0.077474,54353.949547,54353.984849,54354.062324
R401:54353.956724,0.005350,54353.984856,54354.062361,54354.067712
R402:54354.165970,0.013677,54354.166053,54354.166388,54354.180066
R403:54354.189086,0.004993,54354.189159,54354.189570,54354.194564
R404:54354.307771,0.016232,54354.307807,54354.308087,54354.324320
R405:54354.405954,0.138801,54354.405992,54354.406379,54354.545180
R406:54354.419650,0.005084,54354.446184,54354.545232,54354.550317
R407:54354.522025,0.093305,54354.522067,54354.550352,54354.643658
R408:54354.805715,0.058958,54354.805768,54354.805837,54354.864796
R409:54354.835719,0.028493,54354.846182,54354.864845,54354.893575
R410:54354.879337,0.019577,54354.879381,54354.893696,54354.913287
R411:54354.955272,0.006962,54354.955311,54354.955751,54354.962713
R412:54355.020987,0.023741,54355.021027,54355.021495,54355.045236
R413:54355.027130,0.053922,54355.045275,54355.045618,54355.099541
R414:54355.037705,0.106299,54355.045602,54355.099632,54355.205932
R415:54355.046427,0.011841,54355.086316,54355.205975,54355.217816
R416:54355.108856,0.037633,54355.108900,54355.217840,54355.255473
R417:54355.188584,0.143430,54355.188630,54355.255494,54355.398926
R418:54355.216429,0.006510,54355.216459,54355.398976,54355.405487
R419:54355.321624,0.036174,54355.321655,54355.405514,54355.441688
R420:54355.324792,0.011885,54355.362168,54355.441757,54355.453672
R421:54355.361403,0.008727,54355.362176,54355.453709,54355.462437
R422:54355.404610,0.028437,54355.404637,54355.462461,54355.490899
R423:54355.431141,0.052461,54355.431180,54355.490926,54355.543388
R424:54355.431803,0.030990,54355.441744,54355.543429,54355.574420
R425:54355.441749,0.075763,54355.453698,54355.574451,54355.650215
R426:54355.448171,0.057708,54355.453700,54355.650252,54355.707961
R427:54355.558541,0.100945,54355.558660,54355.707999,54355.808944
R428:54355.731512,0.002417,54355.731546,54355.808990,54355.811408
R429:54355.737410,0.009748,54355.772289,54355.811415,54355.821164
R430:54355.791572,0.005800,54355.791620,54355.821189,54355.826989
R431:54355.979781,0.045341,54355.979824,54355.979886,54356.025227
R432:54356.014954,0.060255,54356.020305,54356.025262,54356.085518
R433:54356.087922,0.026096,54356.087939,54356.088283,54356.114380
R434:54356.143528,0.043099,54356.143569,54356.143911,54356.187011
R435:54356.267174,0.012534,54356.267251,54356.267686,54356.280221
R436:54356.449149,0.023436,54356.449196,54356.449726,54356.473163
R437:54356.560541,0.005129,54356.560592,54356.561087,54356.566216
R438:54356.595020,0.024496,54356.595201,54356.595610,54356.620107
R439:54356.713026,0.136042,54356.713135,54356.713150,54356.849194
R440:54356.811461,0.089030,54356.811513,54356.849290,54356.938321
R441:54356.946737,0.050421,54356.946771,54356.946879,54356.997301
R442:54357.036364,0.048996,54357.036429,54357.036980,54357.085977
R443:54357.088364,0.043234,54357.088398,54357.088635,54357.131870
R444:54357.138303,0.001496,54357.138345,54357.138694,54357.140191
R445:54357.217992,0.045778,54357.218037,54357.218457,54357.264236
R446:54357.318843,0.007771,54357.318898,54357.319625,54357.327396
R447:54357.329635,0.075121,54357.329657,54357.329898,54357.405020
R448:54357.345283,0.066460,54357.370206,54357.405073,54357.471543
R449:54357.478185,0.054937,54357.478220,54357.478429,54357.533367
R450:54357.492835,0.005579,54357.519129,54357.533440,54357.539020
R451:54357.519915,0.005392,54357.519932,54357.539033,54357.544426
R452:54357.676812,0.015757,54357.676849,54357.677447,54357.693206
R453:54357.723616,0.016965,54357.723659,54357.724090,54357.741056
R454:54357.739626,0.146874,54357.741514,54357.741531,54357.888406
R455:54357.816496,0.035354,54357.816540,54357.888464,54357.923818
R456:54357.835098,0.137717,54357.835138,54357.923839,54358.061557
R457:54357.943652,0.017450,54357.943703,54358.061611,54358.079062
R458:54357.955709,0.051714,54357.955745,54358.079086,54358.130801
R459:54358.015729,0.013254,54358.015776,54358.130858,54358.144112
R460:54358.163912,0.049626,54358.163997,54358.164127,54358.213755
R461:54358.244176,0.083831,54358.244222,54358.244341,54358.328173
R462:54358.372849,0.001443,54358.372904,54358.372960,54358.374431
R463:54358.479667,0.048062,54358.479718,54358.479842,54358.527905
R464:54358.543558,0.074457,54358.543595,54358.543999,54358.618457
R465:54358.646767,0.003993,54358.646823,54358.647270,54358.651264
R466:54358.670779,0.009481,54358.670823,54358.671381,54358.680863
R467:54358.822414,0.022298,54358.822483,54358.823090,54358.845388
R468:54358.836643,0.023798,54358.845426,54358.845575,54358.869374
R469:54358.878539,0.005306,54358.878686,54358.878768,54358.884083
R470:54358.953263,0.101796,54358.953322,54358.953375,54359.055171
R471:54358.981546,0.005500,54358.994289,54359.055217,54359.060718
R472:54359.048432,0.069259,54359.048484,54359.060739,54359.129999
R473:54359.165621,0.022848,54359.165669,54359.166132,54359.188981
R474:54359.202143,0.015886,54359.202216,54359.202289,54359.218175
R475:54359.238190,0.003534,54359.238239,54359.238721,54359.242255
R476:54359.303696,0.028299,54359.303767,54359.303903,54359.332203
R477:54359.469457,0.056173,54359.469526,54359.469709,54359.525883
R478:54359.621832,0.031899,54359.621892,54359.621940,54359.653839
R479:54359.666108,0.012707,54359.666171,54359.666316,54359.679023
R480:54359.690965,0.042986,54359.691040,54359.691141,54359.734127
R481:54359.711307,0.006738,54359.731324,54359.734187,54359.740941
R482:54359.736954,0.032711,54359.736980,54359.740966,54359.773677
R483:54359.835906,0.010690,54359.835959,54359.836083,54359.846773
R484:54359.883547,0.007158,54359.883595,54359.884097,54359.891256
R485:54360.023486,0.010202,54360.023516,54360.023973,54360.034176
R486:54360.048350,0.115517,54360.048392,54360.048933,54360.164451
R487:54360.048636,0.082674,54360.089352,54360.164492,54360.247167
R488:54360.073027,0.058162,54360.089370,54360.247272,54360.305435
R489:54360.148205,0.002288,54360.148264,54360.305488,54360.307776
R490:54360.162094,0.074596,54360.162127,54360.307791,54360.382387
R491:54360.391590,0.098759,54360.391622,54360.391677,54360.490445
R492:54360.400264,0.257460,54360.432097,54360.490475,54360.747936
R493:54360.416909,0.055117,54360.432102,54360.747980,54360.803098
R494:54360.471841,0.088172,54360.471896,54360.803158,54360.891331
R495:54360.516751,0.062223,54360.516801,54360.891384,54360.953609
R496:54360.676063,0.010752,54360.676117,54360.953644,54360.964397
R497:54360.713341,0.008404,54360.713391,54360.964426,54360.972830
R498:54360.843875,0.019567,54360.843919,54360.972864,54360.992432
R499:54360.924944,0.038019,54360.924992,54360.992952,54361.030973
R500:54360.955687,0.051134,54360.955714,54361.030993,54361.082128
R501:54360.999596,0.030816,54360.999630,54361.082191,54361.113007
R502:54361.090127,0.000293,54361.090237,54361.113062,54361.113355
R503:54361.145988,0.010637,54361.146049,54361.146162,54361.156800
R504:54361.168455,0.029358,54361.168491,54361.168624,54361.197983
R505:54361.253007,0.052934,54361.253064,54361.253126,54361.306080
R506:54361.272432,0.021487,54361.293634,54361.306126,54361.327614
R507:54361.290175,0.027792,54361.293641,54361.327669,54361.355462
R508:54361.342647,0.002589,54361.342693,54361.355520,54361.358109
R509:54361.373587,0.082867,54361.373670,54361.373804,54361.456672
R510:54361.381211,0.215788,54361.381251,54361.456730,54361.672519
R511:54361.532555,0.016723,54361.532655,54361.672564,54361.689288
R512:54361.585392,0.022256,54361.585432,54361.689324,54361.711580
R513:54361.599732,0.096134,54361.599762,54361.711616,54361.807751
R514:54361.641229,0.077133,54361.641395,54361.807804,54361.884937
R515:54361.723624,0.007561,54361.723658,54361.885003,54361.892564
R516:54361.758701,0.005457,54361.764103,54361.892710,54361.898187
R517:54361.798882,0.171625,54361.798931,54361.898215,54362.069841
R518:54361.864665,0.101662,54361.864817,54362.069884,54362.171547
R519:54361.873255,0.081127,54361.884990,54362.171598,54362.252726
R520:54361.885682,0.025183,54361.892697,54362.252789,54362.277972
R521:54361.912761,0.038001,54361.913132,54362.278030,54362.316032
R522:54361.957024,0.175398,54361.957056,54362.316139,54362.491538
R523:54362.054823,0.004635,54362.055124,54362.491581,54362.496216
R524:54362.282931,0.002727,54362.282955,54362.496234,54362.498961
R525:54362.284500,0.114890,54362.316126,54362.498964,54362.613855
R526:54362.447785,0.027163,54362.447837,54362.613887,54362.641050
R527:54362.450874,0.012414,54362.450893,54362.641107,54362.653530
R528:54362.465475,0.048748,54362.465631,54362.653557,54362.702306
R529:54362.573447,0.030947,54362.573947,54362.702348,54362.733297
R530:54362.579496,0.030803,54362.613898,54362.733317,54362.764122
R531:54362.617229,0.090252,54362.641096,54362.764150,54362.854402
R532:54362.683263,0.011297,54362.683299,54362.854461,54362.865759
R533:54362.742952,0.055823,54362.743063,54362.865823,54362.921646
R534:54362.859287,0.164239,54362.859310,54362.921678,54363.085918
R535:54362.864805,0.024267,54362.865810,54363.085978,54363.110245
R536:54362.910935,0.133577,54362.910980,54363.110279,54363.243857
R537:54362.942817,0.005449,54362.943168,54363.243928,54363.249425
R538:54363.121430,0.104214,54363.121484,54363.249495,54363.353710
R539:54363.286852,0.127172,54363.286900,54363.353757,54363.480931
R540:54363.302263,0.004697,54363.327212,54363.480979,54363.485676
R541:54363.490967,0.172722,54363.491005,54363.491154,54363.663877
R542:54363.614156,0.000237,54363.614248,54363.663932,54363.664169
R543:54363.665152,0.016927,54363.665243,54363.665250,54363.682188
R544:54363.680398,0.015183,54363.680497,54363.682217,54363.697400
R545:54363.751114,0.001859,54363.751230,54363.751241,54363.753100
R546:54363.849868,0.021578,54363.850809,54363.850821,54363.876848
R547:54363.942325,0.016784,54363.942655,54363.942666,54363.959451
R548:54364.089260,0.056236,54364.089702,54364.089727,54364.145963
R549:54364.146789,0.048916,54364.147273,54364.147282,54364.196199
R550:54364.372801,0.028359,54364.372943,54364.372960,54364.401320
R551:54364.445507,0.276595,54364.445663,54364.445674,54364.722270
R552:54364.446255,0.129794,54364.486647,54364.722325,54364.852119
R553:54364.478616,0.015369,54364.486651,54364.852254,54364.867623
R554:54364.486207,0.017199,54364.486654,54364.867646,54364.884846
R555:54364.601852,0.065411,54364.602329,54364.884865,54364.950278
R556:54364.618124,0.000349,54364.618307,54364.950314,54364.950664
R557:54364.654121,0.110142,54364.654177,54364.950671,54365.060813
R558:54364.741304,0.108729,54364.741437,54365.060853,54365.169583
R559:54364.743306,0.050971,54364.743502,54365.169636,54365.220608
R560:54364.757531,0.129766,54364.757622,54365.220664,54365.350431
R561:54364.770810,0.102031,54364.770905,54365.351279,54365.453318
R562:54364.851791,0.039673,54364.851877,54365.453368,54365.493080
R563:54364.875606,0.088194,54364.875697,54365.493132,54365.581327
R564:54364.888356,0.005991,54364.888507,54365.581369,54365.587360
R565:54364.906932,0.098587,54364.906974,54365.587427,54365.686015
R566:54364.950999,0.030925,54364.951116,54365.686120,54365.717047
R567:54365.008171,0.120127,54365.008205,54365.717146,54365.837274
R568:54365.147147,0.156304,54365.147244,54365.837329,54365.993634
R569:54365.182283,0.010394,54365.182333,54365.993673,54366.004106
R570:54365.196070,0.022327,54365.220649,54366.004140,54366.026468
R571:54365.216443,0.049427,54365.220653,54366.026525,54366.075953
R572:54365.394901,0.047789,54365.394996,54366.075988,54366.123778
R573:54365.428192,0.023805,54365.428242,54366.123835,54366.147640
R574:54365.480531,0.059223,54365.480577,54366.147692,54366.206916
R575:54365.530597,0.052500,54365.530650,54366.206949,54366.259450
R576:54365.532112,0.059158,54365.571226,54366.259494,54366.318653
R577:54365.601359,0.112858,54365.601404,54366.318805,54366.431664
R578:54365.654084,0.056246,54365.654121,54366.431706,54366.487953
R579:54365.673947,0.031218,54365.686142,54366.487987,54366.519449
R580:54365.766122,0.009719,54365.766149,54366.519512,54366.529232
R581:54365.877273,0.020324,54365.877322,54366.529257,54366.549582
R582:54365.905732,0.010045,54365.905785,54366.549597,54366.559642
R583:54365.978780,0.001244,54365.978962,54366.559652,54366.560897
R584:54365.999704,0.027035,54365.999742,54366.560904,54366.587940
R585:54366.011141,0.024330,54366.011233,54366.587988,54366.612318
R586:54366.028789,0.006944,54366.028817,54366.612379,54366.619323
R587:54366.137195,0.007830,54366.137255,54366.619360,54366.627191
R588:54366.138867,0.037810,54366.138892,54366.627210,54366.665047
R589:54366.237177,0.014184,54366.237257,54366.665081,54366.679266
R590:54366.290704,0.039016,54366.290742,54366.679302,54366.718319
R591:54366.309325,0.092931,54366.318750,54366.718367,54366.811299
R592:54366.472263,0.026993,54366.472383,54366.811345,54366.838339
R593:54366.493705,0.032394,54366.493813,54366.838396,54366.870791
R594:54366.590704,0.031129,54366.590776,54366.870825,54366.901955
R595:54366.598011,0.106316,54366.612489,54366.902033,54367.008351
R596:54366.801500,0.015491,54366.801552,54367.008382,54367.023874
R597:54366.875518,0.016287,54366.875607,54367.023898,54367.040186
R598:54366.894478,0.030649,54366.902267,54367.040293,54367.070944
R599:54366.937715,0.044159,54366.943164,54367.070977,54367.115137
R600:54366.963720,0.036165,54366.963989,54367.115162,54367.151327
R601:54367.114069,0.053031,54367.114118,54367.151375,54367.204407
R602:54367.369678,0.209917,54367.369716,54367.370263,54367.580181
R603:54367.443693,0.024687,54367.443736,54367.580220,54367.604909
R604:54367.558964,0.019464,54367.559021,54367.604968,54367.624432
R605:54367.610983,0.067387,54367.611044,54367.624481,54367.691869
R606:54367.683870,0.038148,54367.683899,54367.691907,54367.730055
R607:54367.826681,0.005247,54367.826731,54367.827301,54367.832549
R608:54367.889542,0.019560,54367.889588,54367.890067,54367.909628
R609:54368.104905,0.002217,54368.104950,54368.105387,54368.107605
R610:54368.166412,0.036462,54368.166632,54368.166948,54368.203411
R611:54368.277121,0.027869,54368.277171,54368.277625,54368.305496
R612:54368.461369,0.007474,54368.461494,54368.461735,54368.469210
R613:54368.570987,0.013235,54368.571189,54368.571332,54368.584568
R614:54368.658422,0.000396,54368.658455,54368.658501,54368.658897
R615:54368.723473,0.032032,54368.723507,54368.723554,54368.755586
R616:54368.845744,0.078252,54368.845781,54368.846147,54368.924413
R617:54368.898705,0.009151,54368.898747,54368.924464,54368.933616
R618:54368.908488,0.129855,54368.908527,54368.933676,54369.063532
R619:54369.015533,0.017225,54369.015565,54369.063574,54369.080800
R620:54369.074086,0.010757,54369.074119,54369.080837,54369.091594
R621:54369.094767,0.005948,54369.094815,54369.094892,54369.100840
R622:54369.097717,0.047842,54369.097740,54369.100871,54369.148713
R623:54369.191027,0.056685,54369.191071,54369.191134,54369.247820
R624:54369.208194,0.077621,54369.231334,54369.247871,54369.325493
R625:54369.408786,0.064886,54369.408831,54369.409344,54369.474231
R626:54369.500246,0.051873,54369.500288,54369.500741,54369.552615
R627:54369.527028,0.004723,54369.527156,54369.552659,54369.557382
R628:54369.539170,0.098107,54369.539209,54369.557393,54369.655500
R629:54369.649184,0.024031,54369.649284,54369.655535,54369.679567
R630:54369.677611,0.007646,54369.677651,54369.679598,54369.687244
R631:54369.822118,0.024719,54369.822155,54369.822209,54369.846929
R632:54369.960004,0.199373,54369.960052,54369.960589,54370.159963
R633:54370.153182,0.061656,54370.153247,54370.159998,54370.221654
R634:54370.211707,0.006063,54370.211747,54370.221687,54370.227751
R635:54370.381462,0.008417,54370.381497,54370.381676,54370.390093
R636:54370.381514,0.001608,54370.390172,54370.390185,54370.391794
R637:54370.407839,0.001783,54370.407954,54370.408423,54370.410207
R638:54370.430160,0.032588,54370.430205,54370.430280,54370.462868
R639:54370.504832,0.044239,54370.505424,54370.505432,54370.549672
R640:54370.594153,0.028523,54370.594241,54370.594263,54370.622803
R641:54370.616534,0.042563,54370.616571,54370.622846,54370.665410
R642:54370.643560,0.031573,54370.643602,54370.665460,54370.697034
R643:54370.649654,0.100077,54370.665450,54370.697080,54370.797158
R644:54370.727943,0.213244,54370.727989,54370.797200,54371.010444
R645:54370.757756,0.010842,54370.768261,54371.010477,54371.021320
R646:54370.778483,0.005330,54370.778522,54371.021348,54371.026685
R647:54370.788459,0.003118,54370.788506,54371.026713,54371.029831
R648:54370.851548,0.007674,54370.851597,54371.029850,54371.037525
R649:54370.857910,0.228016,54370.892147,54371.037558,54371.265575
R650:54370.962868,0.073293,54370.962920,54371.265621,54371.338915
R651:54370.984350,0.041535,54370.984376,54371.338986,54371.380521
R652:54370.995677,0.026513,54370.995705,54371.380570,54371.407085
R653:54371.111633,0.029740,54371.111680,54371.407112,54371.436852
R654:54371.178395,0.018734,54371.178445,54371.436893,54371.455628
R655:54371.337692,0.008572,54371.337774,54371.455665,54371.464237
R656:54371.340691,0.021506,54371.340710,54371.464253,54371.485759
R657:54371.439216,0.087901,54371.439388,54371.485789,54371.573691
R658:54371.533869,0.025038,54371.533911,54371.573742,54371.598781
R659:54371.656172,0.007855,54371.656228,54371.656302,54371.664157
R660:54371.740526,0.139814,54371.740580,54371.741139,54371.880954
R661:54371.774826,0.035425,54371.781235,54371.881019,54371.916445
R662:54371.804605,0.129726,54371.804660,54371.916500,54372.046227
R663:54371.807651,0.006543,54371.807673,54372.046280,54372.052824
R664:54371.868008,0.020560,54371.868100,54372.052845,54372.073406
R665:54371.873324,0.019585,54371.873369,54372.073432,54372.093018
R666:54371.882050,0.014831,54371.882165,54372.093031,54372.107863
R667:54371.890476,0.118783,54371.916487,54372.107898,54372.226682
R668:54372.047617,0.033436,54372.047649,54372.226736,54372.260209
R669:54372.127655,0.040895,54372.127695,54372.260227,54372.301123
R670:54372.160305,0.024788,54372.168117,54372.301179,54372.325967
R671:54372.276360,0.039633,54372.276414,54372.325990,54372.365624
R672:54372.366914,0.029609,54372.366974,54372.366982,54372.396592
R673:54372.463608,0.040845,54372.464128,54372.464139,54372.504984
R674:54372.497379,0.003492,54372.504316,54372.505012,54372.508504
R675:54372.628705,0.012467,54372.628881,54372.628891,54372.641358
R676:54372.715668,0.002244,54372.715706,54372.716130,54372.718375
R677:54372.716211,0.002381,54372.718665,54372.718678,54372.721059
R678:54372.809376,0.017575,54372.809459,54372.809526,54372.827102
R679:54373.058161,0.001876,54373.058235,54373.058358,54373.060234
R680:54373.071595,0.016521,54373.071643,54373.071759,54373.088281
R681:54373.143464,0.067314,54373.143521,54373.143603,54373.210918
R682:54373.175622,0.014335,54373.184363,54373.210953,54373.225289
R683:54373.230836,0.011551,54373.230864,54373.230976,54373.242528
R684:54373.305273,0.000111,54373.305475,54373.305699,54373.305810
R685:54373.400801,0.038505,54373.400851,54373.400925,54373.439431
R686:54373.504358,0.032805,54373.504471,54373.504788,54373.537594
R687:54373.540136,0.007167,54373.540183,54373.540605,54373.547773
R688:54373.546515,0.030751,54373.548153,54373.548246,54373.578997
R689:54373.734510,0.073225,54373.734556,54373.734972,54373.808198
R690:54373.818671,0.025152,54373.818844,54373.819094,54373.844259
R691:54373.872270,0.038098,54373.872533,54373.873336,54373.911435
R692:54374.197729,0.063253,54374.197771,54374.198093,54374.261348
R693:54374.239138,0.026248,54374.239526,54374.261388,54374.287636
R694:54374.301180,0.069104,54374.301320,54374.301550,54374.370654
R695:54374.302284,0.052160,54374.342271,54374.370700,54374.422861
R696:54374.344445,0.082033,54374.344522,54374.422894,54374.504928
R697:54374.346748,0.042010,54374.346834,54374.505003,54374.547014
R698:54374.381851,0.001745,54374.382194,54374.547036,54374.548781
R699:54374.385975,0.078586,54374.422362,54374.548789,54374.627376
R700:54374.492505,0.038781,54374.493505,54374.627420,54374.666202
R701:54374.495298,0.028072,54374.505434,54374.666260,54374.694333
R702:54374.523909,0.026699,54374.546362,54374.694380,54374.721079
R703:54374.525446,0.148511,54374.546370,54374.721129,54374.869641
R704:54374.584658,0.014712,54374.585209,54374.869697,54374.884410
R705:54374.732216,0.025535,54374.732933,54374.884436,54374.909971
R706:54374.822593,0.061378,54374.824179,54374.909988,54374.971367
R707:54374.897764,0.004684,54374.898320,54374.971417,54374.976101
R708:54375.091143,0.035969,54375.091358,54375.091466,54375.127435
R709:54375.130755,0.028895,54375.130832,54375.131260,54375.160156
R710:54375.180098,0.143307,54375.180205,54375.180824,54375.324132
R711:54375.201902,0.017280,54375.221153,54375.324227,54375.341508
R712:54375.208418,0.032129,54375.221174,54375.341535,54375.373665
R713:54375.307283,0.081646,54375.307435,54375.373703,54375.455350
R714:54375.448269,0.050427,54375.448731,54375.455392,54375.505819
R715:54375.499092,0.039360,54375.499703,54375.505860,54375.545221
R716:54375.564081,0.130383,54375.564658,54375.564733,54375.695118
R717:54375.577888,0.010879,54375.605341,54375.695156,54375.706042
R718:54375.840032,0.038573,54375.840193,54375.840239,54375.878812
R719:54375.869876,0.011984,54375.869938,54375.878853,54375.890838
R720:54375.881086,0.098938,54375.881174,54375.890891,54375.989829
R721:54375.993554,0.029241,54375.993631,54375.993730,54376.022971
R722:54376.061479,0.039507,54376.061612,54376.061732,54376.101240
R723:54376.121719,0.252011,54376.121809,54376.122007,54376.374020
R724:54376.176119,0.001526,54376.176200,54376.374075,54376.375602
R725:54376.180584,0.019360,54376.180648,54376.375612,54376.394973
R726:54376.221157,0.036599,54376.221263,54376.394989,54376.431589
R727:54376.479699,0.064074,54376.479761,54376.479868,54376.543944
R728:54376.547694,0.032108,54376.547765,54376.547959,54376.580072
R729:54376.903404,0.034806,54376.903506,54376.903531,54376.938338
R730:54376.957034,0.006618,54376.957164,54376.957801,54376.964451
R731:54376.965428,0.016698,54376.965495,54376.965822,54376.982520
R732:54376.968911,0.001054,54376.982614,54376.982730,54376.983784
R733:54376.972639,0.024739,54376.982618,54376.983815,54377.008555
R734:54377.019340,0.048869,54377.019402,54377.019941,54377.068814
R735:54377.077855,0.021623,54377.077934,54377.078358,54377.099982
R736:54377.144016,0.012196,54377.144095,54377.144436,54377.156634
R737:54377.191581,0.002787,54377.191628,54377.192035,54377.194822
R738:54377.304498,0.019733,54377.304574,54377.305318,54377.325113
R739:54377.407386,0.086254,54377.407437,54377.407826,54377.494081
R740:54377.411028,0.032715,54377.448284,54377.494139,54377.526855
R741:54377.442543,0.019972,54377.448288,54377.526916,54377.546889
R742:54377.453590,0.070559,54377.453625,54377.546945,54377.617505
R743:54377.966809,0.243663,54377.966998,54377.967010,54378.210674
R744:54377.970774,0.043221,54377.970832,54378.210708,54378.253929
R745:54377.989563,0.020705,54377.989616,54378.253974,54378.274681
R746:54378.038938,0.038848,54378.039084,54378.274769,54378.313617
R747:54378.126739,0.069905,54378.126841,54378.314186,54378.384104
R748:54378.197745,0.005404,54378.197845,54378.384160,54378.389565
R749:54378.257578,0.006368,54378.257668,54378.389615,54378.395984
R750:54378.269145,0.068646,54378.274752,54378.396079,54378.464726
R751:54378.361772,0.011888,54378.361809,54378.464765,54378.476653
R752:54378.407878,0.015364,54378.407921,54378.476678,54378.492042
R753:54378.644082,0.064690,54378.644145,54378.644153,54378.708844
R754:54378.670774,0.018812,54378.670841,54378.708890,54378.727703
R755:54378.734703,0.146696,54378.734752,54378.734863,54378.881559
R756:54378.791465,0.058640,54378.791502,54378.881617,54378.940258
R757:54378.904363,0.078751,54378.904434,54378.940316,54379.019068
R758:54378.927573,0.019860,54378.927620,54379.019148,54379.039009
R759:54378.969963,0.056448,54378.970011,54379.039035,54379.095484
R760:54379.079987,0.016368,54379.080042,54379.095537,54379.111905
R761:54379.249382,0.046975,54379.249542,54379.249553,54379.296529
R762:54379.250658,0.050901,54379.290285,54379.296587,54379.347488
R763:54379.372977,0.023937,54379.373036,54379.373131,54379.397069
R764:54379.405266,0.035194,54379.405294,54379.405354,54379.440549
R765:54379.501913,0.031487,54379.502102,54379.502171,54379.533660
R766:54379.551578,0.176496,54379.551634,54379.552104,54379.728600
R767:54379.572427,0.012108,54379.592207,54379.728644,54379.740753
R768:54379.653615,0.144746,54379.653649,54379.740778,54379.885525
R769:54379.672860,0.087405,54379.672895,54379.885576,54379.972981
R770:54379.874938,0.033515,54379.874986,54379.973049,54380.006565
R771:54379.896385,0.002671,54379.896436,54380.006597,54380.009268
R772:54380.002329,0.002503,54380.002369,54380.009275,54380.011778
R773:54380.016521,0.049121,54380.016558,54380.016682,54380.065803
R774:54380.149857,0.049760,54380.149910,54380.149937,54380.199698
R775:54380.183700,0.016644,54380.191120,54380.199747,54380.216391
R776:54380.209454,0.019131,54380.209487,54380.216427,54380.235559
R777:54380.381175,0.065264,54380.381327,54380.381339,54380.446604
R778:54380.540492,0.014680,54380.540549,54380.540558,54380.555240
R779:54380.764729,0.059824,54380.765226,54380.765234,54380.825058
R780:54380.773154,0.046998,54380.805281,54380.825117,54380.872116
R781:54380.875080,0.000591,54380.875162,54380.875178,54380.875769
R782:54380.888141,0.092861,54380.888188,54380.888284,54380.981146
R783:54380.950737,0.084449,54380.950827,54380.981205,54381.065655
R784:54380.969306,0.009175,54380.969366,54381.065710,54381.074886
R785:54381.080416,0.002399,54381.080452,54381.080557,54381.082956
R786:54381.153767,0.026713,54381.153946,54381.153957,54381.180671
R787:54381.230156,0.090106,54381.230227,54381.230953,54381.321059
R788:54381.237762,0.143998,54381.271321,54381.321127,54381.465126
R789:54381.282206,0.091427,54381.282254,54381.465172,54381.556599
R790:54381.326643,0.071958,54381.326680,54381.556656,54381.628614
R791:54381.388113,0.033057,54381.388255,54381.628662,54381.661721
R792:54381.397915,0.000746,54381.397950,54381.661760,54381.662506
R793:54381.404336,0.001906,54381.404455,54381.662521,54381.664427
R794:54381.421837,0.019429,54381.421884,54381.664447,54381.683877
R795:54381.444808,0.001472,54381.444952,54381.683936,54381.685409
R796:54381.540278,0.115211,54381.540316,54381.685431,54381.800642
R797:54381.732304,0.035809,54381.732433,54381.800701,54381.836511
R798:54381.735847,0.015569,54381.774248,54381.836550,54381.852120
R799:54381.833405,0.038033,54381.833444,54381.852138,54381.890172
R800:54381.861935,0.171895,54381.861986,54381.890197,54382.062093
R801:54381.903111,0.004788,54381.903141,54382.062133,54382.066921
R802:54381.965374,0.056715,54381.965418,54382.066933,54382.123674
R803:54382.000131,0.093050,54382.000220,54382.123716,54382.216767
R804:54382.187473,0.024470,54382.187532,54382.216802,54382.241273
R805:54382.257622,0.010934,54382.257648,54382.257773,54382.268708
R806:54382.340152,0.082078,54382.340184,54382.340324,54382.422403
R807:54382.351873,0.013112,54382.381186,54382.422445,54382.435557
R808:54382.433374,0.111660,54382.433418,54382.435580,54382.547241
R809:54382.556451,0.004736,54382.556578,54382.556590,54382.561326
R810:54382.579039,0.000162,54382.579083,54382.579536,54382.579698
R811:54382.596413,0.007899,54382.596455,54382.596874,54382.604773
R812:54382.605581,0.008726,54382.605603,54382.605912,54382.614639
R813:54382.772655,0.052128,54382.772712,54382.773568,54382.825697
R814:54382.849351,0.207392,54382.849419,54382.850113,54383.057506
R815:54382.889354,0.099359,54382.889409,54383.057561,54383.156921
R816:54382.903662,0.071271,54382.903715,54383.156971,54383.228242
R817:54383.120906,0.020311,54383.120945,54383.228309,54383.248621
R818:54383.341338,0.106262,54383.341372,54383.343622,54383.449885
R819:54383.382593,0.003102,54383.382656,54383.449925,54383.453081
R820:54383.396760,0.099078,54383.396845,54383.453107,54383.552261
R821:54383.419182,0.027020,54383.419231,54383.552360,54383.579381
R822:54383.440489,0.138036,54383.440516,54383.579433,54383.717470
R823:54383.519683,0.033628,54383.519806,54383.717516,54383.751145
R824:54383.594824,0.123996,54383.594864,54383.751187,54383.875184
R825:54383.721332,0.002269,54383.721370,54383.875240,54383.877509
R826:54383.783554,0.060089,54383.783605,54383.877519,54383.937610
R827:54383.963793,0.086545,54383.963842,54383.964136,54384.050682
R828:54383.980333,0.094201,54383.980441,54384.050732,54384.144949
R829:54384.120813,0.016926,54384.120858,54384.145040,54384.161967
R830:54384.166475,0.052551,54384.166574,54384.166629,54384.219181
R831:54384.294196,0.076692,54384.294333,54384.294349,54384.371042
R832:54384.306063,0.005509,54384.306115,54384.371128,54384.376638
R833:54384.343970,0.094178,54384.344071,54384.376674,54384.470853
R834:54384.353091,0.017580,54384.353140,54384.470918,54384.488499
R835:54384.652980,0.014553,54384.653046,54384.653959,54384.670221
R836:54384.823673,0.008998,54384.823741,54384.824571,54384.833582
R837:54384.836221,0.087739,54384.836271,54384.836911,54384.924651
R838:54384.915538,0.019150,54384.915631,54384.924698,54384.943849
R839:54384.923346,0.133693,54384.923405,54384.943884,54385.077578
R840:54384.950901,0.113466,54384.950938,54385.077653,54385.191120
R841:54384.970086,0.008357,54384.970139,54385.191172,54385.199530
R842:54385.234863,0.009069,54385.234904,54385.235310,54385.244380
R843:54385.299715,0.030389,54385.299771,54385.300407,54385.330797
R844:54385.568662,0.029631,54385.568715,54385.569168,54385.598800
R845:54385.569766,0.093582,54385.598894,54385.599361,54385.692944
R846:54385.666773,0.111616,54385.666830,54385.692998,54385.804615
R847:54385.674341,0.035419,54385.674395,54385.804679,54385.840098
R848:54385.745978,0.069026,54385.746098,54385.840156,54385.909182
R849:54386.162529,0.200813,54386.162603,54386.162617,54386.363431
R850:54386.194687,0.015300,54386.194768,54386.363495,54386.378796
R851:54386.198131,0.011381,54386.198189,54386.378835,54386.390243
R852:54386.217344,0.117452,54386.217392,54386.390330,54386.507783
R853:54386.257728,0.037725,54386.257883,54386.507825,54386.545550
R854:54386.260270,0.021331,54386.260299,54386.545577,54386.566908
R855:54386.278497,0.030548,54386.278543,54386.566955,54386.597504
R856:54386.323220,0.028648,54386.323274,54386.597530,54386.626190
R857:54386.343372,0.091588,54386.343421,54386.626240,54386.717829
R858:54386.411290,0.044323,54386.411354,54386.717887,54386.762229
R859:54386.477256,0.047847,54386.477305,54386.762288,54386.810137
R860:54386.502465,0.001934,54386.502521,54386.810192,54386.812126
R861:54386.505359,0.007110,54386.505408,54386.812234,54386.819345
R862:54386.549911,0.004852,54386.549985,54386.819427,54386.824280
R863:54386.741102,0.131351,54386.741162,54386.824302,54386.955653
R864:54386.814482,0.271541,54386.814525,54386.955708,54387.227250
R865:54386.946168,0.108591,54386.946253,54387.227302,54387.335894
R866:54387.118402,0.007786,54387.118448,54387.335967,54387.343754
R867:54387.140164,0.058165,54387.160253,54387.343804,54387.401970
R868:54387.147264,0.006405,54387.160256,54387.402026,54387.408432
R869:54387.151736,0.015836,54387.160260,54387.408498,54387.424335
R870:54387.170791,0.056671,54387.170853,54387.424359,54387.481030
R871:54387.217835,0.062142,54387.217904,54387.481814,54387.543956
R872:54387.312074,0.020755,54387.312177,54387.543999,54387.564756
R873:54387.321820,0.062983,54387.335956,54387.564818,54387.627801
R874:54387.379484,0.093739,54387.379551,54387.627872,54387.721612
R875:54387.567421,0.164354,54387.567448,54387.721672,54387.886027
R876:54387.596503,0.079054,54387.608206,54387.886085,54387.965139
R877:54387.750810,0.084423,54387.750859,54387.965218,54388.049642
R878:54387.758103,0.066459,54387.791346,54388.049689,54388.116149
R879:54387.913755,0.065057,54387.913808,54388.116209,54388.181267
R880:54388.010895,0.052862,54388.010933,54388.181359,54388.234222
R881:54388.104785,0.231088,54388.104846,54388.234314,54388.465402
R882:54388.172889,0.060771,54388.172946,54388.465470,54388.526267
R883:54388.287046,0.093387,54388.287094,54388.526328,54388.619715
R884:54388.368322,0.112694,54388.368366,54388.619761,54388.732456
R885:54388.492541,0.017208,54388.492609,54388.732515,54388.749736
R886:54388.502536,0.093421,54388.502612,54388.749768,54388.843190
R887:54388.564148,0.058125,54388.564368,54388.843306,54388.901431
R888:54388.565358,0.040363,54388.605097,54388.901486,54388.941850
R889:54388.580313,0.005995,54388.605103,54388.941911,54388.947907
R890:54388.617284,0.066538,54388.617511,54388.947944,54389.014483
R891:54388.654138,0.016779,54388.654448,54389.014540,54389.031320
R892:54388.660205,0.009366,54388.694169,54389.031385,54389.040752
R893:54388.714215,0.026953,54388.714510,54389.040783,54389.067737
R894:54388.722331,0.092633,54388.722662,54389.067757,54389.160391
R895:54388.891969,0.050675,54388.892023,54389.160499,54389.211175
R896:54388.903834,0.071001,54388.903881,54389.211203,54389.282205
R897:54388.953128,0.017305,54388.953183,54389.282287,54389.299592
R898:54389.024475,0.018187,54389.024521,54389.299616,54389.317804
R899:54389.069914,0.016799,54389.069954,54389.317819,54389.334619
R900:54389.080679,0.014724,54389.080748,54389.334669,54389.349394
R901:54389.096752,0.074144,54389.121346,54389.349421,54389.423565
R902:54389.158222,0.043277,54389.158310,54389.423608,54389.466888
R903:54389.165970,0.016849,54389.166008,54389.467080,54389.483929
R904:54389.210091,0.099700,54389.210135,54389.483975,54389.583676
R905:54389.221265,0.038139,54389.221362,54389.583735,54389.621875
R906:54389.259693,0.032188,54389.262240,54389.621904,54389.654093
R907:54389.325249,0.006937,54389.325273,54389.654143,54389.661080
R908:54389.447870,0.125661,54389.447916,54389.661127,54389.786788
R909:54389.523059,0.040107,54389.523269,54389.786830,54389.826938
R910:54389.580746,0.058677,54389.580807,54389.826967,54389.885646
R911:54389.683747,0.014916,54389.683825,54389.885702,54389.900619
R912:54389.699286,0.084615,54389.725211,54389.900668,54389.985284
R913:54389.742001,0.120802,54389.742047,54389.985334,54390.106137
R914:54389.799368,0.058330,54389.799414,54390.106240,54390.164617
R915:54389.808959,0.019340,54389.809081,54390.164700,54390.184041
R916:54389.825511,0.074062,54389.825562,54390.184335,54390.258398
R917:54390.032567,0.002269,54390.032696,54390.258452,54390.260752
R918:54390.040538,0.040383,54390.073892,54390.260761,54390.301145
R919:54390.072107,0.033172,54390.073898,54390.301164,54390.334336
R920:54390.101312,0.065374,54390.101354,54390.334364,54390.399738
R921:54390.140859,0.000884,54390.140890,54390.399799,54390.400684
R922:54390.143409,0.090784,54390.164682,54390.400710,54390.491495
R923:54390.161182,0.094753,54390.164686,54390.491555,54390.586325
R924:54390.174344,0.059096,54390.184229,54390.586385,54390.645495
R925:54390.276027,0.036536,54390.276109,54390.645584,54390.682138
R926:54390.313182,0.044581,54390.313295,54390.682163,54390.726793
R927:54390.348230,0.089507,54390.348269,54390.726891,54390.816410
R928:54390.455430,0.019791,54390.455471,54390.816493,54390.836285
R929:54390.492714,0.037407,54390.492750,54390.836336,54390.873744
R930:54390.590080,0.140569,54390.590138,54390.873800,54391.014370
R931:54390.591301,0.159827,54390.591332,54391.014423,54391.174251
R932:54390.725760,0.141775,54390.725817,54391.174361,54391.316136
R933:54390.814959,0.003325,54390.815072,54391.316662,54391.319994
R934:54390.815957,0.020315,54390.816471,54391.320048,54391.340364
R935:54390.865646,0.122297,54390.865783,54391.340415,54391.462712
R936:54390.923222,0.041945,54390.923294,54391.462799,54391.504745
R937:54390.928727,0.015570,54390.963163,54391.504787,54391.520358
R938:54391.120506,0.004057,54391.120613,54391.520420,54391.524478
R939:54391.158244,0.008798,54391.158285,54391.524569,54391.533389
R940:54391.167580,0.036552,54391.167658,54391.533458,54391.577511
R941:54391.273756,0.008438,54391.273809,54391.577578,54391.586099
R942:54391.355425,0.030455,54391.355495,54391.586171,54391.616627
R943:54391.364000,0.036131,54391.364074,54391.616679,54391.652811
R944:54391.682370,0.065864,54391.682410,54391.682418,54391.748282
R945:54391.793451,0.080092,54391.793490,54391.793501,54391.873593
R946:54391.799410,0.109821,54391.799463,54391.873651,54391.983494
R947:54391.880546,0.024269,54391.880852,54391.983527,54392.007798
R948:54391.982554,0.071571,54391.982598,54392.007825,54392.079396
R949:54392.109311,0.019691,54392.109392,54392.109586,54392.129278
R950:54392.152119,0.314409,54392.152161,54392.152240,54392.466650
R951:54392.159510,0.008618,54392.194268,54392.466702,54392.475320
R952:54392.179263,0.009301,54392.194272,54392.475346,54392.484648
R953:54392.239194,0.177105,54392.239256,54392.484677,54392.661792
R954:54392.279020,0.039172,54392.279087,54392.661866,54392.701038
R955:54392.299504,0.000956,54392.299553,54392.701089,54392.702048
R956:54392.309784,0.083616,54392.309833,54392.702071,54392.785687
R957:54392.314475,0.009339,54392.314531,54392.785732,54392.795071
R958:54392.328283,0.008871,54392.328328,54392.795130,54392.804002
R959:54392.350737,0.002637,54392.350838,54392.804030,54392.806668
R960:54392.433573,0.064762,54392.433646,54392.806691,54392.871454
R961:54392.595067,0.041819,54392.595206,54392.871516,54392.913336
R962:54392.731476,0.046752,54392.731522,54392.913418,54392.960185
R963:54392.800032,0.029446,54392.800113,54392.960243,54392.989690
R964:54393.016300,0.025554,54393.016406,54393.016591,54393.042145
R965:54393.049342,0.031123,54393.049444,54393.049587,54393.080711
R966:54393.154719,0.000476,54393.154835,54393.155326,54393.155802
R967:54393.191176,0.166558,54393.191206,54393.191754,54393.358313
R968:54393.260797,0.002438,54393.260889,54393.358374,54393.360812
R969:54393.275085,0.027835,54393.275175,54393.360833,54393.388669
R970:54393.470967,0.003505,54393.471022,54393.471107,54393.474612
R971:54393.534991,0.052851,54393.535037,54393.535478,54393.588350
R972:54393.577358,0.048387,54393.577402,54393.588457,54393.636844
R973:54393.729032,0.008022,54393.729131,54393.729377,54393.737401
R974:54393.852882,0.035441,54393.852941,54393.852995,54393.888437
R975:54393.962211,0.056558,54393.962269,54393.962958,54394.019517
R976:54393.978345,0.002537,54394.003184,54394.019554,54394.022092
R977:54393.997484,0.094495,54394.003192,54394.022149,54394.116644
R978:54394.017587,0.010867,54394.017625,54394.116698,54394.127565
R979:54394.094102,0.001284,54394.094151,54394.127646,54394.128931
R980:54394.119070,0.003338,54394.119104,54394.128950,54394.132288
R981:54394.183844,0.253950,54394.183890,54394.184422,54394.438374
R982:54394.231894,0.005851,54394.231978,54394.438436,54394.444288
R983:54394.237544,0.014603,54394.237609,54394.444311,54394.458915
R984:54394.464537,0.111895,54394.464603,54394.464618,54394.576514
R985:54394.477150,0.069069,54394.477229,54394.576592,54394.645662
R986:54394.558975,0.006735,54394.559061,54394.645718,54394.652462
R987:54394.790921,0.091911,54394.791004,54394.791154,54394.883068
R988:54394.827744,0.012691,54394.831115,54394.883203,54394.895895
R989:54394.925698,0.037614,54394.926146,54394.926159,54394.963774
R990:54395.248898,0.010459,54395.248949,54395.249433,54395.259892
R991:54395.343054,0.168897,54395.343106,54395.344012,54395.512910
R992:54395.359641,0.029902,54395.384176,54395.512984,54395.542888
R993:54395.379153,0.112749,54395.384180,54395.542942,54395.655692
R994:54395.499798,0.005758,54395.499841,54395.655748,54395.661507
R995:54395.574240,0.013784,54395.574280,54395.662212,54395.675996
R996:54395.755279,0.026315,54395.755348,54395.755483,54395.781802
R997:54395.769014,0.014213,54395.769062,54395.781855,54395.796069
R998:54395.788261,0.010705,54395.788309,54395.796121,54395.806827
R999:54395.840736,0.056607,54395.840774,54395.840918,54395.897529
R1000:54395.890456,0.009977,54395.890490,54395.897577,54395.907554
R1001:54395.897026,0.002410,54395.897115,54395.907579,54395.909990
R1002:54395.936888,0.087927,54395.936945,54395.937048,54396.024976
R1003:54395.963242,0.002722,54395.963309,54396.025040,54396.027762
R1004:54396.119732,0.104819,54396.119791,54396.120354,54396.225209
R1005:54396.123683,0.076579,54396.123833,54396.225261,54396.301841
R1006:54396.186294,0.077495,54396.186341,54396.301936,54396.379431
R1007:54396.191555,0.018126,54396.191615,54396.379508,54396.397634
R1008:54396.290978,0.041561,54396.291100,54396.397659,54396.439231
R1009:54396.311280,0.107407,54396.311310,54396.439288,54396.546696
R1010:54396.327505,0.006373,54396.353098,54396.546825,54396.553200
R1011:54396.407881,0.093749,54396.407979,54396.553230,54396.646980
R1012:54396.417996,0.022232,54396.418139,54396.647058,54396.669291
R1013:54396.472376,0.002487,54396.472509,54396.669371,54396.671859
R1014:54396.480184,0.045166,54396.514147,54396.671893,54396.717116
R1015:54396.538185,0.050769,54396.538238,54396.717248,54396.768017
R1016:54396.632468,0.008280,54396.632597,54396.768117,54396.776398
R1017:54396.740720,0.004309,54396.740760,54396.776424,54396.780734
R1018:54396.823461,0.042521,54396.823516,54396.824119,54396.866648
R1019:54397.104155,0.001636,54397.104219,54397.104395,54397.106032
R1020:54397.114852,0.063155,54397.114929,54397.115780,54397.178936
R1021:54397.157687,0.036254,54397.157727,54397.178998,54397.215253
R1022:54397.278726,0.041699,54397.278799,54397.279321,54397.321021
R1023:54397.329188,0.067895,54397.329291,54397.330222,54397.398121
R1024:54397.451771,0.000959,54397.451823,54397.452318,54397.453277
R1025:54397.461876,0.081338,54397.462059,54397.463411,54397.544749
R1026:54397.532463,0.069382,54397.532539,54397.544810,54397.614193
R1027:54397.543295,0.055065,54397.543394,54397.614399,54397.669465
R1028:54397.618916,0.068158,54397.618979,54397.669522,54397.737681
R1029:54397.628256,0.054083,54397.660122,54397.737739,54397.791822
R1030:54397.719218,0.029195,54397.719257,54397.791859,54397.821054
R1031:54397.749816,0.006085,54397.749854,54397.821121,54397.827207
R1032:54397.776186,0.205211,54397.791337,54397.827229,54398.032440
R1033:54397.841536,0.042807,54397.841576,54398.032519,54398.075327
R1034:54397.857966,0.020226,54397.882368,54398.075400,54398.095655
R1035:54397.917099,0.000307,54397.917193,54398.095684,54398.095991
R1036:54397.984441,0.027528,54397.984773,54398.095994,54398.123829
R1037:54397.988490,0.040472,54397.988756,54398.123886,54398.164386
R1038:54398.041524,0.020899,54398.042095,54398.164473,54398.185372
R1039:54398.364741,0.006348,54398.364917,54398.365412,54398.371761
R1040:54398.390263,0.128714,54398.390325,54398.390868,54398.519710
R1041:54398.422371,0.034585,54398.431381,54398.519774,54398.554360
R1042:54398.605279,0.042518,54398.605339,54398.605912,54398.648430
R1043:54398.685492,0.076488,54398.685544,54398.686010,54398.762499
R1044:54398.698642,0.107248,54398.698688,54398.762550,54398.869799
R1045:54398.725976,0.053328,54398.726163,54398.869856,54398.923186
R1046:54398.769185,0.067949,54398.769235,54398.923257,54398.991206
R1047:54398.798955,0.126345,54398.810326,54398.991280,54399.117626
R1048:54398.906166,0.171431,54398.906222,54399.117683,54399.289115
R1049:54398.999554,0.016622,54398.999594,54399.289157,54399.305780
R1050:54399.048626,0.005417,54399.048668,54399.305808,54399.311226
R1051:54399.074433,0.021555,54399.074503,54399.311238,54399.332794
R1052:54399.098984,0.083245,54399.099047,54399.332825,54399.416081
R1053:54399.152604,0.036193,54399.152652,54399.416114,54399.452307
R1054:54399.321574,0.011332,54399.321682,54399.452375,54399.463709
R1055:54399.334981,0.035977,54399.335097,54399.463999,54399.499976
R1056:54399.407570,0.040710,54399.407620,54399.500523,54399.541233
R1057:54399.417419,0.080649,54399.417439,54399.541321,54399.621971
R1058:54399.418445,0.009870,54399.452362,54399.622031,54399.631902
R1059:54399.428672,0.029586,54399.452365,54399.631956,54399.661543
R1060:54399.491914,0.001446,54399.492001,54399.661602,54399.663048
R1061:54399.497192,0.024492,54399.500064,54399.663079,54399.687571
R1062:54399.505089,0.103116,54399.540121,54399.687595,54399.790712
R1063:54399.610795,0.034473,54399.610835,54399.790771,54399.825245
R1064:54399.637278,0.081142,54399.637314,54399.825304,54399.907069
R1065:54399.768644,0.007581,54399.768690,54399.907167,54399.914779
R1066:54399.877402,0.003626,54399.877448,54399.914803,54399.918430
R1067:54400.045952,0.028230,54400.046526,54400.046541,54400.074771
R1068:54400.094313,0.025208,54400.094359,54400.094923,54400.120132
R1069:54400.246335,0.001686,54400.246414,54400.246877,54400.248563
R1070:54400.455668,0.043479,54400.455721,54400.456286,54400.499766
R1071:54400.521029,0.064614,54400.521091,54400.521566,54400.586181
R1072:54400.577594,0.040876,54400.577651,54400.586240,54400.627184
R1073:54400.588328,0.015572,54400.588395,54400.627246,54400.642836
R1074:54400.642200,0.005837,54400.642242,54400.642871,54400.648709
R1075:54400.737910,0.080391,54400.737962,54400.738503,54400.818941
R1076:54400.827558,0.084823,54400.827607,54400.828016,54400.912839
R1077:54400.838551,0.120543,54400.838607,54400.912902,54401.033446
R1078:54400.853702,0.034092,54400.853766,54401.033509,54401.067602
R1079:54400.938216,0.037742,54400.938279,54401.067626,54401.105369
R1080:54400.977341,0.010499,54400.977421,54401.105430,54401.115930
R1081:54401.002912,0.011303,54401.002978,54401.115982,54401.127286
R1082:54401.083286,0.008807,54401.083335,54401.127314,54401.136122
R1083:54401.106884,0.007546,54401.106935,54401.136143,54401.143689
R1084:54401.179341,0.043406,54401.179442,54401.179471,54401.222878
R1085:54401.237843,0.008495,54401.237903,54401.238464,54401.246960
R1086:54401.251565,0.063541,54401.251624,54401.251947,54401.315489
R1087:54401.264299,0.017763,54401.293624,54401.315548,54401.333311
R1088:54401.416787,0.026185,54401.416849,54401.417459,54401.443645
R1089:54401.440226,0.000780,54401.443727,54401.443745,54401.444526
R1090:54401.500157,0.016484,54401.500236,54401.500735,54401.517221
R1091:54401.552464,0.053434,54401.552535,54401.553163,54401.606598
R1092:54401.673216,0.000106,54401.673338,54401.674219,54401.674337
R1093:54401.680725,0.077330,54401.680765,54401.681165,54401.758497
R1094:54401.740613,0.184876,54401.740666,54401.758563,54401.943440
R1095:54401.790239,0.078851,54401.790284,54401.943489,54402.022341
R1096:54401.818200,0.219290,54401.831222,54402.022387,54402.241677
R1097:54401.831468,0.027579,54401.831488,54402.241782,54402.269362
R1098:54402.222279,0.049641,54402.222352,54402.269422,54402.319064
R1099:54402.234976,0.061298,54402.235105,54402.319124,54402.380423
R1100:54402.295560,0.066831,54402.295651,54402.380479,54402.447313
R1101:54402.313602,0.023170,54402.319113,54402.447438,54402.470609
R1102:54402.455946,0.068205,54402.456001,54402.470685,54402.538891
R1103:54402.500101,0.066315,54402.500196,54402.538948,54402.605264
R1104:54402.579761,0.013491,54402.579822,54402.605362,54402.618854
R1105:54402.591908,0.055421,54402.605345,54402.618905,54402.674327
R1106:54402.691178,0.041642,54402.691332,54402.691341,54402.732983
R1107:54402.743529,0.047707,54402.743630,54402.743705,54402.791413
R1108:54402.772032,0.111867,54402.785292,54402.791541,54402.903410
R1109:54402.832062,0.003293,54402.832131,54402.903450,54402.906743
R1110:54402.869200,0.063440,54402.872468,54402.906818,54402.970259
R1111:54403.014240,0.001683,54403.014300,54403.014452,54403.016135
R1112:54403.153490,0.095825,54403.153559,54403.154123,54403.249949
R1113:54403.241219,0.096696,54403.241275,54403.250002,54403.346699
R1114:54403.285313,0.001066,54403.285348,54403.346768,54403.347835
R1115:54403.332749,0.058896,54403.332801,54403.347854,54403.406750
R1116:54403.392116,0.027645,54403.392153,54403.406817,54403.434462
R1117:54403.493704,0.012106,54403.493766,54403.493825,54403.505932
R1118:54403.498503,0.065991,54403.505990,54403.506001,54403.571994
R1119:54403.511845,0.019369,54403.547159,54403.572046,54403.591416
R1120:54403.725294,0.060133,54403.725327,54403.725656,54403.785789
R1121:54403.974306,0.033340,54403.974368,54403.975164,54404.008505
R1122:54404.311617,0.019103,54404.311693,54404.312425,54404.331529
R1123:54404.333846,0.089218,54404.333899,54404.334519,54404.423738
R1124:54404.341603,0.034998,54404.375284,54404.423809,54404.458807
R1125:54404.358579,0.004130,54404.375289,54404.458822,54404.462972
R1126:54404.520458,0.069912,54404.520501,54404.520596,54404.590509
R1127:54404.538660,0.131975,54404.538735,54404.590601,54404.722576
R1128:54404.547389,0.042132,54404.547443,54404.722648,54404.764782
R1129:54404.614175,0.004617,54404.614256,54404.764862,54404.769479
R1130:54404.724165,0.021230,54404.724223,54404.769498,54404.790728
R1131:54404.788533,0.021453,54404.788581,54404.790746,54404.812200
R1132:54404.896933,0.092649,54404.896988,54404.897045,54404.989694
R1133:54405.002381,0.140497,54405.002426,54405.002692,54405.143190
R1134:54405.062183,0.036025,54405.062240,54405.143231,54405.179303
R1135:54405.124489,0.039412,54405.124548,54405.179379,54405.218792
R1136:54405.147240,0.014521,54405.147281,54405.218846,54405.233368
R1137:54405.164695,0.032494,54405.179364,54405.233433,54405.265928
R1138:54405.167180,0.007165,54405.179367,54405.265980,54405.273146
R1139:54405.228040,0.075799,54405.228200,54405.273209,54405.349009
R1140:54405.256236,0.011522,54405.256376,54405.349108,54405.360631
R1141:54405.329511,0.097996,54405.329674,54405.360659,54405.458656
R1142:54405.470465,0.178882,54405.470509,54405.470819,54405.649702
R1143:54405.698610,0.041578,54405.698655,54405.699172,54405.740751
R1144:54405.809555,0.042403,54405.809617,54405.810228,54405.852632
R1145:54405.865384,0.007078,54405.865435,54405.865584,54405.872663
R1146:54405.941070,0.028380,54405.941122,54405.941682,54405.970063
R1147:54406.119589,0.058302,54406.120033,54406.120041,54406.178344
R1148:54406.166588,0.002292,54406.166647,54406.178413,54406.180719
R1149:54406.189811,0.095660,54406.189922,54406.189932,54406.285592
R1150:54406.260623,0.109981,54406.260681,54406.285643,54406.395625
R1151:54406.319111,0.073785,54406.319191,54406.395693,54406.469479
R1152:54406.355484,0.028084,54406.361133,54406.469540,54406.497625
R1153:54406.366423,0.062033,54406.366474,54406.497729,54406.559763
R1154:54406.387016,0.040964,54406.387071,54406.559819,54406.600783
R1155:54406.446340,0.011168,54406.446383,54406.600814,54406.612008
R1156:54406.494849,0.021609,54406.494901,54406.612154,54406.633801
R1157:54406.598624,0.064338,54406.598665,54406.633843,54406.698182
R1158:54406.603159,0.093876,54406.603215,54406.698210,54406.792087
R1159:54406.631312,0.099918,54406.631352,54406.792169,54406.892093
R1160:54406.655880,0.141765,54406.655927,54406.892152,54407.033918
R1161:54406.695197,0.020511,54406.697148,54407.033983,54407.054496
R1162:54407.098298,0.032440,54407.098343,54407.098534,54407.130974
R1163:54407.132098,0.052599,54407.132149,54407.132334,54407.184934
R1164:54407.134134,0.052935,54407.174233,54407.184990,54407.237925
R1165:54407.187096,0.004191,54407.187129,54407.237956,54407.242147
R1166:54407.237171,0.115579,54407.237217,54407.242157,54407.357737
R1167:54407.293175,0.057514,54407.293226,54407.357782,54407.415297
R1168:54407.429667,0.005327,54407.429722,54407.432451,54407.437783
R1169:54407.458531,0.112173,54407.458572,54407.459095,54407.571269
R1170:54407.494471,0.108348,54407.499259,54407.571341,54407.679689
R1171:54407.571620,0.027701,54407.571647,54407.679767,54407.707468
R1172:54407.578795,0.008325,54407.578847,54407.707504,54407.715829
R1173:54407.598267,0.040973,54407.598329,54407.715853,54407.756828
R1174:54407.610280,0.028783,54407.610329,54407.756893,54407.785676
R1175:54407.610443,0.027167,54407.610454,54407.785700,54407.812867
R1176:54407.650262,0.027255,54407.650293,54407.812938,54407.840194
R1177:54407.684544,0.069995,54407.684585,54407.840282,54407.910279
R1178:54407.785367,0.075842,54407.785416,54407.910350,54407.986193
R1179:54407.949184,0.027207,54407.949234,54407.986819,54408.014029
R1180:54407.987106,0.118911,54407.987184,54408.014089,54408.133000
R1181:54408.031432,0.186348,54408.031492,54408.133100,54408.319448
R1182:54408.081823,0.021682,54408.081899,54408.319534,54408.341216
R1183:54408.200309,0.007473,54408.200443,54408.341269,54408.348743
R1184:54408.277466,0.002757,54408.277515,54408.348773,54408.351531
R1185:54408.320658,0.006007,54408.320685,54408.351550,54408.357558
R1186:54408.323152,0.006780,54408.323226,54408.357577,54408.364358
R1187:54408.523221,0.009649,54408.523263,54408.523550,54408.533210
R1188:54408.578614,0.058200,54408.578672,54408.579889,54408.638090
R1189:54408.602270,0.016466,54408.620098,54408.638137,54408.654605
R1190:54408.697249,0.008635,54408.697488,54408.697501,54408.706136
R1191:54408.707159,0.035099,54408.707247,54408.707256,54408.742356
R1192:54408.793185,0.030392,54408.793226,54408.793433,54408.823825
R1193:54408.855292,0.032348,54408.855343,54408.855499,54408.887848
R1194:54408.876924,0.054223,54408.887908,54408.887919,54408.942143
R1195:54408.896406,0.055397,54408.929154,54408.942199,54408.997596
R1196:54409.058341,0.025217,54409.058395,54409.058443,54409.083660
R1197:54409.118640,0.023691,54409.118686,54409.118741,54409.142433
R1198:54409.192918,0.018198,54409.193015,54409.193127,54409.211326
R1199:54409.291595,0.011210,54409.291648,54409.292145,54409.303356
R1200:54409.343611,0.039808,54409.343665,54409.344127,54409.383935
R1201:54409.375505,0.017680,54409.384016,54409.384030,54409.401711
R1202:54409.402482,0.095738,54409.402534,54409.402541,54409.498308
R1203:54409.483144,0.156108,54409.483191,54409.498496,54409.654605
R1204:54409.529259,0.011671,54409.529299,54409.654654,54409.666326
R1205:54409.585228,0.054804,54409.585342,54409.666350,54409.721155
R1206:54409.604932,0.137690,54409.604981,54409.721178,54409.858869
R1207:54409.638014,0.145577,54409.638107,54409.858918,54410.004496
R1208:54409.651735,0.027931,54409.651782,54410.004552,54410.032484
R1209:54409.687641,0.049425,54409.687677,54410.032526,54410.081952
R1210:54409.727206,0.019136,54409.727259,54410.082026,54410.101164
R1211:54409.734526,0.053810,54409.734631,54410.101213,54410.155023
R1212:54409.760365,0.143512,54409.775270,54410.155084,54410.298597
R1213:54409.849962,0.030998,54409.850115,54410.298648,54410.329647
R1214:54409.852928,0.040225,54409.852974,54410.329712,54410.369938
R1215:54409.873439,0.046713,54409.873492,54410.369990,54410.416703
R1216:54409.951370,0.188471,54409.951499,54410.416755,54410.605253
R1217:54409.960095,0.075114,54409.960152,54410.605345,54410.680461
R1218:54410.130112,0.023766,54410.130328,54410.680527,54410.704302
R1219:54410.257725,0.023097,54410.257792,54410.704351,54410.727449
R1220:54410.352288,0.175077,54410.352331,54410.727500,54410.902578
R1221:54410.415483,0.153173,54410.415530,54410.902627,54411.055801
R1222:54410.418206,0.011533,54410.418248,54411.055865,54411.067399
R1223:54410.587329,0.017688,54410.587384,54411.067448,54411.085137
R1224:54410.751117,0.019346,54410.751152,54411.085173,54411.104527
R1225:54410.823112,0.064350,54410.823168,54411.104557,54411.168908
R1226:54411.009042,0.012644,54411.009127,54411.168958,54411.181603
R1227:54411.081938,0.021766,54411.082017,54411.181629,54411.203396
R1228:54411.116617,0.027193,54411.116663,54411.203422,54411.230617
R1229:54411.129774,0.026820,54411.129913,54411.230739,54411.257560
R1230:54411.250498,0.032491,54411.250543,54411.257621,54411.290112
R1231:54411.506517,0.003835,54411.506566,54411.506592,54411.510427
R1232:54411.508297,0.131032,54411.510493,54411.510517,54411.641552
R1233:54411.551689,0.016728,54411.551726,54411.641606,54411.658336
R1234:54411.687872,0.043916,54411.688437,54411.688446,54411.732364
R1235:54411.714266,0.111305,54411.714330,54411.732447,54411.843753
R1236:54411.790895,0.058570,54411.790991,54411.843818,54411.902409
R1237:54411.849314,0.030859,54411.849367,54411.902527,54411.933408
R1238:54411.983376,0.068169,54411.983438,54411.983463,54412.051633
R1239:54412.145215,0.037756,54412.145342,54412.145509,54412.183265
R1240:54412.246959,0.057650,54412.247068,54412.247181,54412.304831
R1241:54412.252026,0.060856,54412.287452,54412.304893,54412.365750
R1242:54412.273058,0.050662,54412.287460,54412.365800,54412.416463
R1243:54412.443417,0.003871,54412.443468,54412.443552,54412.447425
R1244:54412.447738,0.102728,54412.447761,54412.447871,54412.550599
R1245:54412.452065,0.001454,54412.488284,54412.550648,54412.552102
R1246:54412.500398,0.035865,54412.500433,54412.552117,54412.587982
R1247:54412.531611,0.081612,54412.532155,54412.588006,54412.669619
R1248:54412.541070,0.153612,54412.541120,54412.669670,54412.823283
R1249:54412.583121,0.068272,54412.583225,54412.823458,54412.891731
R1250:54412.590651,0.067966,54412.590698,54412.891831,54412.959797
R1251:54412.647210,0.004857,54412.647278,54412.959854,54412.964712
R1252:54412.719949,0.032899,54412.719998,54412.964761,54412.997661
R1253:54412.760906,0.019971,54412.760956,54412.997722,54413.017693
R1254:54412.818617,0.018669,54412.818751,54413.017717,54413.036388
R1255:54412.837158,0.017222,54412.837215,54413.036410,54413.053632
R1256:54412.977532,0.006011,54412.977584,54413.053699,54413.059711
R1257:54413.370588,0.116995,54413.370984,54413.371129,54413.488124
R1258:54413.753580,0.002679,54413.753658,54413.753708,54413.756388
R1259:54413.852875,0.082174,54413.852996,54413.853026,54413.935203
R1260:54414.126215,0.031539,54414.126256,54414.126344,54414.157884
R1261:54414.310439,0.015992,54414.310492,54414.311072,54414.327065
R1262:54414.439401,0.138891,54414.439441,54414.439863,54414.578755
R1263:54414.718056,0.027144,54414.718179,54414.718931,54414.746075
R1264:54414.724121,0.009142,54414.724172,54414.746143,54414.755288
R1265:54414.882905,0.028081,54414.883587,54414.883676,54414.911758
R1266:54414.895869,0.080582,54414.912401,54414.912487,54414.993070
R1267:54415.068205,0.021041,54415.068258,54415.068288,54415.089330
R1268:54415.121100,0.003920,54415.121210,54415.122260,54415.126193
R1269:54415.145011,0.035551,54415.145175,54415.146125,54415.181677
R1270:54415.225043,0.037976,54415.225125,54415.225577,54415.263554
R1271:54415.260178,0.024137,54415.263613,54415.264163,54415.288301
R1272:54415.375293,0.079368,54415.375528,54415.375649,54415.455019
R1273:54415.449512,0.025177,54415.449572,54415.455101,54415.480279
R1274:54415.473757,0.015377,54415.473810,54415.480338,54415.495716
R1275:54415.608331,0.073860,54415.608368,54415.608401,54415.682261
R1276:54415.624652,0.001919,54415.649334,54415.682319,54415.684288
R1277:54415.718929,0.062295,54415.719150,54415.719195,54415.781521
R1278:54415.722558,0.006602,54415.760226,54415.781598,54415.788200
R1279:54415.987508,0.100868,54415.987559,54415.988014,54416.088882
R1280:54415.997697,0.017471,54416.028314,54416.088958,54416.106430
R1281:54416.022325,0.011224,54416.028319,54416.106489,54416.117713
R1282:54416.047549,0.085462,54416.047621,54416.117751,54416.203213
R1283:54416.054856,0.023732,54416.054918,54416.203280,54416.227013
R1284:54416.111966,0.012253,54416.112068,54416.227055,54416.239316
R1285:54416.273485,0.016523,54416.273553,54416.273568,54416.290092
R1286:54416.429239,0.058076,54416.429299,54416.429403,54416.487480
R1287:54416.528307,0.025113,54416.528519,54416.529414,54416.554528
R1288:54416.607387,0.150688,54416.607708,54416.609435,54416.760141
R1289:54416.654917,0.020041,54416.654976,54416.760200,54416.780242
R1290:54416.766712,0.246465,54416.766759,54416.780303,54417.026769
R1291:54416.784170,0.148024,54416.784211,54417.026840,54417.174865
R1292:54416.791952,0.007974,54416.825283,54417.174913,54417.182887
R1293:54416.794288,0.000296,54416.825291,54417.182918,54417.183214
R1294:54416.871522,0.078456,54416.871580,54417.183238,54417.261695
R1295:54416.894258,0.041266,54416.894306,54417.261814,54417.303098
R1296:54417.041787,0.009293,54417.041834,54417.303158,54417.312452
R1297:54417.049156,0.010045,54417.049277,54417.312507,54417.322554
R1298:54417.152955,0.018375,54417.153001,54417.322664,54417.341039
R1299:54417.472861,0.107281,54417.472917,54417.473017,54417.580299
R1300:54417.531647,0.029588,54417.531706,54417.580367,54417.609956
R1301:54417.584964,0.016033,54417.585009,54417.610596,54417.626631
R1302:54417.597931,0.088223,54417.597991,54417.626655,54417.714879
R1303:54417.608389,0.047877,54417.608435,54417.714936,54417.762813
R1304:54417.687523,0.030776,54417.687580,54417.763083,54417.793859
R1305:54417.795664,0.267508,54417.795705,54417.795857,54418.063379
R1306:54418.004910,0.002478,54418.005000,54418.063453,54418.065944
R1307:54418.048182,0.032969,54418.048263,54418.065964,54418.098934
R1308:54418.253557,0.046315,54418.253655,54418.254140,54418.300456
R1309:54418.269314,0.031448,54418.294321,54418.300509,54418.331958
R1310:54418.317305,0.022443,54418.317366,54418.332013,54418.354524
R1311:54418.353499,0.032930,54418.353546,54418.354573,54418.387504
R1312:54418.355714,0.078445,54418.355741,54418.387551,54418.465997
R1313:54418.410074,0.036684,54418.410123,54418.466062,54418.502747
R1314:54418.488461,0.012702,54418.488582,54418.502799,54418.515501
R1315:54418.496172,0.048926,54418.496336,54418.515537,54418.564484
R1316:54418.533319,0.041882,54418.533585,54418.564508,54418.606391
R1317:54418.613120,0.081642,54418.613732,54418.613983,54418.695626
R1318:54418.777296,0.041926,54418.777356,54418.777887,54418.819814
R1319:54418.813467,0.009655,54418.813524,54418.819857,54418.829513
R1320:54418.852621,0.022878,54418.852654,54418.853237,54418.876117
R1321:54418.854722,0.032666,54418.876299,54418.876321,54418.909066
R1322:54418.868197,0.006070,54418.876304,54418.909113,54418.915204
R1323:54418.906649,0.047245,54418.909101,54418.915253,54418.962498
R1324:54419.141283,0.030006,54419.141519,54419.141530,54419.171537
R1325:54419.232074,0.006055,54419.232154,54419.232672,54419.238765
R1326:54419.238088,0.005652,54419.238873,54419.238942,54419.244595
R1327:54419.357874,0.021092,54419.357927,54419.358501,54419.379594
R1328:54419.422818,0.015117,54419.422875,54419.423447,54419.438565
R1329:54419.586443,0.307689,54419.586501,54419.586984,54419.894674
R1330:54419.729393,0.015522,54419.729499,54419.894782,54419.910305
R1331:54419.777556,0.008495,54419.777603,54419.910528,54419.919023
R1332:54419.848026,0.036749,54419.848159,54419.919138,54419.955888
R1333:54419.976935,0.013077,54419.976988,54419.977643,54419.990721
R1334:54420.208733,0.024035,54420.208954,54420.209569,54420.233606
R1335:54420.215682,0.006132,54420.233690,54420.233708,54420.239840
R1336:54420.252972,0.042972,54420.253081,54420.254090,54420.297063
R1337:54420.351840,0.008978,54420.351892,54420.352357,54420.361336
R1338:54420.416565,0.040779,54420.416612,54420.417074,54420.457854
R1339:54420.500543,0.026315,54420.500604,54420.501102,54420.527418
R1340:54420.607421,0.096131,54420.607467,54420.608639,54420.704770
R1341:54420.608128,0.086236,54420.648153,54420.704804,54420.791041
R1342:54420.661138,0.006378,54420.661206,54420.791105,54420.797500
R1343:54420.892406,0.098051,54420.892467,54420.893012,54420.991092
R1344:54420.905487,0.001520,54420.905519,54420.991165,54420.992686
R1345:54420.939807,0.100468,54420.939863,54420.992724,54421.093201
R1346:54421.079150,0.032617,54421.079251,54421.093269,54421.125887
R1347:54421.105335,0.007019,54421.105387,54421.125941,54421.132962
R1348:54421.107940,0.203842,54421.125953,54421.133102,54421.336945
R1349:54421.677291,0.004594,54421.677346,54421.677446,54421.682041
R1350:54421.709417,0.072806,54421.709506,54421.709958,54421.782765
R1351:54421.741982,0.006025,54421.751300,54421.782813,54421.788903
R1352:54421.758293,0.080048,54421.758361,54421.789308,54421.869357
R1353:54421.788497,0.001749,54421.788542,54421.869404,54421.871154
R1354:54421.811923,0.002751,54421.811974,54421.871176,54421.873927
R1355:54421.843490,0.022690,54421.853249,54421.873933,54421.896624
R1356:54421.885483,0.170363,54421.885546,54421.896660,54422.067024
R1357:54422.055521,0.101239,54422.055565,54422.067185,54422.168425
R1358:54422.070400,0.021732,54422.070444,54422.168482,54422.190216
R1359:54422.077023,0.031489,54422.112249,54422.190300,54422.221789
R1360:54422.169878,0.043904,54422.169953,54422.221851,54422.265757
R1361:54422.204443,0.056860,54422.204487,54422.265849,54422.322710
R1362:54422.233527,0.021955,54422.233625,54422.323191,54422.345148
R1363:54422.238388,0.003267,54422.265832,54422.345180,54422.348447
R1364:54422.357174,0.009400,54422.357225,54422.357282,54422.366683
R1365:54422.386803,0.060721,54422.386865,54422.387022,54422.447745
R1366:54422.398666,0.021865,54422.398786,54422.447805,54422.469670
R1367:54422.597763,0.016544,54422.597819,54422.597859,54422.614404
R1368:54422.719048,0.004966,54422.719124,54422.719505,54422.724508
R1369:54422.731019,0.035508,54422.731080,54422.732185,54422.767694
R1370:54422.758290,0.071291,54422.768515,54422.768534,54422.839825
R1371:54422.769809,0.002849,54422.808122,54422.839868,54422.842718
R1372:54422.917470,0.003083,54422.917532,54422.918183,54422.921267
R1373:54423.010217,0.083880,54423.010292,54423.010785,54423.094665
R1374:54423.193872,0.052581,54423.194019,54423.194478,54423.247060
R1375:54423.231965,0.079179,54423.232077,54423.247120,54423.326341
R1376:54423.255676,0.047555,54423.255754,54423.326384,54423.373940
R1377:54423.275237,0.017737,54423.296217,54423.373992,54423.391729
R1378:54423.322215,0.016726,54423.322266,54423.391785,54423.408512
R1379:54423.571407,0.018372,54423.571461,54423.571530,54423.589916
R1380:54423.603645,0.035965,54423.603693,54423.603871,54423.639837
R1381:54423.647267,0.025040,54423.647314,54423.647435,54423.672494
R1382:54423.648133,0.087801,54423.672560,54423.672829,54423.760631
R1383:54423.792365,0.000992,54423.792465,54423.792736,54423.793728
R1384:54423.873000,0.239881,54423.873041,54423.873189,54424.113071
R1385:54424.055625,0.003623,54424.055755,54424.113140,54424.116764
R1386:54424.110433,0.025650,54424.110500,54424.116864,54424.142538
R1387:54424.210757,0.032504,54424.210813,54424.210934,54424.244127
R1388:54424.220463,0.002493,54424.244333,54424.244348,54424.246841
R1389:54424.264745,0.103341,54424.264822,54424.266466,54424.371651
R1390:54424.289522,0.042390,54424.306412,54424.371723,54424.414134
R1391:54424.375533,0.136142,54424.375587,54424.414185,54424.550328
R1392:54424.455301,0.007671,54424.455371,54424.550381,54424.558117
R1393:54424.471818,0.008385,54424.496134,54424.558204,54424.566589
R1394:54424.491687,0.045173,54424.496145,54424.566643,54424.611817
R1395:54424.532531,0.106956,54424.532659,54424.611900,54424.718880
R1396:54424.577198,0.031981,54424.577274,54424.718954,54424.751100
R1397:54424.585622,0.184175,54424.611882,54424.751132,54424.935307
R1398:54424.608952,0.151672,54424.611886,54424.935366,54425.087038
R1399:54424.634799,0.012525,54424.653188,54425.087115,54425.099641
R1400:54425.006998,0.036969,54425.007081,54425.099691,54425.136671
R1401:54425.212579,0.059379,54425.212758,54425.212768,54425.272148
R1402:54425.237328,0.026957,54425.237378,54425.272300,54425.299257
R1403:54425.421436,0.024307,54425.421640,54425.421649,54425.445957
R1404:54425.435191,0.031200,54425.446088,54425.446102,54425.477303
R1405:54425.480011,0.008995,54425.480055,54425.480759,54425.489755
R1406:54425.501502,0.130584,54425.501549,54425.502022,54425.632606
R1407:54425.504234,0.012498,54425.542383,54425.632665,54425.645164
R1408:54425.511892,0.020167,54425.542387,54425.645202,54425.665370
R1409:54425.517071,0.034195,54425.542388,54425.665433,54425.699631
R1410:54425.550794,0.090840,54425.550845,54425.699681,54425.790522
R1411:54425.738427,0.001755,54425.738489,54425.790584,54425.792340
R1412:54425.774087,0.053035,54425.774156,54425.792361,54425.845397
R1413:54425.801554,0.047047,54425.801607,54425.845437,54425.892484
R1414:54425.802904,0.000193,54425.802936,54425.892533,54425.892727
R1415:54425.870094,0.039841,54425.870843,54425.892730,54425.932572
R1416:54425.997461,0.006551,54425.997575,54425.997735,54426.004287
R1417:54426.051158,0.029923,54426.051228,54426.051860,54426.081784
R1418:54426.071321,0.027005,54426.081875,54426.081893,54426.108899
R1419:54426.126996,0.000248,54426.127098,54426.127593,54426.127841
R1420:54426.256379,0.004922,54426.256526,54426.256718,54426.261641
R1421:54426.409039,0.124668,54426.409089,54426.409246,54426.535188
R1422:54426.422507,0.015637,54426.449219,54426.535268,54426.555981
R1423:54426.424192,0.004669,54426.449224,54426.558360,54426.563030
R1424:54426.434913,0.036088,54426.449235,54426.563105,54426.599476
R1425:54426.500613,0.037457,54426.500730,54426.599800,54426.637257
R1426:54426.567680,0.163656,54426.567731,54426.637326,54426.800984
R1427:54426.598797,0.054164,54426.599656,54426.801048,54426.855221
R1428:54426.657820,0.042322,54426.657887,54426.855274,54426.897597
R1429:54426.726328,0.012522,54426.726393,54426.897668,54426.910196
R1430:54426.749149,0.005411,54426.749208,54426.910263,54426.915691
R1431:54426.810418,0.005345,54426.810495,54426.915787,54426.921133
R1432:54426.915982,0.000758,54426.916128,54426.921269,54426.922028
R1433:54426.934964,0.072392,54426.935022,54426.935181,54427.007575
R1434:54426.992673,0.024475,54426.992868,54427.007633,54427.032109
R1435:54427.033351,0.018835,54427.033468,54427.033954,54427.052791
R1436:54427.138510,0.140218,54427.138562,54427.138730,54427.278948
R1437:54427.185632,0.034775,54427.185687,54427.279035,54427.313843
R1438:54427.204867,0.023085,54427.204930,54427.313928,54427.337014
R1439:54427.221857,0.082640,54427.221976,54427.337044,54427.419685
R1440:54427.286164,0.009610,54427.286324,54427.419753,54427.429363
R1441:54427.440915,0.013424,54427.441008,54427.441767,54427.455191
R1442:54427.470646,0.113858,54427.470822,54427.471288,54427.585160
R1443:54427.481511,0.069890,54427.511252,54427.585240,54427.655131
R1444:54427.643944,0.009210,54427.644115,54427.655198,54427.664409
R1445:54427.690989,0.002219,54427.691049,54427.691058,54427.693287
R1446:54427.953575,0.068358,54427.954158,54427.954217,54428.022577
R1447:54427.976280,0.034277,54427.994146,54428.022628,54428.056906
R1448:54427.987530,0.059621,54427.994150,54428.056975,54428.116597
R1449:54428.089685,0.010696,54428.089728,54428.116638,54428.127334
R1450:54428.111579,0.001573,54428.116628,54428.127410,54428.128983
R1451:54428.117969,0.041552,54428.127395,54428.129031,54428.170584
R1452:54428.168517,0.066918,54428.168564,54428.170647,54428.237566
R1453:54428.420135,0.009827,54428.420318,54428.420373,54428.430201
R1454:54428.425401,0.053343,54428.430275,54428.430346,54428.483690
R1455:54428.433727,0.237876,54428.471092,54428.483753,54428.721630
R1456:54428.743583,0.019477,54428.744469,54428.744505,54428.763983
R1457:54428.870676,0.171675,54428.870735,54428.871353,54429.043033
R1458:54428.889249,0.006610,54428.911494,54429.043717,54429.050328
R1459:54428.907165,0.058325,54428.911498,54429.050415,54429.108740
R1460:54428.998704,0.059370,54428.998843,54429.108803,54429.168174
R1461:54429.024447,0.041376,54429.024518,54429.168225,54429.209602
R1462:54429.119649,0.104676,54429.119784,54429.209643,54429.314320
R1463:54429.161678,0.011181,54429.162004,54429.314385,54429.325566
R1464:54429.167268,0.019294,54429.167425,54429.325649,54429.344944
R1465:54429.229943,0.053478,54429.230027,54429.344969,54429.398461
R1466:54429.266847,0.114848,54429.270221,54429.398536,54429.513385
R1467:54429.298970,0.019395,54429.299276,54429.513465,54429.532862
R1468:54429.318267,0.016901,54429.318321,54429.532926,54429.549828
R1469:54429.391011,0.068262,54429.391059,54429.549883,54429.618145
R1470:54429.440915,0.033362,54429.440980,54429.618205,54429.651579
R1471:54429.645657,0.074251,54429.645722,54429.651635,54429.725887
R1472:54429.741257,0.164785,54429.741312,54429.741742,54429.906527
R1473:54429.860230,0.001500,54429.860288,54429.906623,54429.908124
R1474:54429.957255,0.030978,54429.957435,54429.957628,54429.988607
R1475:54429.964193,0.023810,54429.964508,54429.988668,54430.012479
R1476:54430.055108,0.029897,54430.055162,54430.055675,54430.085573
R1477:54430.067410,0.045436,54430.085629,54430.085644,54430.131081
R1478:54430.270570,0.000038,54430.270653,54430.270751,54430.270790
R1479:54430.299019,0.115162,54430.299093,54430.299127,54430.414324
R1480:54430.413187,0.010555,54430.413279,54430.414503,54430.425064
R1481:54430.441061,0.055740,54430.441109,54430.441154,54430.496905
R1482:54430.499809,0.075288,54430.499848,54430.500049,54430.575338
R1483:54430.506808,0.064896,54430.540216,54430.575407,54430.640304
R1484:54430.867159,0.034012,54430.867205,54430.867313,54430.901325
R1485:54430.872055,0.000387,54430.901395,54430.901408,54430.902319
R1486:54430.917691,0.011639,54430.917758,54430.918272,54430.929912
R1487:54431.198669,0.078004,54431.198715,54431.199131,54431.277182
R1488:54431.307359,0.036954,54431.307421,54431.307974,54431.344929
R1489:54431.320896,0.014881,54431.320958,54431.344973,54431.359855
R1490:54431.443310,0.038559,54431.443360,54431.443833,54431.482393
R1491:54431.740072,0.007603,54431.740129,54431.740667,54431.748271
R1492:54431.812488,0.043138,54431.812554,54431.813277,54431.856416
R1493:54432.126233,0.018873,54432.126295,54432.126873,54432.145747
R1494:54432.222105,0.038325,54432.222233,54432.222887,54432.261213
R1495:54432.284121,0.114973,54432.284189,54432.284952,54432.399926
R1496:54432.301560,0.073782,54432.326289,54432.400170,54432.473953
R1497:54432.394825,0.084479,54432.394914,54432.474098,54432.558578
R1498:54432.456939,0.041650,54432.456995,54432.558635,54432.600312
R1499:54432.515404,0.047660,54432.515488,54432.600372,54432.648046
