R0:55460.167347,0.025075,55460.167638,55460.167710,55460.192787
R1:55460.289819,0.080083,55460.289974,55460.290064,55460.370149
R2:55460.391863,0.011004,55460.392062,55460.392092,55460.403097
R3:55460.553793,0.073100,55460.553955,55460.554079,55460.627205
R4:55460.581167,0.040368,55460.594503,55460.627319,55460.667689
R5:55460.602938,0.049560,55460.603073,55460.667744,55460.717305
R6:55460.646351,0.036016,55460.646464,55460.717378,55460.753394
R7:55460.676788,0.123963,55460.676913,55460.753425,55460.877389
R8:55460.879725,0.063168,55460.879861,55460.879977,55460.943146
R9:55460.947231,0.046693,55460.947344,55460.947415,55460.994129
R10:55460.957556,0.013912,55460.957653,55460.994168,55461.008081
R11:55460.958767,0.081527,55460.958902,55461.008172,55461.089700
R12:55460.968696,0.025620,55460.968863,55461.089755,55461.115376
R13:55460.980186,0.005760,55460.980372,55461.115436,55461.121197
R14:55460.989616,0.012311,55460.989768,55461.121425,55461.133738
R15:55461.445441,0.091352,55461.445628,55461.445733,55461.537087
R16:55461.493538,0.017551,55461.493659,55461.537192,55461.554744
R17:55461.556890,0.037147,55461.557031,55461.557085,55461.594275
R18:55461.624705,0.180181,55461.624964,55461.625084,55461.805268
R19:55461.670272,0.073780,55461.670886,55461.805325,55461.879105
R20:55461.693628,0.073465,55461.694356,55461.879196,55461.952662
R21:55461.743741,0.111064,55461.744372,55461.952695,55462.063760
R22:55461.777981,0.021729,55461.778653,55462.063822,55462.085551
R23:55461.800360,0.125682,55461.800637,55462.085576,55462.211259
R24:55461.910477,0.149118,55461.910747,55462.211318,55462.360438
R25:55461.915486,0.004499,55461.951377,55462.360525,55462.365025
R26:55461.965325,0.054417,55461.965992,55462.365153,55462.419571
R27:55461.979692,0.021454,55462.006293,55462.419625,55462.441080
R28:55462.127112,0.001011,55462.127753,55462.441105,55462.442116
R29:55462.131731,0.003259,55462.132017,55462.442122,55462.445381
R30:55462.172704,0.176396,55462.173220,55462.445402,55462.621799
R31:55462.190995,0.095164,55462.191186,55462.621886,55462.717050
R32:55462.346119,0.038800,55462.346618,55462.717142,55462.755944
R33:55462.366963,0.071408,55462.367105,55462.756046,55462.827454
R34:55462.398452,0.055089,55462.408416,55462.827505,55462.882595
R35:55462.446418,0.002004,55462.446559,55462.882632,55462.884636
R36:55462.497192,0.134291,55462.497330,55462.884693,55463.018985
R37:55462.535718,0.063819,55462.538528,55463.019043,55463.082863
R38:55462.713850,0.067073,55462.714003,55463.082919,55463.149992
R39:55462.736303,0.021852,55462.736441,55463.150050,55463.171903
R40:55462.804561,0.009075,55462.804701,55463.171995,55463.181071
R41:55462.882299,0.106045,55462.882452,55463.181097,55463.287179
R42:55462.921123,0.020049,55462.921317,55463.287239,55463.307289
R43:55463.039136,0.111921,55463.039468,55463.307344,55463.419265
R44:55463.056779,0.058025,55463.056946,55463.419336,55463.477369
R45:55463.085740,0.044414,55463.085905,55463.477471,55463.521886
R46:55463.294845,0.097835,55463.295051,55463.521931,55463.619767
R47:55463.366425,0.128831,55463.366536,55463.619825,55463.748657
R48:55463.405272,0.084307,55463.407373,55463.748706,55463.833014
R49:55463.439279,0.120940,55463.439466,55463.833073,55463.954014
R50:55463.516276,0.012156,55463.516460,55463.954074,55463.966231
R51:55463.560433,0.126367,55463.560552,55463.966261,55464.092629
R52:55463.760596,0.106458,55463.760726,55464.092687,55464.199178
R53:55463.771411,0.028278,55463.771572,55464.199268,55464.227547
R54:55463.839893,0.016499,55463.840036,55464.227571,55464.244071
R55:55463.904420,0.018369,55463.904552,55464.244119,55464.262489
R56:55464.007318,0.012816,55464.007479,55464.262570,55464.275387
R57:55464.046975,0.016164,55464.047202,55464.275436,55464.291601
R58:55464.061013,0.026936,55464.061140,55464.291651,55464.318588
R59:55464.115333,0.118652,55464.115563,55464.318648,55464.437302
R60:55464.127892,0.006738,55464.156220,55464.437394,55464.444133
R61:55464.135307,0.071455,55464.156239,55464.444192,55464.515648
R62:55464.180989,0.136671,55464.181116,55464.515708,55464.652380
R63:55464.460063,0.024160,55464.460226,55464.652432,55464.676592
R64:55464.537164,0.022996,55464.537257,55464.677193,55464.700227
R65:55464.629633,0.013215,55464.629792,55464.700257,55464.713473
R66:55464.653061,0.014013,55464.653160,55464.713493,55464.727507
R67:55464.711747,0.065866,55464.711926,55464.727532,55464.793399
R68:55464.722924,0.078866,55464.723024,55464.793457,55464.872324
R69:55464.732092,0.068339,55464.732183,55464.872404,55464.940743
R70:55464.744150,0.149891,55464.744317,55464.940813,55465.091392
R71:55464.749505,0.036862,55464.785341,55465.091469,55465.128331
R72:55464.753208,0.013726,55464.785345,55465.128388,55465.142116
R73:55464.766203,0.065961,55464.785348,55465.142209,55465.208171
R74:55464.872870,0.171180,55464.872943,55465.208502,55465.379683
R75:55464.944272,0.071301,55464.944380,55465.379769,55465.451071
R76:55465.012441,0.007246,55465.012600,55465.451171,55465.458418
R77:55465.019118,0.004073,55465.019300,55465.458467,55465.462541
R78:55465.077033,0.011449,55465.077659,55465.462655,55465.474106
R79:55465.081990,0.085650,55465.087938,55465.474164,55465.559816
R80:55465.123382,0.070444,55465.123492,55465.559875,55465.630319
R81:55465.180325,0.008587,55465.180471,55465.630381,55465.638969
R82:55465.184092,0.011428,55465.208444,55465.639050,55465.650484
R83:55465.981195,0.006703,55465.981494,55465.981579,55465.988283
R84:55466.128550,0.002779,55466.128704,55466.128841,55466.131621
R85:55466.536601,0.003754,55466.536787,55466.536923,55466.540677
R86:55466.673030,0.128242,55466.673217,55466.673325,55466.801568
R87:55466.673420,0.009945,55466.714395,55466.801630,55466.811576
R88:55466.733570,0.024854,55466.733730,55466.811636,55466.836490
R89:55466.745577,0.085655,55466.745768,55466.836551,55466.922208
R90:55466.908590,0.040202,55466.908777,55466.922311,55466.962514
R91:55466.938399,0.030127,55466.938576,55466.962566,55466.992693
R92:55466.996297,0.005248,55466.996465,55466.996550,55467.001798
R93:55467.073979,0.070795,55467.074151,55467.074281,55467.145096
R94:55467.124551,0.242864,55467.125002,55467.145234,55467.388099
R95:55467.148919,0.105029,55467.149458,55467.388186,55467.493216
R96:55467.206432,0.049566,55467.206911,55467.493273,55467.542839
R97:55467.298459,0.068877,55467.299604,55467.542894,55467.611772
R98:55467.301111,0.129765,55467.301214,55467.611829,55467.741595
R99:55467.420630,0.088904,55467.421520,55467.741682,55467.830587
R100:55467.558474,0.068092,55467.558594,55467.830649,55467.898742
R101:55467.817539,0.205511,55467.817721,55467.898802,55468.104313
R102:55467.973492,0.034384,55467.973627,55468.104375,55468.138760
R103:55468.046905,0.088601,55468.047097,55468.138822,55468.227424
R104:55468.059011,0.004006,55468.059126,55468.227470,55468.231476
R105:55468.205665,0.014254,55468.205863,55468.231495,55468.245750
R106:55468.275795,0.013012,55468.275979,55468.276093,55468.289106
R107:55468.342111,0.019053,55468.342326,55468.342401,55468.361456
R108:55468.422677,0.013161,55468.423281,55468.423604,55468.436766
R109:55468.449397,0.050130,55468.449530,55468.449593,55468.499734
R110:55468.454715,0.052653,55468.490401,55468.499877,55468.552531
R111:55468.471706,0.177832,55468.490422,55468.552651,55468.730484
R112:55468.519426,0.039495,55468.519592,55468.730540,55468.770036
R113:55468.541477,0.006011,55468.552733,55468.770064,55468.776076
R114:55468.626285,0.044891,55468.626478,55468.776124,55468.821015
R115:55468.669112,0.029975,55468.669376,55468.821150,55468.851126
R116:55468.861946,0.094090,55468.862123,55468.862143,55468.956234
R117:55468.889398,0.000162,55468.889906,55468.956265,55468.956427
R118:55468.927535,0.045625,55468.928032,55468.956431,55469.002057
R119:55468.955872,0.013322,55468.956292,55469.002117,55469.015445
R120:55469.075408,0.032981,55469.075560,55469.075606,55469.108588
R121:55469.150608,0.018189,55469.150797,55469.150878,55469.169067
R122:55469.194574,0.010079,55469.194737,55469.194830,55469.204910
R123:55469.277696,0.002086,55469.277876,55469.278266,55469.280353
R124:55469.342685,0.059534,55469.342916,55469.342944,55469.402485
R125:55469.378474,0.050756,55469.383475,55469.402547,55469.453304
R126:55469.453254,0.010205,55469.453359,55469.453951,55469.464161
R127:55469.481804,0.049330,55469.481988,55469.482014,55469.531345
R128:55469.544555,0.019903,55469.544901,55469.544924,55469.564828
R129:55469.632224,0.011296,55469.632499,55469.632555,55469.643851
R130:55469.722341,0.057721,55469.722529,55469.722563,55469.780284
R131:55469.891640,0.014871,55469.891800,55469.891926,55469.906798
R132:55469.962346,0.004586,55469.962535,55469.962641,55469.967228
R133:55470.013210,0.104935,55470.013339,55470.013567,55470.118503
R134:55470.033460,0.004921,55470.054316,55470.118553,55470.123477
R135:55470.110782,0.022440,55470.111002,55470.123553,55470.145994
R136:55470.118787,0.044973,55470.118805,55470.146028,55470.191002
R137:55470.176211,0.017039,55470.176304,55470.191066,55470.208138
R138:55470.249614,0.017011,55470.249739,55470.249783,55470.266794
R139:55470.349416,0.010521,55470.349659,55470.349755,55470.360276
R140:55470.376222,0.000179,55470.376325,55470.376341,55470.376521
R141:55470.653559,0.020134,55470.653709,55470.653809,55470.673944
R142:55470.770805,0.028679,55470.770962,55470.771359,55470.800039
R143:55470.784841,0.125622,55470.800236,55470.800273,55470.925896
R144:55470.997337,0.060045,55470.997550,55470.997626,55471.057672
R145:55471.094051,0.057884,55471.094170,55471.094272,55471.152157
R146:55471.102939,0.074422,55471.103211,55471.152247,55471.226669
R147:55471.135616,0.124010,55471.135975,55471.226737,55471.350760
R148:55471.326823,0.011379,55471.327047,55471.350886,55471.362266
R149:55471.459060,0.039708,55471.459349,55471.459370,55471.499079
R150:55471.564498,0.117658,55471.564678,55471.564852,55471.682511
R151:55471.588152,0.103565,55471.605403,55471.682566,55471.786133
R152:55471.748486,0.042925,55471.748666,55471.786246,55471.829186
R153:55471.794602,0.016004,55471.794682,55471.829275,55471.845280
R154:55471.806595,0.033903,55471.829338,55471.845331,55471.879251
R155:55471.939959,0.094505,55471.940117,55471.940145,55472.034651
R156:55471.981652,0.017199,55471.981894,55472.034700,55472.051900
R157:55472.027435,0.057629,55472.028113,55472.051952,55472.109594
R158:55472.040884,0.007486,55472.041045,55472.109699,55472.117186
R159:55472.127691,0.033905,55472.127912,55472.127943,55472.161850
R160:55472.189519,0.064413,55472.189609,55472.189771,55472.254185
R161:55472.311252,0.012549,55472.311835,55472.311903,55472.324453
R162:55472.324506,0.006463,55472.324614,55472.324746,55472.331211
R163:55472.370642,0.022349,55472.370820,55472.370833,55472.393183
R164:55472.380689,0.134335,55472.393351,55472.393355,55472.527692
R165:55472.406943,0.048656,55472.433368,55472.527750,55472.576406
R166:55472.566450,0.085223,55472.566607,55472.576456,55472.661679
R167:55472.687602,0.020396,55472.687758,55472.687783,55472.708193
R168:55472.733457,0.053769,55472.733790,55472.733961,55472.787730
R169:55472.767054,0.014981,55472.774332,55472.787780,55472.802762
R170:55472.829770,0.003766,55472.830132,55472.830147,55472.833913
R171:55472.840921,0.052094,55472.841071,55472.841244,55472.893338
R172:55472.848745,0.017003,55472.881371,55472.893389,55472.910393
R173:55472.878959,0.004779,55472.881389,55472.910443,55472.915222
R174:55472.905869,0.136281,55472.906207,55472.915252,55473.051534
R175:55472.943232,0.015426,55472.943316,55473.051582,55473.067008
R176:55473.001855,0.071728,55473.002018,55473.067066,55473.138795
R177:55473.073694,0.008556,55473.073816,55473.138884,55473.147440
R178:55473.118469,0.049130,55473.118637,55473.147469,55473.196600
R179:55473.261683,0.011650,55473.261863,55473.261976,55473.273627
R180:55473.310415,0.027774,55473.310564,55473.310652,55473.338452
R181:55473.364912,0.025076,55473.365070,55473.365170,55473.390247
R182:55473.483165,0.019727,55473.483351,55473.483467,55473.503196
R183:55473.502141,0.050896,55473.503324,55473.503396,55473.554293
R184:55473.589342,0.020643,55473.589542,55473.589616,55473.610260
R185:55473.868774,0.007313,55473.869184,55473.869279,55473.876593
R186:55474.020852,0.000271,55474.021039,55474.021142,55474.021414
R187:55474.056245,0.074447,55474.056482,55474.056582,55474.131030
R188:55474.158424,0.006090,55474.158663,55474.158726,55474.164816
R189:55474.181799,0.063828,55474.181979,55474.182153,55474.245986
R190:55474.315710,0.029811,55474.315856,55474.315941,55474.345753
R191:55474.319230,0.061535,55474.319257,55474.345819,55474.407354
R192:55474.606198,0.032113,55474.606382,55474.606391,55474.638505
R193:55474.622100,0.004931,55474.638677,55474.638776,55474.643709
R194:55474.755752,0.024136,55474.755918,55474.756019,55474.780156
R195:55474.762878,0.053519,55474.780442,55474.780543,55474.834087
R196:55474.786917,0.007061,55474.822387,55474.834176,55474.841238
R197:55474.897388,0.002745,55474.897571,55474.897683,55474.900428
R198:55474.901178,0.075904,55474.901206,55474.901323,55474.977235
R199:55474.942073,0.029220,55474.942717,55474.977294,55475.006519
R200:55475.020652,0.044536,55475.020818,55475.020829,55475.065365
R201:55475.029214,0.037740,55475.061352,55475.065399,55475.103142
R202:55475.086914,0.022464,55475.086977,55475.103210,55475.125675
R203:55475.147303,0.109787,55475.147462,55475.147641,55475.257429
R204:55475.171599,0.009306,55475.188250,55475.257479,55475.266799
R205:55475.214825,0.037301,55475.214880,55475.266839,55475.304149
R206:55475.277674,0.045341,55475.277795,55475.304214,55475.349556
R207:55475.342214,0.088541,55475.342389,55475.349634,55475.438176
R208:55475.360152,0.005203,55475.360337,55475.438273,55475.443477
R209:55475.365127,0.009295,55475.401400,55475.443508,55475.452804
R210:55475.536755,0.012776,55475.536815,55475.536874,55475.549651
R211:55475.580728,0.017183,55475.580823,55475.580885,55475.598136
R212:55475.697753,0.105301,55475.697949,55475.698031,55475.803332
R213:55475.727372,0.084345,55475.738299,55475.803395,55475.887741
R214:55475.755648,0.001850,55475.755809,55475.887801,55475.889651
R215:55475.827699,0.075312,55475.827784,55475.889665,55475.964977
R216:55475.847690,0.090426,55475.847774,55475.965061,55476.055488
R217:55475.913398,0.012488,55475.913452,55476.055544,55476.068048
R218:55475.938132,0.047394,55475.938185,55476.068093,55476.115505
R219:55475.952988,0.056136,55475.965173,55476.115594,55476.171731
R220:55475.960802,0.063552,55475.965179,55476.171758,55476.235311
R221:55476.062525,0.025640,55476.062664,55476.235370,55476.261012
R222:55476.077601,0.028459,55476.077706,55476.261097,55476.289557
R223:55476.103031,0.024368,55476.115688,55476.289613,55476.313981
R224:55476.120595,0.008405,55476.156361,55476.314032,55476.322437
R225:55476.171400,0.000734,55476.171521,55476.322454,55476.323189
R226:55476.225566,0.024077,55476.225722,55476.323214,55476.347292
R227:55476.257617,0.066858,55476.257808,55476.347319,55476.414195
R228:55476.282173,0.052442,55476.282382,55476.414256,55476.466699
R229:55476.302438,0.126031,55476.302771,55476.466760,55476.592793
R230:55476.356195,0.082980,55476.356277,55476.592844,55476.675825
R231:55476.433555,0.018695,55476.433694,55476.675875,55476.694571
R232:55476.513499,0.000301,55476.513614,55476.694631,55476.694932
R233:55476.582848,0.092866,55476.582910,55476.694941,55476.787808
R234:55476.633760,0.051458,55476.633809,55476.787853,55476.839312
R235:55476.698073,0.025600,55476.698209,55476.839365,55476.864966
R236:55476.746958,0.063446,55476.747153,55476.865018,55476.928465
R237:55476.777257,0.056631,55476.777443,55476.928583,55476.985215
R238:55476.885365,0.001672,55476.885526,55476.985292,55476.986964
R239:55476.896593,0.057874,55476.926306,55476.986992,55477.044867
R240:55476.901029,0.048242,55476.926311,55477.044927,55477.093170
R241:55476.914940,0.041947,55476.926328,55477.093211,55477.135159
R242:55476.995333,0.000286,55476.995452,55477.135305,55477.135592
R243:55476.995481,0.015161,55477.036241,55477.135596,55477.150758
R244:55477.019815,0.097440,55477.036258,55477.150784,55477.248225
R245:55477.090930,0.020878,55477.090999,55477.248297,55477.269208
R246:55477.104383,0.105602,55477.104428,55477.269353,55477.374956
R247:55477.177912,0.018788,55477.177952,55477.375014,55477.393822
R248:55477.248607,0.010306,55477.248660,55477.393871,55477.404177
R249:55477.392988,0.035005,55477.393060,55477.404208,55477.439214
R250:55477.404554,0.056297,55477.404635,55477.440049,55477.496349
R251:55477.522424,0.010605,55477.522617,55477.522629,55477.533235
R252:55477.678949,0.061220,55477.679138,55477.679170,55477.740391
R253:55477.712582,0.039637,55477.720474,55477.740451,55477.780089
R254:55477.848121,0.134770,55477.848283,55477.848509,55477.983280
R255:55477.937818,0.130575,55477.938021,55477.983370,55478.113946
R256:55477.955675,0.135468,55477.955879,55478.114005,55478.249474
R257:55478.009312,0.040212,55478.009434,55478.249523,55478.289736
R258:55478.054950,0.080383,55478.055095,55478.289795,55478.370179
R259:55478.241682,0.045131,55478.241853,55478.370268,55478.415400
R260:55478.354025,0.268009,55478.354171,55478.415451,55478.683461
R261:55478.425620,0.019618,55478.425908,55478.683528,55478.703147
R262:55478.608875,0.044477,55478.609062,55478.703173,55478.747651
R263:55478.747294,0.071215,55478.747446,55478.747679,55478.818895
R264:55478.815126,0.079215,55478.815262,55478.818934,55478.898152
R265:55478.914901,0.046365,55478.915273,55478.915413,55478.961778
R266:55478.935522,0.009133,55478.955391,55478.961811,55478.970946
R267:55478.978021,0.100156,55478.978260,55478.978271,55479.078428
R268:55479.084079,0.054594,55479.084224,55479.084250,55479.138844
R269:55479.221839,0.047335,55479.222037,55479.222129,55479.269465
R270:55479.257419,0.051867,55479.257575,55479.269522,55479.321391
R271:55479.318202,0.008029,55479.318414,55479.321429,55479.329459
R272:55479.370030,0.001676,55479.370270,55479.370330,55479.372006
R273:55479.427993,0.036506,55479.428116,55479.428207,55479.464714
R274:55479.508655,0.036185,55479.508800,55479.508820,55479.545007
R275:55479.628097,0.033649,55479.628265,55479.628454,55479.662109
R276:55479.636808,0.002486,55479.662238,55479.662322,55479.664809
R277:55479.684535,0.024279,55479.684741,55479.684846,55479.709150
R278:55479.796992,0.030085,55479.797165,55479.797342,55479.827428
R279:55479.864878,0.026643,55479.865063,55479.865086,55479.891730
R280:55479.875367,0.026108,55479.891924,55479.892010,55479.918146
R281:55479.894448,0.063221,55479.918282,55479.918397,55479.981619
R282:55479.895736,0.083818,55479.918317,55479.981687,55480.065506
R283:55479.962602,0.029597,55479.962649,55480.065538,55480.095135
R284:55480.020973,0.266592,55480.021073,55480.095221,55480.361814
R285:55480.064464,0.003858,55480.064521,55480.361922,55480.365781
R286:55480.068601,0.045476,55480.068686,55480.365833,55480.411309
R287:55480.137015,0.012409,55480.137137,55480.411362,55480.423772
R288:55480.154006,0.128532,55480.178455,55480.423944,55480.552476
R289:55480.220403,0.031074,55480.220606,55480.552514,55480.583589
R290:55480.309855,0.095052,55480.310054,55480.583698,55480.678751
R291:55480.348506,0.148709,55480.348704,55480.678814,55480.827525
R292:55480.552012,0.072839,55480.552245,55480.827587,55480.900427
R293:55480.705204,0.038474,55480.705374,55480.900480,55480.938954
R294:55480.732419,0.032461,55480.746360,55480.939018,55480.971480
R295:55480.748979,0.031384,55480.749147,55480.971540,55481.002925
R296:55480.948729,0.170984,55480.948928,55481.002954,55481.173939
R297:55481.092684,0.030628,55481.092816,55481.174035,55481.204664
R298:55481.106359,0.072717,55481.133298,55481.204722,55481.277440
R299:55481.207418,0.014892,55481.207523,55481.277528,55481.292431
R300:55481.364325,0.165529,55481.364465,55481.364507,55481.530037
R301:55481.460045,0.025740,55481.460207,55481.530114,55481.555855
R302:55481.487165,0.040422,55481.487289,55481.555914,55481.596337
R303:55481.542234,0.010600,55481.542417,55481.596368,55481.606968
R304:55481.607279,0.022323,55481.607369,55481.607621,55481.629945
R305:55481.650722,0.124159,55481.650918,55481.650931,55481.775091
R306:55481.721579,0.046639,55481.721663,55481.775274,55481.821914
R307:55481.737631,0.005814,55481.737760,55481.821952,55481.827767
R308:55481.871572,0.011095,55481.871728,55481.871740,55481.882836
R309:55481.902910,0.044909,55481.903064,55481.903080,55481.947993
R310:55481.972441,0.045359,55481.972650,55481.972667,55482.018027
R311:55482.047820,0.041148,55482.048058,55482.048205,55482.089355
R312:55482.051968,0.013895,55482.052027,55482.090021,55482.103921
R313:55482.107411,0.021068,55482.107641,55482.107655,55482.128723
R314:55482.108905,0.128649,55482.108948,55482.128845,55482.257495
R315:55482.109626,0.073633,55482.128908,55482.257690,55482.331323
R316:55482.171016,0.135357,55482.171204,55482.331363,55482.466721
R317:55482.316629,0.029709,55482.316831,55482.466782,55482.496491
R318:55482.329452,0.079294,55482.329571,55482.496572,55482.575866
R319:55482.374285,0.168604,55482.374330,55482.575931,55482.744535
R320:55482.442887,0.017328,55482.443518,55482.744593,55482.761931
R321:55482.454304,0.022788,55482.454418,55482.761981,55482.784769
R322:55482.597127,0.068844,55482.597174,55482.784798,55482.853643
R323:55482.750361,0.015941,55482.750412,55482.853711,55482.869652
R324:55482.793568,0.006524,55482.793684,55482.869708,55482.876233
R325:55482.989121,0.048801,55482.989324,55482.989349,55483.038151
R326:55483.123199,0.129207,55483.123450,55483.123548,55483.252756
R327:55483.207938,0.016584,55483.208164,55483.252811,55483.269396
R328:55483.221654,0.011344,55483.221846,55483.269455,55483.280799
R329:55483.234032,0.009694,55483.234086,55483.280890,55483.290584
R330:55483.299764,0.012910,55483.299954,55483.300058,55483.312969
R331:55483.308940,0.000698,55483.313426,55483.313557,55483.314256
R332:55483.504748,0.006391,55483.504936,55483.505052,55483.511444
R333:55483.516566,0.052284,55483.516661,55483.516705,55483.568989
R334:55483.558014,0.005316,55483.558068,55483.569047,55483.574370
R335:55483.723152,0.003658,55483.724460,55483.724679,55483.728338
R336:55483.786832,0.034302,55483.786996,55483.787073,55483.821376
R337:55483.820322,0.017349,55483.821540,55483.821626,55483.838976
R338:55483.858651,0.121743,55483.858908,55483.858918,55483.980662
R339:55483.877569,0.010580,55483.900076,55483.980716,55483.991297
R340:55483.933313,0.028268,55483.933388,55483.991387,55484.019656
R341:55483.935850,0.069996,55483.935918,55484.019681,55484.089678
R342:55484.048217,0.309983,55484.048268,55484.089709,55484.399693
R343:55484.077736,0.037069,55484.089167,55484.399765,55484.436836
R344:55484.080202,0.054205,55484.089186,55484.436864,55484.491070
R345:55484.095250,0.019846,55484.095389,55484.491129,55484.510976
R346:55484.175647,0.052024,55484.175817,55484.511001,55484.563026
R347:55484.322556,0.002574,55484.322677,55484.563051,55484.565625
R348:55484.350556,0.081311,55484.350754,55484.565647,55484.646976
R349:55484.447747,0.057273,55484.447816,55484.647033,55484.704307
R350:55484.527860,0.018767,55484.528026,55484.704400,55484.723168
R351:55484.684384,0.017686,55484.684550,55484.723212,55484.740899
R352:55484.777732,0.010478,55484.777873,55484.777898,55484.788377
R353:55484.888384,0.002746,55484.888699,55484.888727,55484.891474
R354:55484.948232,0.008556,55484.948415,55484.948427,55484.956984
R355:55484.955513,0.007319,55484.957341,55484.957395,55484.964715
R356:55484.974368,0.002990,55484.974585,55484.975017,55484.978008
R357:55485.033907,0.145479,55485.034096,55485.034270,55485.179750
R358:55485.180875,0.129660,55485.180902,55485.180945,55485.310606
R359:55485.184808,0.014851,55485.185422,55485.310713,55485.326065
R360:55485.227137,0.009246,55485.227572,55485.326095,55485.335342
R361:55485.286344,0.032347,55485.286528,55485.335374,55485.367722
R362:55485.345044,0.130230,55485.346126,55485.367761,55485.497992
R363:55485.458031,0.043644,55485.458146,55485.498046,55485.541691
R364:55485.508037,0.012760,55485.508155,55485.541763,55485.554524
R365:55485.595352,0.050199,55485.595484,55485.595570,55485.645771
R366:55485.615974,0.000840,55485.636407,55485.645821,55485.646661
R367:55485.667551,0.021351,55485.667724,55485.667738,55485.689099
R368:55485.846540,0.036973,55485.846748,55485.846759,55485.883733
R369:55485.862068,0.018348,55485.883895,55485.883993,55485.902342
R370:55485.896362,0.051801,55485.902539,55485.903146,55485.954948
R371:55485.972371,0.015669,55485.972509,55485.972685,55485.988355
R372:55486.011577,0.020240,55486.011772,55486.011856,55486.032097
R373:55486.092780,0.071191,55486.092910,55486.092991,55486.164184
R374:55486.109010,0.057533,55486.133366,55486.164294,55486.221829
R375:55486.128978,0.093256,55486.133370,55486.222701,55486.315959
R376:55486.130110,0.045910,55486.133385,55486.316017,55486.361928
R377:55486.257728,0.055125,55486.257818,55486.362007,55486.417133
R378:55486.283743,0.094194,55486.298424,55486.417207,55486.511401
R379:55486.333697,0.014801,55486.333751,55486.511435,55486.526237
R380:55486.353017,0.036117,55486.362074,55486.526286,55486.562404
R381:55486.358231,0.047262,55486.362079,55486.562461,55486.609724
R382:55486.505411,0.086111,55486.505866,55486.609754,55486.695880
R383:55486.556057,0.066732,55486.556835,55486.695964,55486.762696
R384:55486.769097,0.022310,55486.769148,55486.769179,55486.791490
R385:55486.797314,0.001208,55486.797495,55486.797581,55486.798789
R386:55486.800422,0.033399,55486.801180,55486.801336,55486.834736
R387:55486.800869,0.061595,55486.834895,55486.834954,55486.896550
R388:55486.824145,0.035404,55486.834900,55486.896605,55486.932010
R389:55486.938569,0.004074,55486.938958,55486.939094,55486.943169
R390:55486.980703,0.033048,55486.980933,55486.981044,55487.014093
R391:55486.994988,0.002218,55487.014249,55487.014284,55487.016503
R392:55487.166317,0.014042,55487.166463,55487.166582,55487.180626
R393:55487.172393,0.047240,55487.180797,55487.180896,55487.228136
R394:55487.255307,0.162940,55487.255503,55487.255605,55487.418545
R395:55487.261942,0.009082,55487.261974,55487.418604,55487.427686
R396:55487.396770,0.070793,55487.396973,55487.427713,55487.498506
R397:55487.440017,0.000350,55487.440064,55487.498560,55487.498911
R398:55487.540332,0.066678,55487.540504,55487.540625,55487.607304
R399:55487.598070,0.127920,55487.598153,55487.607362,55487.735283
R400:55487.688985,0.077474,55487.689070,55487.735318,55487.812793
R401:55487.695894,0.005350,55487.730419,55487.812853,55487.818209
R402:55487.891110,0.013677,55487.891292,55487.891431,55487.905109
R403:55487.912711,0.004993,55487.912799,55487.912929,55487.917923
R404:55488.023501,0.016232,55488.023709,55488.023807,55488.040040
R405:55488.115235,0.138801,55488.115414,55488.115537,55488.254339
R406:55488.128098,0.005084,55488.156341,55488.254402,55488.259487
R407:55488.223546,0.093305,55488.223764,55488.259563,55488.352874
R408:55488.488310,0.058958,55488.488483,55488.488611,55488.547570
R409:55488.516444,0.028493,55488.529374,55488.547618,55488.576112
R410:55488.557209,0.019577,55488.557341,55488.576163,55488.595740
R411:55488.628121,0.006962,55488.628291,55488.628385,55488.635348
R412:55488.689495,0.023741,55488.689579,55488.689606,55488.713348
R413:55488.695342,0.053922,55488.713504,55488.713533,55488.767456
R414:55488.705229,0.106299,55488.713513,55488.767543,55488.873843
R415:55488.713398,0.011841,55488.754357,55488.873897,55488.885739
R416:55488.771675,0.037633,55488.771757,55488.885769,55488.923403
R417:55488.845393,0.143430,55488.845450,55488.923462,55489.066893
R418:55488.870499,0.006510,55488.870853,55489.066953,55489.073464
R419:55488.968128,0.036174,55488.968328,55489.073573,55489.109756
R420:55488.970918,0.011885,55489.009394,55489.109849,55489.121831
R421:55489.004959,0.008727,55489.009416,55489.121877,55489.130605
R422:55489.045262,0.028437,55489.045467,55489.130634,55489.159076
R423:55489.070000,0.052461,55489.070135,55489.159101,55489.211563
R424:55489.070467,0.030990,55489.073608,55489.211623,55489.242614
R425:55489.079547,0.075763,55489.109942,55489.242645,55489.318409
R426:55489.085469,0.057708,55489.109946,55489.318467,55489.376205
R427:55489.188317,0.100945,55489.188427,55489.376425,55489.477395
R428:55489.349260,0.002417,55489.349420,55489.477453,55489.479871
R429:55489.353714,0.009748,55489.376525,55489.479889,55489.489638
R430:55489.403722,0.005800,55489.418546,55489.489655,55489.495456
R431:55489.579074,0.045341,55489.579252,55489.579352,55489.624694
R432:55489.611938,0.060255,55489.612122,55489.624752,55489.685008
R433:55489.679915,0.026096,55489.680182,55489.685108,55489.711249
R434:55489.731760,0.043099,55489.731946,55489.731994,55489.775118
R435:55489.847118,0.012534,55489.847285,55489.847380,55489.859915
R436:55490.016964,0.023436,55490.017160,55490.017280,55490.040718
R437:55490.120900,0.005129,55490.121090,55490.121190,55490.126362
R438:55490.153102,0.024496,55490.153315,55490.153502,55490.177999
R439:55490.263384,0.136042,55490.263495,55490.263584,55490.399628
R440:55490.355222,0.089030,55490.355429,55490.399691,55490.488722
R441:55490.481553,0.050421,55490.482299,55490.488770,55490.539192
R442:55490.565259,0.048996,55490.565400,55490.565523,55490.614520
R443:55490.613818,0.043234,55490.614046,55490.614556,55490.657791
R444:55490.660457,0.001496,55490.660606,55490.660711,55490.662207
R445:55490.734837,0.045778,55490.735009,55490.735100,55490.780879
R446:55490.828982,0.007771,55490.829151,55490.829227,55490.836999
R447:55490.839286,0.075121,55490.839432,55490.839522,55490.914645
R448:55490.854062,0.066460,55490.880335,55490.914703,55490.981184
R449:55490.978135,0.054937,55490.978181,55490.981294,55491.036231
R450:55490.991815,0.005579,55490.991872,55491.036288,55491.041868
R451:55491.016965,0.005392,55491.032265,55491.041889,55491.047282
R452:55491.163532,0.015757,55491.163608,55491.163641,55491.179400
R453:55491.207267,0.016965,55491.207465,55491.207729,55491.224695
R454:55491.222264,0.146874,55491.224856,55491.225609,55491.372484
R455:55491.293792,0.035354,55491.293993,55491.372540,55491.407894
R456:55491.310676,0.137717,55491.310923,55491.407927,55491.545647
R457:55491.411342,0.017450,55491.411823,55491.545736,55491.563207
R458:55491.421723,0.051714,55491.421940,55491.563238,55491.614953
R459:55491.476770,0.013254,55491.477121,55491.614984,55491.628238
R460:55491.614719,0.049626,55491.614812,55491.628356,55491.677984
R461:55491.689636,0.083831,55491.689829,55491.689932,55491.773764
R462:55491.808955,0.001443,55491.809138,55491.809150,55491.810594
R463:55491.908022,0.048062,55491.908219,55491.908230,55491.956315
R464:55491.967650,0.074457,55491.967807,55491.967818,55492.042277
R465:55492.063961,0.003993,55492.064159,55492.064170,55492.068164
R466:55492.086418,0.009481,55492.086611,55492.086624,55492.096113
R467:55492.227905,0.022298,55492.228102,55492.228114,55492.250413
R468:55492.241183,0.023798,55492.250602,55492.250680,55492.274479
R469:55492.280268,0.005306,55492.280428,55492.280514,55492.285821
R470:55492.349896,0.101796,55492.350076,55492.350154,55492.451953
R471:55492.376302,0.005500,55492.390378,55492.452003,55492.457504
R472:55492.438738,0.069259,55492.438977,55492.457560,55492.526820
R473:55492.548154,0.022848,55492.548355,55492.548393,55492.571281
R474:55492.582294,0.015886,55492.582495,55492.582738,55492.598624
R475:55492.615855,0.003534,55492.615966,55492.616054,55492.619588
R476:55492.677011,0.028299,55492.677225,55492.677431,55492.705731
R477:55492.831802,0.056173,55492.831986,55492.832091,55492.888266
R478:55492.974039,0.031899,55492.974252,55492.974373,55493.006272
R479:55493.015367,0.012707,55493.015572,55493.015652,55493.028360
R480:55493.038544,0.042986,55493.038718,55493.038827,55493.081814
R481:55493.057501,0.006738,55493.079268,55493.081841,55493.088580
R482:55493.081455,0.032711,55493.081596,55493.088603,55493.121323
R483:55493.173846,0.010690,55493.173964,55493.174114,55493.184804
R484:55493.218322,0.007158,55493.218513,55493.218648,55493.225807
R485:55493.348984,0.010202,55493.349176,55493.349371,55493.359574
R486:55493.372234,0.115517,55493.372411,55493.372599,55493.488117
R487:55493.372526,0.082674,55493.413591,55493.488166,55493.570841
R488:55493.395307,0.058162,55493.413617,55493.570897,55493.629060
R489:55493.465486,0.002288,55493.465582,55493.629119,55493.631407
R490:55493.478502,0.074596,55493.478585,55493.631428,55493.706024
R491:55493.692777,0.098759,55493.692950,55493.706146,55493.804906
R492:55493.700878,0.257460,55493.706203,55493.804963,55494.062425
R493:55493.716421,0.055117,55493.747426,55494.062483,55494.117601
R494:55493.767730,0.088172,55493.768341,55494.117639,55494.205812
R495:55493.809700,0.062223,55493.809808,55494.205874,55494.268098
R496:55493.958399,0.010752,55493.958568,55494.268153,55494.278906
R497:55493.993248,0.008404,55493.993341,55494.278933,55494.287338
R498:55494.114743,0.019567,55494.114815,55494.287362,55494.306930
R499:55494.189530,0.038019,55494.189616,55494.307644,55494.345665
R500:55494.218213,0.051134,55494.218269,55494.345700,55494.396835
R501:55494.259075,0.030816,55494.259302,55494.396922,55494.427738
R502:55494.343315,0.000293,55494.343363,55494.427807,55494.428551
R503:55494.395365,0.010637,55494.395418,55494.428574,55494.439211
R504:55494.416349,0.029358,55494.416593,55494.439236,55494.468595
R505:55494.495407,0.052934,55494.495635,55494.495647,55494.548582
R506:55494.513607,0.021487,55494.536428,55494.548638,55494.570156
R507:55494.530278,0.027792,55494.536446,55494.570238,55494.598031
R508:55494.578504,0.002589,55494.578653,55494.598145,55494.600735
R509:55494.606727,0.082867,55494.606962,55494.607045,55494.689913
R510:55494.613503,0.215788,55494.613674,55494.689972,55494.905761
R511:55494.754447,0.016723,55494.754646,55494.905824,55494.922609
R512:55494.803722,0.022256,55494.804019,55494.922678,55494.944934
R513:55494.817198,0.096134,55494.817254,55494.944980,55495.041115
R514:55494.855884,0.077133,55494.856097,55495.041174,55495.118307
R515:55494.932676,0.007561,55494.932813,55495.118372,55495.125933
R516:55494.965395,0.005457,55494.965711,55495.125969,55495.131426
R517:55495.002671,0.171625,55495.006532,55495.131436,55495.303062
R518:55495.063946,0.101662,55495.064126,55495.303118,55495.404781
R519:55495.071812,0.081127,55495.104349,55495.404842,55495.485970
R520:55495.083506,0.025183,55495.104366,55495.486031,55495.511228
R521:55495.108646,0.038001,55495.108809,55495.511288,55495.549289
R522:55495.149560,0.175398,55495.149699,55495.549441,55495.724839
R523:55495.240863,0.004635,55495.241082,55495.724868,55495.729503
R524:55495.453563,0.002727,55495.453696,55495.729519,55495.732246
R525:55495.455057,0.114890,55495.455217,55495.732255,55495.847146
R526:55495.607342,0.027163,55495.607391,55495.847235,55495.874399
R527:55495.610183,0.012414,55495.648421,55495.874449,55495.886864
R528:55495.623813,0.048748,55495.648445,55495.886911,55495.935660
R529:55495.724335,0.030947,55495.724535,55495.935704,55495.966653
R530:55495.729604,0.030803,55495.729686,55495.966714,55495.997519
R531:55495.764802,0.090252,55495.764994,55495.997620,55496.087873
R532:55495.826385,0.011297,55495.826570,55496.087922,55496.099256
R533:55495.881767,0.055823,55495.881989,55496.099287,55496.155128
R534:55495.990374,0.164239,55495.990422,55496.155273,55496.319513
R535:55495.995444,0.024267,55495.997734,55496.319565,55496.343833
R536:55496.038499,0.133577,55496.039131,55496.343893,55496.477470
R537:55496.068143,0.005449,55496.068378,55496.477529,55496.482978
R538:55496.234260,0.104214,55496.234410,55496.483001,55496.587217
R539:55496.388527,0.127172,55496.388699,55496.587261,55496.714434
R540:55496.402882,0.004697,55496.403023,55496.714486,55496.719209
R541:55496.579032,0.172722,55496.579238,55496.719297,55496.892019
R542:55496.693854,0.000237,55496.694078,55496.892099,55496.892337
R543:55496.741447,0.016927,55496.741622,55496.892360,55496.909331
R544:55496.755541,0.015183,55496.782391,55496.909354,55496.924537
R545:55496.821449,0.001859,55496.821569,55496.924563,55496.926423
R546:55496.913712,0.021578,55496.913925,55496.926438,55496.948017
R547:55496.999296,0.016784,55496.999417,55496.999487,55497.016272
R548:55497.136488,0.056236,55497.136680,55497.136824,55497.193061
R549:55497.190427,0.048916,55497.190624,55497.193105,55497.242040
R550:55497.401460,0.028359,55497.401647,55497.401771,55497.430302
R551:55497.469288,0.276595,55497.469460,55497.469559,55497.746174
R552:55497.469963,0.129794,55497.510174,55497.746291,55497.876160
R553:55497.500191,0.015369,55497.510177,55497.876206,55497.891575
R554:55497.507229,0.017199,55497.510179,55497.891607,55497.908806
R555:55497.614935,0.065411,55497.615048,55497.908841,55497.974264
R556:55497.628930,0.000349,55497.629165,55497.974311,55497.974660
R557:55497.661052,0.110142,55497.661265,55497.974667,55498.084810
R558:55497.741124,0.108729,55497.741272,55498.084869,55498.193599
R559:55497.742142,0.050971,55497.742295,55498.193658,55498.244630
R560:55497.755222,0.129766,55497.755328,55498.244670,55498.374438
R561:55497.766109,0.102031,55497.817965,55498.375085,55498.477118
R562:55497.841708,0.039673,55497.844225,55498.477150,55498.516824
R563:55497.863918,0.088194,55497.864091,55498.516852,55498.605047
R564:55497.875328,0.005991,55497.875424,55498.605107,55498.611098
R565:55497.892371,0.098587,55497.892461,55498.611129,55498.709716
R566:55497.932732,0.030925,55497.932825,55498.709775,55498.740701
R567:55497.985602,0.120127,55497.985779,55498.740759,55498.860887
R568:55498.115336,0.156304,55498.115511,55498.860945,55499.017250
R569:55498.148082,0.010394,55498.148286,55499.017343,55499.027738
R570:55498.161055,0.022327,55498.161216,55499.027761,55499.050089
R571:55498.180225,0.049427,55498.180451,55499.050152,55499.099582
R572:55498.346649,0.047789,55498.346834,55499.099662,55499.147453
R573:55498.377293,0.023805,55498.377395,55499.147515,55499.171321
R574:55498.426086,0.059223,55498.426212,55499.171378,55499.230602
R575:55498.472819,0.052500,55498.472983,55499.230660,55499.283162
R576:55498.474168,0.059158,55498.474290,55499.283250,55499.342409
R577:55498.538747,0.112858,55498.538893,55499.342525,55499.455384
R578:55498.587819,0.056246,55498.587988,55499.455418,55499.511665
R579:55498.606376,0.031218,55498.606475,55499.511721,55499.542940
R580:55498.692352,0.009719,55498.692497,55499.542970,55499.552711
R581:55498.795958,0.020324,55498.796111,55499.552745,55499.573070
R582:55498.822366,0.010045,55498.837442,55499.573132,55499.583178
R583:55498.890226,0.001244,55498.890408,55499.583229,55499.584488
R584:55498.909069,0.027035,55498.931179,55499.584509,55499.611545
R585:55498.919057,0.024330,55498.931197,55499.611594,55499.635924
R586:55498.935028,0.006944,55498.935167,55499.636011,55499.642955
R587:55499.035480,0.007830,55499.035674,55499.643005,55499.650836
R588:55499.036507,0.037810,55499.036589,55499.650910,55499.688721
R589:55499.127778,0.014184,55499.127985,55499.688746,55499.702931
R590:55499.177390,0.039016,55499.177572,55499.703003,55499.742022
R591:55499.194566,0.092931,55499.194687,55499.742150,55499.835127
R592:55499.346344,0.026993,55499.346482,55499.835189,55499.862183
R593:55499.364435,0.032394,55499.387296,55499.862206,55499.894601
R594:55499.454177,0.031129,55499.454339,55499.894652,55499.925781
R595:55499.460872,0.106316,55499.461036,55499.925827,55500.032145
R596:55499.649974,0.015491,55499.650023,55500.032254,55500.047746
R597:55499.718303,0.016287,55499.718492,55500.047772,55500.064059
R598:55499.734567,0.030649,55499.742148,55500.064087,55500.094737
R599:55499.774313,0.044159,55499.786617,55500.094797,55500.138957
R600:55499.801436,0.036165,55499.801632,55500.139016,55500.175191
R601:55499.940828,0.053031,55499.940898,55500.175253,55500.228334
R602:55500.178887,0.209917,55500.179059,55500.228455,55500.438373
R603:55500.247986,0.024687,55500.248172,55500.438457,55500.463145
R604:55500.355015,0.019464,55500.355174,55500.463170,55500.482634
R605:55500.403497,0.067387,55500.403563,55500.482662,55500.550051
R606:55500.471131,0.038148,55500.471466,55500.550193,55500.588341
R607:55500.604465,0.005247,55500.604635,55500.604744,55500.609992
R608:55500.663188,0.019560,55500.663362,55500.663382,55500.682943
R609:55500.864361,0.002217,55500.864539,55500.864652,55500.866871
R610:55500.921856,0.036462,55500.922107,55500.922190,55500.958652
R611:55501.025210,0.027869,55501.025763,55501.025977,55501.053847
R612:55501.197281,0.007474,55501.197465,55501.197594,55501.205229
R613:55501.299614,0.013235,55501.299773,55501.299852,55501.313089
R614:55501.381211,0.000396,55501.381394,55501.381515,55501.381910
R615:55501.441942,0.032032,55501.442131,55501.442143,55501.474176
R616:55501.556058,0.078252,55501.556215,55501.556474,55501.634726
R617:55501.605530,0.009151,55501.605736,55501.634782,55501.643933
R618:55501.614762,0.129855,55501.614964,55501.643986,55501.773842
R619:55501.714641,0.017225,55501.715314,55501.773910,55501.791136
R620:55501.769084,0.010757,55501.769466,55501.791193,55501.801951
R621:55501.788258,0.005948,55501.788310,55501.802010,55501.807959
R622:55501.790536,0.047842,55501.791181,55501.807989,55501.855832
R623:55501.877251,0.056685,55501.877485,55501.877588,55501.934274
R624:55501.893306,0.077621,55501.918392,55501.934356,55502.011980
R625:55502.080578,0.064886,55502.080667,55502.080749,55502.145636
R626:55502.166008,0.051873,55502.166175,55502.166273,55502.218147
R627:55502.190550,0.004723,55502.190736,55502.218268,55502.222991
R628:55502.201864,0.098107,55502.202006,55502.223018,55502.321126
R629:55502.304433,0.024031,55502.304574,55502.321179,55502.345227
R630:55502.330562,0.007646,55502.330684,55502.345280,55502.352936
R631:55502.465384,0.024719,55502.465607,55502.465693,55502.490413
R632:55502.594175,0.199373,55502.594324,55502.594347,55502.793721
R633:55502.774299,0.061656,55502.774486,55502.793795,55502.855452
R634:55502.828780,0.006063,55502.828891,55502.855516,55502.861600
R635:55502.987336,0.008417,55502.987576,55502.987588,55502.996005
R636:55502.987418,0.001608,55502.996140,55502.996235,55502.997844
R637:55503.011997,0.001783,55503.012114,55503.012177,55503.013961
R638:55503.032936,0.032588,55503.033079,55503.033161,55503.065750
R639:55503.102585,0.044239,55503.102763,55503.102938,55503.147179
R640:55503.185975,0.028523,55503.186158,55503.186274,55503.214799
R641:55503.206846,0.042563,55503.207057,55503.214848,55503.257412
R642:55503.232142,0.031573,55503.232329,55503.257495,55503.289069
R643:55503.237912,0.100077,55503.257597,55503.289207,55503.389285
R644:55503.310620,0.213244,55503.310786,55503.389336,55503.602580
R645:55503.337309,0.010842,55503.351464,55503.602659,55503.613529
R646:55503.356242,0.005330,55503.356358,55503.613577,55503.618908
R647:55503.365487,0.003118,55503.365562,55503.618926,55503.622045
R648:55503.424305,0.007674,55503.424423,55503.622056,55503.629731
R649:55503.430246,0.228016,55503.465453,55503.629755,55503.857772
R650:55503.528037,0.073293,55503.528134,55503.857839,55503.931134
R651:55503.547958,0.041535,55503.548145,55503.931248,55503.972784
R652:55503.558512,0.026513,55503.558651,55503.972822,55503.999365
R653:55503.666214,0.029740,55503.666409,55503.999396,55504.029137
R654:55503.727331,0.018734,55503.727485,55504.029194,55504.047929
R655:55503.874957,0.008572,55503.875033,55504.047979,55504.056552
R656:55503.877517,0.021506,55503.877742,55504.056608,55504.078115
R657:55503.969374,0.087901,55503.969575,55504.078202,55504.166104
R658:55504.056965,0.025038,55504.056993,55504.166159,55504.191207
R659:55504.170601,0.007855,55504.170769,55504.191292,55504.199147
R660:55504.249394,0.139814,55504.249606,55504.249678,55504.389492
R661:55504.281453,0.035425,55504.290327,55504.389525,55504.424950
R662:55504.309324,0.129726,55504.309590,55504.424981,55504.554708
R663:55504.312254,0.006543,55504.312443,55504.554770,55504.561314
R664:55504.368367,0.020560,55504.368584,55504.561358,55504.581919
R665:55504.373176,0.019585,55504.373311,55504.581969,55504.601555
R666:55504.381277,0.014831,55504.381509,55504.601613,55504.616445
R667:55504.388935,0.118783,55504.389409,55504.616495,55504.735279
R668:55504.535254,0.033436,55504.535409,55504.735343,55504.768780
R669:55504.608988,0.040895,55504.609102,55504.768841,55504.809738
R670:55504.638443,0.024788,55504.638587,55504.809769,55504.834557
R671:55504.745940,0.039633,55504.746052,55504.834609,55504.874260
R672:55504.830070,0.029609,55504.830122,55504.874323,55504.903932
R673:55504.920110,0.040845,55504.920261,55504.920323,55504.961177
R674:55504.951579,0.003492,55504.961341,55504.961356,55504.964849
R675:55505.074247,0.012467,55505.074448,55505.074460,55505.086928
R676:55505.155534,0.002244,55505.155715,55505.155990,55505.158234
R677:55505.156079,0.002381,55505.158356,55505.158463,55505.160845
R678:55505.243017,0.017575,55505.243173,55505.243252,55505.260828
R679:55505.475192,0.001876,55505.475431,55505.475443,55505.477320
R680:55505.487844,0.016521,55505.487966,55505.488153,55505.504675
R681:55505.554895,0.067314,55505.555110,55505.555215,55505.622530
R682:55505.584872,0.014335,55505.595312,55505.622592,55505.636927
R683:55505.636425,0.011551,55505.636694,55505.636955,55505.648522
R684:55505.705999,0.000111,55505.706186,55505.706199,55505.706310
R685:55505.795344,0.038505,55505.795516,55505.795548,55505.834053
R686:55505.892035,0.032805,55505.892225,55505.892536,55505.925342
R687:55505.925435,0.007167,55505.925462,55505.925554,55505.932723
R688:55505.931445,0.030751,55505.932938,55505.932983,55505.963735
R689:55506.106919,0.073225,55506.107093,55506.107201,55506.180458
R690:55506.185514,0.025152,55506.185759,55506.185801,55506.210955
R691:55506.235565,0.038098,55506.235764,55506.235854,55506.273953
R692:55506.539397,0.063253,55506.539571,55506.539667,55506.602921
R693:55506.578082,0.026248,55506.580189,55506.602980,55506.629245
R694:55506.635975,0.069104,55506.636081,55506.636120,55506.705225
R695:55506.637107,0.052160,55506.677519,55506.705311,55506.757492
R696:55506.676489,0.082033,55506.677523,55506.757564,55506.839598
R697:55506.678598,0.042010,55506.678652,55506.839682,55506.881693
R698:55506.711393,0.001745,55506.711446,55506.881715,55506.883461
R699:55506.715338,0.078586,55506.752439,55506.883483,55506.962136
R700:55506.814778,0.038781,55506.814858,55506.962212,55507.000994
R701:55506.817394,0.028072,55506.839798,55507.001044,55507.029117
R702:55506.844154,0.026699,55506.881250,55507.029188,55507.055888
R703:55506.845657,0.148511,55506.881257,55507.055949,55507.204461
R704:55506.900941,0.014712,55506.900999,55507.204511,55507.219235
R705:55507.038686,0.025535,55507.038739,55507.219293,55507.244829
R706:55507.123094,0.061378,55507.123232,55507.244877,55507.306299
R707:55507.193346,0.004684,55507.193414,55507.306392,55507.311083
R708:55507.373947,0.035969,55507.374116,55507.374166,55507.410187
R709:55507.410964,0.028895,55507.411155,55507.411231,55507.440127
R710:55507.457038,0.143307,55507.457241,55507.457264,55507.600571
R711:55507.477593,0.017280,55507.498391,55507.600631,55507.617912
R712:55507.483702,0.032129,55507.498407,55507.618004,55507.650134
R713:55507.576000,0.081646,55507.576139,55507.650255,55507.731902
R714:55507.707525,0.050427,55507.707694,55507.731962,55507.782389
R715:55507.755045,0.039360,55507.755307,55507.782450,55507.821811
R716:55507.815831,0.130383,55507.815920,55507.821849,55507.952248
R717:55507.828792,0.010879,55507.828898,55507.952307,55507.963195
R718:55508.073521,0.038573,55508.073722,55508.073835,55508.112408
R719:55508.101365,0.011984,55508.101560,55508.112437,55508.124422
R720:55508.111945,0.098938,55508.111998,55508.124519,55508.223458
R721:55508.216954,0.029241,55508.217098,55508.223510,55508.252752
R722:55508.280433,0.039507,55508.280623,55508.280656,55508.320164
R723:55508.336663,0.252011,55508.336967,55508.337121,55508.589139
R724:55508.387529,0.001526,55508.387623,55508.589249,55508.590776
R725:55508.391744,0.019360,55508.391837,55508.590793,55508.610207
R726:55508.429753,0.036599,55508.429906,55508.610266,55508.646866
R727:55508.671106,0.064074,55508.671298,55508.671420,55508.735495
R728:55508.734581,0.032108,55508.734673,55508.735536,55508.767645
R729:55509.066620,0.034806,55509.066770,55509.066804,55509.101610
R730:55509.116697,0.006618,55509.116849,55509.116874,55509.123492
R731:55509.124532,0.016698,55509.124680,55509.124872,55509.141571
R732:55509.127791,0.001054,55509.141740,55509.141917,55509.142989
R733:55509.131268,0.024739,55509.141893,55509.143024,55509.167763
R734:55509.174855,0.048869,55509.175035,55509.175103,55509.223973
R735:55509.229543,0.021623,55509.229702,55509.229811,55509.251453
R736:55509.291312,0.012196,55509.291455,55509.291696,55509.303927
R737:55509.335745,0.002787,55509.335906,55509.336119,55509.338907
R738:55509.441275,0.019733,55509.441726,55509.441842,55509.461576
R739:55509.537378,0.086254,55509.537558,55509.537677,55509.623932
R740:55509.540789,0.032715,55509.578254,55509.623994,55509.656710
R741:55509.570204,0.019972,55509.578260,55509.656767,55509.676741
R742:55509.580540,0.070559,55509.580784,55509.676801,55509.747361
R743:55510.059587,0.243663,55510.059815,55510.060111,55510.303774
R744:55510.063346,0.043221,55510.063447,55510.303838,55510.347129
R745:55510.080969,0.020705,55510.081176,55510.347367,55510.368074
R746:55510.126669,0.038848,55510.126870,55510.368157,55510.407006
R747:55510.207704,0.069905,55510.207897,55510.407868,55510.477774
R748:55510.272906,0.005404,55510.273020,55510.477823,55510.483228
R749:55510.327945,0.006368,55510.328004,55510.483253,55510.489622
R750:55510.338372,0.068646,55510.347416,55510.489627,55510.558274
R751:55510.424783,0.011888,55510.424983,55510.558334,55510.570285
R752:55510.467366,0.015364,55510.467462,55510.570405,55510.585770
R753:55510.687439,0.064690,55510.687496,55510.687513,55510.752204
R754:55510.708297,0.018812,55510.728367,55510.752255,55510.771068
R755:55510.767923,0.146696,55510.768119,55510.771103,55510.917799
R756:55510.820972,0.058640,55510.821132,55510.917856,55510.976497
R757:55510.926374,0.078751,55510.926445,55510.976556,55511.055323
R758:55510.948036,0.019860,55510.948171,55511.055378,55511.075240
R759:55510.987621,0.056448,55510.987800,55511.075272,55511.131720
R760:55511.090406,0.016368,55511.090562,55511.131769,55511.148139
R761:55511.248552,0.046975,55511.248695,55511.248793,55511.295769
R762:55511.249731,0.050901,55511.289324,55511.295807,55511.346709
R763:55511.363890,0.023937,55511.364022,55511.364111,55511.388049
R764:55511.394128,0.035194,55511.394265,55511.394276,55511.429471
R765:55511.484421,0.031487,55511.484562,55511.484662,55511.516150
R766:55511.530831,0.176496,55511.531027,55511.531039,55511.707536
R767:55511.550337,0.012108,55511.571443,55511.707594,55511.719702
R768:55511.626140,0.144746,55511.626916,55511.719732,55511.864494
R769:55511.644296,0.087405,55511.644925,55511.864547,55511.951953
R770:55511.832921,0.033515,55511.833135,55511.952053,55511.985569
R771:55511.852965,0.002671,55511.853173,55511.985631,55511.988303
R772:55511.951888,0.002503,55511.952073,55511.988320,55511.990823
R773:55511.965220,0.049121,55511.965363,55511.990828,55512.039950
R774:55512.089638,0.049760,55512.089818,55512.089987,55512.139749
R775:55512.121319,0.016644,55512.130286,55512.139794,55512.156438
R776:55512.145374,0.019131,55512.145478,55512.156499,55512.175631
R777:55512.305674,0.065264,55512.305849,55512.306044,55512.371309
R778:55512.454434,0.014680,55512.454692,55512.454921,55512.469602
R779:55512.663746,0.059824,55512.663879,55512.663953,55512.723777
R780:55512.671590,0.046998,55512.704434,55512.723829,55512.770828
R781:55512.766734,0.000591,55512.766917,55512.770869,55512.771473
R782:55512.778932,0.092861,55512.779050,55512.779091,55512.871953
R783:55512.836888,0.084449,55512.837042,55512.872011,55512.956461
R784:55512.854297,0.009175,55512.854358,55512.956516,55512.965692
R785:55512.958046,0.002399,55512.958245,55512.965759,55512.968191
R786:55513.026576,0.026713,55513.026823,55513.026900,55513.053614
R787:55513.097932,0.090106,55513.098102,55513.098231,55513.188337
R788:55513.104969,0.143998,55513.138420,55513.188361,55513.332360
R789:55513.146450,0.091427,55513.146626,55513.332419,55513.423847
R790:55513.187743,0.071958,55513.187907,55513.423907,55513.495891
R791:55513.244786,0.033057,55513.245020,55513.495976,55513.529035
R792:55513.253659,0.000746,55513.285212,55513.529096,55513.529842
R793:55513.259363,0.001906,55513.285216,55513.529865,55513.531772
R794:55513.275417,0.019429,55513.285231,55513.531790,55513.551342
R795:55513.296394,0.001472,55513.296599,55513.551451,55513.552923
R796:55513.385184,0.115211,55513.385378,55513.552977,55513.668189
R797:55513.563916,0.035809,55513.564053,55513.668275,55513.704106
R798:55513.566928,0.015569,55513.604504,55513.704275,55513.719845
R799:55513.657859,0.038033,55513.658078,55513.719885,55513.757920
R800:55513.684425,0.171895,55513.684599,55513.757962,55513.929858
R801:55513.722655,0.004788,55513.722771,55513.929922,55513.934820
R802:55513.780564,0.056715,55513.780737,55513.934849,55513.991565
R803:55513.812788,0.093050,55513.821330,55513.991597,55514.084648
R804:55513.986827,0.024470,55513.986980,55514.084702,55514.109173
R805:55514.051867,0.010934,55514.052052,55514.109225,55514.120160
R806:55514.128828,0.082078,55514.128881,55514.128950,55514.211029
R807:55514.139807,0.013112,55514.169535,55514.211087,55514.224208
R808:55514.215908,0.111660,55514.216089,55514.224267,55514.335928
R809:55514.330877,0.004736,55514.331061,55514.336580,55514.341316
R810:55514.351855,0.000162,55514.352000,55514.352019,55514.352211
R811:55514.368116,0.007899,55514.368326,55514.368374,55514.376274
R812:55514.376708,0.008726,55514.376732,55514.376950,55514.385676
R813:55514.532605,0.052128,55514.532821,55514.532909,55514.585085
R814:55514.604209,0.207392,55514.604374,55514.604394,55514.811787
R815:55514.641628,0.099359,55514.641813,55514.811846,55514.911206
R816:55514.655170,0.071271,55514.655246,55514.911258,55514.982530
R817:55514.857855,0.020311,55514.857978,55514.982625,55515.002936
R818:55515.063591,0.106262,55515.063785,55515.063824,55515.170087
R819:55515.102308,0.003102,55515.102493,55515.170242,55515.173345
R820:55515.115497,0.099078,55515.115623,55515.173391,55515.272470
R821:55515.136380,0.027020,55515.136493,55515.272513,55515.299534
R822:55515.156263,0.138036,55515.156447,55515.299623,55515.437659
R823:55515.230020,0.033628,55515.230194,55515.437713,55515.471348
R824:55515.299767,0.123996,55515.299798,55515.471384,55515.595381
R825:55515.417837,0.002269,55515.418309,55515.595439,55515.597709
R826:55515.475886,0.060089,55515.476070,55515.597753,55515.657843
R827:55515.643995,0.086545,55515.644094,55515.657896,55515.744442
R828:55515.658204,0.094201,55515.658302,55515.744493,55515.838695
R829:55515.789174,0.016926,55515.789306,55515.838780,55515.855707
R830:55515.831726,0.052551,55515.831855,55515.855762,55515.908329
R831:55515.950867,0.076692,55515.951013,55515.951098,55516.027791
R832:55515.961851,0.005509,55515.991376,55516.027852,55516.033363
R833:55515.997101,0.094178,55515.997164,55516.033438,55516.127617
R834:55516.005603,0.017580,55516.005653,55516.127675,55516.145256
R835:55516.285372,0.014553,55516.285534,55516.285580,55516.300134
R836:55516.444670,0.008998,55516.444854,55516.444883,55516.453951
R837:55516.456287,0.087739,55516.456314,55516.456440,55516.544180
R838:55516.530439,0.019150,55516.530529,55516.544235,55516.563396
R839:55516.537722,0.133693,55516.537806,55516.563431,55516.697125
R840:55516.563290,0.113466,55516.563343,55516.697182,55516.810649
R841:55516.581329,0.008357,55516.581381,55516.810702,55516.819089
R842:55516.828391,0.009069,55516.828718,55516.828833,55516.837903
R843:55516.889073,0.030389,55516.889467,55516.889478,55516.919868
R844:55517.140410,0.029631,55517.140557,55517.140592,55517.170238
R845:55517.141474,0.093582,55517.170443,55517.170693,55517.264284
R846:55517.232017,0.111616,55517.232485,55517.264400,55517.376017
R847:55517.239019,0.035419,55517.239291,55517.376068,55517.411488
R848:55517.305574,0.069026,55517.306134,55517.411618,55517.480644
R849:55517.694190,0.200813,55517.694531,55517.694630,55517.895444
R850:55517.723720,0.015300,55517.724169,55517.895569,55517.910870
R851:55517.726957,0.011381,55517.727430,55517.910957,55517.922339
R852:55517.744893,0.117452,55517.745332,55517.922428,55518.039881
R853:55517.782422,0.037725,55517.783361,55518.039938,55518.077663
R854:55517.784701,0.021331,55517.785267,55518.077724,55518.099055
R855:55517.801743,0.030548,55517.802221,55518.099089,55518.129680
R856:55517.843138,0.028648,55517.843221,55518.129753,55518.158402
R857:55517.861909,0.091588,55517.862500,55518.158453,55518.250042
R858:55517.925058,0.044323,55517.925440,55518.250104,55518.294429
R859:55517.986635,0.047847,55517.987073,55518.294522,55518.342396
R860:55518.010179,0.001934,55518.010699,55518.342435,55518.344370
R861:55518.012707,0.007110,55518.013219,55518.344392,55518.351503
R862:55518.054187,0.004852,55518.054333,55518.351526,55518.356379
R863:55518.232278,0.131351,55518.232525,55518.356400,55518.487781
R864:55518.300563,0.271541,55518.300613,55518.487834,55518.759376
R865:55518.423368,0.108591,55518.423505,55518.759497,55518.868180
R866:55518.583853,0.007786,55518.583979,55518.868304,55518.876168
R867:55518.604098,0.058165,55518.604209,55518.876198,55518.934364
R868:55518.610522,0.006405,55518.610562,55518.934429,55518.940835
R869:55518.614016,0.015836,55518.614170,55518.940890,55518.956727
R870:55518.630598,0.056671,55518.630844,55518.956780,55519.013452
R871:55518.672798,0.062142,55518.673065,55519.014049,55519.076191
R872:55518.759952,0.020755,55518.759987,55519.076247,55519.097005
R873:55518.768141,0.062983,55518.768221,55519.097035,55519.160018
R874:55518.821714,0.093739,55518.821888,55519.160079,55519.253819
R875:55518.996924,0.164354,55518.997082,55519.253872,55519.418260
R876:55519.023991,0.079054,55519.024091,55519.418315,55519.497392
R877:55519.168161,0.084423,55519.168282,55519.497477,55519.581901
R878:55519.174977,0.066459,55519.175120,55519.581982,55519.648442
R879:55519.320371,0.065057,55519.320533,55519.648524,55519.713581
R880:55519.411096,0.052862,55519.411983,55519.713637,55519.766500
R881:55519.498725,0.231088,55519.498869,55519.766560,55519.997649
R882:55519.562365,0.060771,55519.562510,55519.997709,55520.058481
R883:55519.668723,0.093387,55519.669574,55520.058526,55520.151914
R884:55519.744413,0.112694,55519.744596,55520.151976,55520.264672
R885:55519.860267,0.017208,55519.860442,55520.264741,55520.281950
R886:55519.868735,0.093421,55519.901571,55520.282471,55520.375894
R887:55519.925540,0.058125,55519.925689,55520.375991,55520.434193
R888:55519.925783,0.040363,55519.925801,55520.434319,55520.474710
R889:55519.939529,0.005995,55519.939656,55520.474859,55520.480912
R890:55519.974143,0.066538,55519.974319,55520.480991,55520.547530
R891:55520.008497,0.016779,55520.008669,55520.547592,55520.564372
R892:55520.013911,0.009366,55520.049528,55520.564403,55520.573769
R893:55520.064346,0.026953,55520.064479,55520.573786,55520.600777
R894:55520.071549,0.092633,55520.105531,55520.600848,55520.693482
R895:55520.229335,0.050675,55520.229460,55520.693580,55520.744264
R896:55520.239856,0.071001,55520.240057,55520.744414,55520.815415
R897:55520.287988,0.017305,55520.288074,55520.815498,55520.832803
R898:55520.353939,0.018187,55520.354125,55520.832864,55520.851052
R899:55520.395517,0.016799,55520.395708,55520.851077,55520.867877
R900:55520.405588,0.014724,55520.434370,55520.867900,55520.882624
R901:55520.420531,0.074144,55520.434374,55520.882650,55520.956794
R902:55520.477872,0.043277,55520.478048,55520.956848,55521.000166
R903:55520.488279,0.016849,55520.488345,55521.000325,55521.017174
R904:55520.529638,0.099700,55520.529819,55521.017301,55521.117002
R905:55520.539358,0.038139,55520.539500,55521.117085,55521.155251
R906:55520.573448,0.032188,55520.573581,55521.155277,55521.187466
R907:55520.634644,0.006937,55520.634807,55521.187516,55521.194453
R908:55520.748685,0.125661,55520.748855,55521.194525,55521.320187
R909:55520.818300,0.040107,55520.818372,55521.320326,55521.360434
R910:55520.871208,0.058677,55520.871369,55521.360528,55521.419213
R911:55520.967210,0.014916,55520.967397,55521.419395,55521.434322
R912:55520.981402,0.084615,55521.000342,55521.434391,55521.519007
R913:55521.021283,0.120802,55521.021422,55521.519071,55521.639874
R914:55521.074735,0.058330,55521.074937,55521.639927,55521.698258
R915:55521.083471,0.019340,55521.084229,55521.698312,55521.717653
R916:55521.099481,0.074062,55521.099712,55521.717708,55521.791771
R917:55521.291507,0.002269,55521.291656,55521.791824,55521.794109
R918:55521.298268,0.040383,55521.320428,55521.794146,55521.834530
R919:55521.327307,0.033172,55521.360642,55521.834583,55521.867768
R920:55521.354180,0.065374,55521.360646,55521.867801,55521.933176
R921:55521.390401,0.000884,55521.401202,55521.933238,55521.934122
R922:55521.391682,0.090784,55521.401222,55521.934198,55522.024983
R923:55521.407006,0.094753,55521.407216,55522.025041,55522.119795
R924:55521.417826,0.059096,55521.417960,55522.119855,55522.178952
R925:55521.529566,0.036536,55521.531321,55522.179011,55522.215548
R926:55521.563866,0.044581,55521.570170,55522.215579,55522.260161
R927:55521.596300,0.089507,55521.596473,55522.260221,55522.349728
R928:55521.696351,0.019791,55521.696523,55522.349881,55522.369703
R929:55521.731311,0.037407,55521.731438,55522.370170,55522.407578
R930:55521.822281,0.140569,55521.822393,55522.407637,55522.548245
R931:55521.823527,0.159827,55521.823665,55522.548351,55522.708178
R932:55521.949068,0.141775,55521.949268,55522.708272,55522.850082
R933:55522.032587,0.003325,55522.032761,55522.850617,55522.853943
R934:55522.032985,0.020315,55522.033017,55522.854012,55522.874328
R935:55522.078709,0.122297,55522.078915,55522.874378,55522.997346
R936:55522.132046,0.041945,55522.132252,55522.997446,55523.039392
R937:55522.136701,0.015570,55522.136833,55523.039444,55523.055015
R938:55522.314973,0.004057,55522.315480,55523.055040,55523.059097
R939:55522.349751,0.008798,55522.350321,55523.059123,55523.067922
R940:55522.368394,0.036552,55522.370206,55523.067952,55523.104505
R941:55522.466808,0.008438,55522.466941,55523.104557,55523.113021
R942:55522.542962,0.030455,55522.543105,55523.114434,55523.144891
R943:55522.550814,0.036131,55522.550856,55523.144951,55523.181084
R944:55522.847831,0.065864,55522.848142,55523.181113,55523.246978
R945:55522.949973,0.080092,55522.950135,55523.247092,55523.327185
R946:55522.952962,0.109821,55522.990358,55523.327310,55523.437132
R947:55523.027351,0.024269,55523.027552,55523.437229,55523.461500
R948:55523.122057,0.071571,55523.122327,55523.461560,55523.533149
R949:55523.240441,0.019691,55523.240613,55523.533208,55523.552899
R950:55523.280321,0.314409,55523.280501,55523.552980,55523.867390
R951:55523.287236,0.008618,55523.321383,55523.867444,55523.876062
R952:55523.305529,0.009301,55523.321388,55523.876176,55523.885480
R953:55523.361233,0.177105,55523.361410,55523.885563,55524.062669
R954:55523.398418,0.039172,55523.402420,55524.062730,55524.101906
R955:55523.417490,0.000956,55523.417644,55524.101999,55524.103137
R956:55523.427112,0.083616,55523.427170,55524.103166,55524.186783
R957:55523.431569,0.009339,55523.431840,55524.186878,55524.196218
R958:55523.444481,0.008871,55523.444625,55524.196277,55524.205149
R959:55523.465466,0.002637,55523.465678,55524.205204,55524.207842
R960:55523.542619,0.064762,55523.542824,55524.207864,55524.272627
R961:55523.692845,0.041819,55523.693321,55524.272744,55524.314564
R962:55523.819641,0.046752,55523.819700,55524.314636,55524.361388
R963:55523.883634,0.029446,55523.883775,55524.361477,55524.390925
R964:55524.085234,0.025554,55524.085380,55524.390954,55524.416508
R965:55524.116107,0.031123,55524.116158,55524.416561,55524.447685
R966:55524.214379,0.000476,55524.214497,55524.447734,55524.448210
R967:55524.248366,0.166558,55524.255389,55524.448228,55524.614786
R968:55524.313278,0.002438,55524.313338,55524.614835,55524.617274
R969:55524.326574,0.027835,55524.326713,55524.617313,55524.645176
R970:55524.509242,0.003505,55524.509446,55524.645285,55524.648790
R971:55524.568965,0.052851,55524.569185,55524.648836,55524.701689
R972:55524.608477,0.048387,55524.608665,55524.701772,55524.750159
R973:55524.749931,0.008022,55524.750103,55524.750191,55524.758213
R974:55524.865485,0.035441,55524.865672,55524.865761,55524.901203
R975:55524.967398,0.056558,55524.967597,55524.967709,55525.024268
R976:55524.982374,0.002537,55525.008426,55525.024323,55525.026861
R977:55525.000297,0.094495,55525.008447,55525.026954,55525.121450
R978:55525.019020,0.010867,55525.019186,55525.121564,55525.132432
R979:55525.090462,0.001284,55525.090621,55525.132486,55525.133771
R980:55525.114274,0.003338,55525.121598,55525.133793,55525.137132
R981:55525.174683,0.253950,55525.174832,55525.174956,55525.428907
R982:55525.219533,0.005851,55525.219683,55525.428972,55525.434823
R983:55525.224758,0.014603,55525.224950,55525.434838,55525.449447
R984:55525.436334,0.111895,55525.436434,55525.449495,55525.561391
R985:55525.447969,0.069069,55525.448132,55525.561453,55525.630523
R986:55525.524250,0.006735,55525.524458,55525.630584,55525.637319
R987:55525.740758,0.091911,55525.740900,55525.740918,55525.832829
R988:55525.775086,0.012691,55525.781375,55525.832882,55525.845581
R989:55525.866588,0.037614,55525.866735,55525.866848,55525.904463
R990:55526.168217,0.010459,55526.168388,55526.168505,55526.178984
R991:55526.256111,0.168897,55526.256275,55526.256366,55526.425263
R992:55526.271653,0.029902,55526.297269,55526.425328,55526.455248
R993:55526.289861,0.112749,55526.297274,55526.455374,55526.568124
R994:55526.402346,0.005758,55526.402498,55526.568270,55526.574030
R995:55526.471667,0.013784,55526.471866,55526.574593,55526.588377
R996:55526.640650,0.026315,55526.640797,55526.641033,55526.667370
R997:55526.653508,0.014213,55526.653618,55526.667463,55526.681677
R998:55526.671479,0.010705,55526.671598,55526.681727,55526.692433
R999:55526.720517,0.056607,55526.720662,55526.720754,55526.777361
R1000:55526.766980,0.009977,55526.767057,55526.777444,55526.787444
R1001:55526.773123,0.002410,55526.777497,55526.787478,55526.789889
R1002:55526.810366,0.087927,55526.810583,55526.810692,55526.898621
R1003:55526.835003,0.002722,55526.835187,55526.898680,55526.901402
R1004:55526.981101,0.104819,55526.981264,55526.981297,55527.086117
R1005:55526.984836,0.076579,55526.984957,55527.086178,55527.162759
R1006:55527.043069,0.077495,55527.043218,55527.162834,55527.240330
R1007:55527.047750,0.018126,55527.047863,55527.240402,55527.258529
R1008:55527.140199,0.041561,55527.140378,55527.258616,55527.300179
R1009:55527.158571,0.107407,55527.162967,55527.300351,55527.407759
R1010:55527.173449,0.006373,55527.204384,55527.407816,55527.414205
R1011:55527.248128,0.093749,55527.248321,55527.414219,55527.507969
R1012:55527.257144,0.022232,55527.258755,55527.508025,55527.530258
R1013:55527.307393,0.002487,55527.307546,55527.530275,55527.532763
R1014:55527.314146,0.045166,55527.348396,55527.532771,55527.577938
R1015:55527.367699,0.050769,55527.367864,55527.577997,55527.628785
R1016:55527.454226,0.008280,55527.454461,55527.628834,55527.637114
R1017:55527.553984,0.004309,55527.554101,55527.637170,55527.641480
R1018:55527.631132,0.042521,55527.631272,55527.641506,55527.684028
R1019:55527.893216,0.001636,55527.893335,55527.893399,55527.895035
R1020:55527.903060,0.063155,55527.903249,55527.903267,55527.966424
R1021:55527.943182,0.036254,55527.945882,55527.966472,55528.002732
R1022:55528.056123,0.041699,55528.056290,55528.056406,55528.098106
R1023:55528.103153,0.067895,55528.103254,55528.103271,55528.171213
R1024:55528.217523,0.000959,55528.217708,55528.217803,55528.218762
R1025:55528.226916,0.081338,55528.227010,55528.227055,55528.308394
R1026:55528.292607,0.069382,55528.292776,55528.308450,55528.377833
R1027:55528.302694,0.055065,55528.302760,55528.377890,55528.432955
R1028:55528.372828,0.068158,55528.372915,55528.433021,55528.501189
R1029:55528.380680,0.054083,55528.380737,55528.501286,55528.555375
R1030:55528.464766,0.029195,55528.464860,55528.555482,55528.584678
R1031:55528.492549,0.006085,55528.492630,55528.584729,55528.590815
R1032:55528.516441,0.205211,55528.516573,55528.590838,55528.796049
R1033:55528.576981,0.042807,55528.577080,55528.796107,55528.838915
R1034:55528.591823,0.020226,55528.591916,55528.838960,55528.859187
R1035:55528.646240,0.000307,55528.646374,55528.859328,55528.859636
R1036:55528.708696,0.027528,55528.708899,55528.859663,55528.887232
R1037:55528.712265,0.040472,55528.712327,55528.887293,55528.927766
R1038:55528.761594,0.020899,55528.761686,55528.927816,55528.948716
R1039:55529.062771,0.006348,55529.062977,55529.063082,55529.069431
R1040:55529.086469,0.128714,55529.086618,55529.086634,55529.215349
R1041:55529.116438,0.034585,55529.127350,55529.215433,55529.250019
R1042:55529.287147,0.042518,55529.287395,55529.287415,55529.329933
R1043:55529.362223,0.076488,55529.362431,55529.362546,55529.439035
R1044:55529.374546,0.107248,55529.375080,55529.439149,55529.546398
R1045:55529.400081,0.053328,55529.400394,55529.546459,55529.599788
R1046:55529.439486,0.067949,55529.439529,55529.599849,55529.667799
R1047:55529.465858,0.126345,55529.480415,55529.667844,55529.794205
R1048:55529.564025,0.171431,55529.564549,55529.794243,55529.965675
R1049:55529.650681,0.016622,55529.651295,55529.965756,55529.982379
R1050:55529.696407,0.005417,55529.696872,55529.982436,55529.987854
R1051:55529.720379,0.021555,55529.737416,55529.987882,55530.009438
R1052:55529.743210,0.083245,55529.743816,55530.009466,55530.092712
R1053:55529.793243,0.036193,55529.793318,55530.092775,55530.128969
R1054:55529.950373,0.011332,55529.950826,55530.129054,55530.140387
R1055:55529.961583,0.035977,55529.965813,55530.140442,55530.176420
R1056:55530.028713,0.040710,55530.028758,55530.177299,55530.218009
R1057:55530.037884,0.080649,55530.069303,55530.218055,55530.298705
R1058:55530.038729,0.009870,55530.069308,55530.298746,55530.308617
R1059:55530.048040,0.029586,55530.069325,55530.308658,55530.338245
R1060:55530.106627,0.001446,55530.106727,55530.338271,55530.339718
R1061:55530.111088,0.024492,55530.129151,55530.339761,55530.364253
R1062:55530.118408,0.103116,55530.129155,55530.364283,55530.467400
R1063:55530.216907,0.034473,55530.217084,55530.467439,55530.501912
R1064:55530.241529,0.081142,55530.241720,55530.501971,55530.583137
R1065:55530.364030,0.007581,55530.364193,55530.583280,55530.590862
R1066:55530.465402,0.003626,55530.465591,55530.590926,55530.594552
R1067:55530.622761,0.028230,55530.622897,55530.622982,55530.651230
R1068:55530.667896,0.025208,55530.668053,55530.668164,55530.693374
R1069:55530.809818,0.001686,55530.809980,55530.810054,55530.811740
R1070:55531.005325,0.043479,55531.005485,55531.005625,55531.049105
R1071:55531.066338,0.064614,55531.066519,55531.066592,55531.131207
R1072:55531.119249,0.040876,55531.119425,55531.131251,55531.172128
R1073:55531.129356,0.015572,55531.130147,55531.172207,55531.187780
R1074:55531.179414,0.005837,55531.179527,55531.187834,55531.193671
R1075:55531.268730,0.080391,55531.268843,55531.268961,55531.349354
R1076:55531.352433,0.084823,55531.352635,55531.352701,55531.437550
R1077:55531.362624,0.120543,55531.362782,55531.437635,55531.558199
R1078:55531.376550,0.034092,55531.376751,55531.558258,55531.592351
R1079:55531.454707,0.037742,55531.454800,55531.592403,55531.630146
R1080:55531.489876,0.010499,55531.490007,55531.630260,55531.640814
R1081:55531.513498,0.011303,55531.513649,55531.640866,55531.652170
R1082:55531.587659,0.008807,55531.587841,55531.652202,55531.661010
R1083:55531.607831,0.007546,55531.607915,55531.661034,55531.668581
R1084:55531.675017,0.043406,55531.675158,55531.675175,55531.718582
R1085:55531.729572,0.008495,55531.729783,55531.729795,55531.738300
R1086:55531.742436,0.063541,55531.742490,55531.742553,55531.806100
R1087:55531.754314,0.017763,55531.783371,55531.806191,55531.823955
R1088:55531.896637,0.026185,55531.896837,55531.896856,55531.923086
R1089:55531.918462,0.000780,55531.923253,55531.923397,55531.924178
R1090:55531.974272,0.016484,55531.974395,55531.974426,55531.990911
R1091:55532.023196,0.053434,55532.023452,55532.023519,55532.076954
R1092:55532.135986,0.000106,55532.136224,55532.136234,55532.136341
R1093:55532.143035,0.077330,55532.143227,55532.143420,55532.220751
R1094:55532.198993,0.184876,55532.199211,55532.220810,55532.407726
R1095:55532.244865,0.078851,55532.245305,55532.407795,55532.486646
R1096:55532.270462,0.219290,55532.285272,55532.486704,55532.705995
R1097:55532.282551,0.027579,55532.285290,55532.706182,55532.733763
R1098:55532.646463,0.049641,55532.646640,55532.733820,55532.783462
R1099:55532.657375,0.061298,55532.657479,55532.783499,55532.844798
R1100:55532.712879,0.066831,55532.713509,55532.844861,55532.911693
R1101:55532.728802,0.023170,55532.728975,55532.911754,55532.934926
R1102:55532.861404,0.068205,55532.861594,55532.934962,55533.003168
R1103:55532.902310,0.066315,55532.902460,55533.003256,55533.069572
R1104:55532.976316,0.013491,55532.976476,55533.069623,55533.083127
R1105:55532.987489,0.055421,55533.003324,55533.083251,55533.138673
R1106:55533.080017,0.041642,55533.080179,55533.138729,55533.180373
R1107:55533.128769,0.047707,55533.128930,55533.180461,55533.228192
R1108:55533.155273,0.111867,55533.155436,55533.228277,55533.340155
R1109:55533.211266,0.003293,55533.211442,55533.340265,55533.343558
R1110:55533.245673,0.063440,55533.245850,55533.343577,55533.407018
R1111:55533.381083,0.001683,55533.381236,55533.407103,55533.408786
R1112:55533.511049,0.095825,55533.511222,55533.511300,55533.607126
R1113:55533.592870,0.096696,55533.593069,55533.607183,55533.703879
R1114:55533.633820,0.001066,55533.633958,55533.703945,55533.705073
R1115:55533.677881,0.058896,55533.678005,55533.705118,55533.764015
R1116:55533.733039,0.027645,55533.733137,55533.764045,55533.791691
R1117:55533.827896,0.012106,55533.828074,55533.828198,55533.840305
R1118:55533.832338,0.065991,55533.840424,55533.840518,55533.906512
R1119:55533.844750,0.019369,55533.882542,55533.906566,55533.925936
R1120:55534.043975,0.060133,55534.044147,55534.044179,55534.104313
R1121:55534.276432,0.033340,55534.276695,55534.276756,55534.310104
R1122:55534.591511,0.019103,55534.591650,55534.591662,55534.610766
R1123:55534.612173,0.089218,55534.612340,55534.612352,55534.701571
R1124:55534.619431,0.034998,55534.653468,55534.701629,55534.736628
R1125:55534.635303,0.004130,55534.653476,55534.736656,55534.740786
R1126:55534.786151,0.069912,55534.786337,55534.786349,55534.856262
R1127:55534.803107,0.131975,55534.803172,55534.856365,55534.988357
R1128:55534.811221,0.042132,55534.811403,55534.988436,55535.030568
R1129:55534.873485,0.004617,55534.873597,55535.030660,55535.035278
R1130:55534.975901,0.021230,55534.976160,55535.035370,55535.056600
R1131:55535.035596,0.021453,55535.035636,55535.056688,55535.078142
R1132:55535.136787,0.092649,55535.136941,55535.137029,55535.229679
R1133:55535.235108,0.140497,55535.235290,55535.235347,55535.375845
R1134:55535.290555,0.036025,55535.290759,55535.375890,55535.411916
R1135:55535.347922,0.039412,55535.348356,55535.412002,55535.451415
R1136:55535.368246,0.014521,55535.368331,55535.451529,55535.466051
R1137:55535.384382,0.032494,55535.385089,55535.466147,55535.498641
R1138:55535.386684,0.007165,55535.412111,55535.498702,55535.505868
R1139:55535.443062,0.075799,55535.451593,55535.505897,55535.581696
R1140:55535.467883,0.011522,55535.468200,55535.581742,55535.593264
R1141:55535.535592,0.097996,55535.535647,55535.593353,55535.691350
R1142:55535.666638,0.178882,55535.667204,55535.691411,55535.870300
R1143:55535.879378,0.041578,55535.879561,55535.879660,55535.921270
R1144:55535.982873,0.042403,55535.983048,55535.983065,55536.025469
R1145:55536.035042,0.007078,55536.035250,55536.035262,55536.042340
R1146:55536.105811,0.028380,55536.106000,55536.106098,55536.134479
R1147:55536.272446,0.058302,55536.272609,55536.272694,55536.330997
R1148:55536.316304,0.002292,55536.316759,55536.331146,55536.333438
R1149:55536.338117,0.095660,55536.338310,55536.338321,55536.433981
R1150:55536.404335,0.109981,55536.404523,55536.434040,55536.544034
R1151:55536.458976,0.073785,55536.459622,55536.544232,55536.618018
R1152:55536.492915,0.028084,55536.499113,55536.618080,55536.646165
R1153:55536.503194,0.062033,55536.503334,55536.646232,55536.708276
R1154:55536.522494,0.040964,55536.522691,55536.708341,55536.749312
R1155:55536.577888,0.011168,55536.578097,55536.749406,55536.760575
R1156:55536.623113,0.021609,55536.624705,55536.760626,55536.782236
R1157:55536.719860,0.064338,55536.720023,55536.782371,55536.846710
R1158:55536.724086,0.093876,55536.749479,55536.846758,55536.940635
R1159:55536.750160,0.099918,55536.760771,55536.940697,55537.040616
R1160:55536.773008,0.141765,55536.782424,55537.040666,55537.182431
R1161:55536.809311,0.020511,55536.823349,55537.182492,55537.203004
R1162:55537.185274,0.032440,55537.185446,55537.203055,55537.235495
R1163:55537.216694,0.052599,55537.216827,55537.235585,55537.288186
R1164:55537.218571,0.052935,55537.235684,55537.288243,55537.341196
R1165:55537.267863,0.004191,55537.277482,55537.341283,55537.345475
R1166:55537.314565,0.115579,55537.314760,55537.345501,55537.461081
R1167:55537.366860,0.057514,55537.367002,55537.461131,55537.518646
R1168:55537.494285,0.005327,55537.494432,55537.518708,55537.524035
R1169:55537.521225,0.112173,55537.521406,55537.524102,55537.636276
R1170:55537.554808,0.108348,55537.555008,55537.636332,55537.744680
R1171:55537.626962,0.027701,55537.627375,55537.744732,55537.772434
R1172:55537.633689,0.008325,55537.633777,55537.772461,55537.780787
R1173:55537.651858,0.040973,55537.652051,55537.780818,55537.821793
R1174:55537.662796,0.028783,55537.692543,55537.821849,55537.850633
R1175:55537.662838,0.027167,55537.692551,55537.850697,55537.877864
R1176:55537.699844,0.027255,55537.700061,55537.877892,55537.905148
R1177:55537.732132,0.069995,55537.732248,55537.905271,55537.975267
R1178:55537.826209,0.075842,55537.826333,55537.975326,55538.051168
R1179:55537.978264,0.027207,55537.983202,55538.054264,55538.081472
R1180:55538.012921,0.118911,55538.019374,55538.081496,55538.200408
R1181:55538.050936,0.186348,55538.051277,55538.200467,55538.387159
R1182:55538.097293,0.021682,55538.097348,55538.387368,55538.409051
R1183:55538.207528,0.007473,55538.207642,55538.409079,55538.416552
R1184:55538.279554,0.002757,55538.279610,55538.416575,55538.419333
R1185:55538.319935,0.006007,55538.320012,55538.419378,55538.425386
R1186:55538.326113,0.006780,55538.326342,55538.425408,55538.432188
R1187:55538.513011,0.009649,55538.513185,55538.513261,55538.522910
R1188:55538.564736,0.058200,55538.564975,55538.565057,55538.623258
R1189:55538.586842,0.016466,55538.605350,55538.623311,55538.639779
R1190:55538.675442,0.008635,55538.675719,55538.675908,55538.684543
R1191:55538.684549,0.035099,55538.684687,55538.684744,55538.719844
R1192:55538.764827,0.030392,55538.765004,55538.765133,55538.795526
R1193:55538.822611,0.032348,55538.822795,55538.822890,55538.855239
R1194:55538.842642,0.054223,55538.855611,55538.855684,55538.909907
R1195:55538.860685,0.055397,55538.897475,55538.909961,55538.965358
R1196:55539.011699,0.025217,55539.011840,55539.011925,55539.037206
R1197:55539.068005,0.023691,55539.068175,55539.068256,55539.091948
R1198:55539.137313,0.018198,55539.137480,55539.137502,55539.155788
R1199:55539.229301,0.011210,55539.229491,55539.229515,55539.240726
R1200:55539.277882,0.039808,55539.278174,55539.278280,55539.318090
R1201:55539.307820,0.017680,55539.318235,55539.318391,55539.336072
R1202:55539.333075,0.095738,55539.336323,55539.336476,55539.432215
R1203:55539.408241,0.156108,55539.408636,55539.432326,55539.588462
R1204:55539.451337,0.011671,55539.451518,55539.588615,55539.600286
R1205:55539.503361,0.054804,55539.503441,55539.600326,55539.655131
R1206:55539.521505,0.137690,55539.521566,55539.655234,55539.792925
R1207:55539.552096,0.145577,55539.552333,55539.792982,55539.938561
R1208:55539.564706,0.027931,55539.564854,55539.938614,55539.966546
R1209:55539.597986,0.049425,55539.598043,55539.966597,55540.016023
R1210:55539.634689,0.019136,55539.634746,55540.016079,55540.035216
R1211:55539.641094,0.053810,55539.655314,55540.035299,55540.089110
R1212:55539.664717,0.143512,55539.696339,55540.089202,55540.232715
R1213:55539.748306,0.030998,55539.748381,55540.232777,55540.263776
R1214:55539.750984,0.040225,55539.751112,55540.263809,55540.304035
R1215:55539.770351,0.046713,55539.770429,55540.304108,55540.350822
R1216:55539.843038,0.188471,55539.843258,55540.350874,55540.539346
R1217:55539.850317,0.075114,55539.884376,55540.539397,55540.614512
R1218:55540.007325,0.023766,55540.007380,55540.614586,55540.638354
R1219:55540.125443,0.023097,55540.125530,55540.638485,55540.661583
R1220:55540.213710,0.175077,55540.213770,55540.661635,55540.836713
R1221:55540.272899,0.153173,55540.273021,55540.836801,55540.989975
R1222:55540.275512,0.011533,55540.275653,55540.990025,55541.001559
R1223:55540.433374,0.017688,55540.433423,55541.001616,55541.019305
R1224:55540.586536,0.019346,55540.586645,55541.019392,55541.038739
R1225:55540.653763,0.064350,55540.653873,55541.038797,55541.103184
R1226:55540.827374,0.012644,55540.827534,55541.103237,55541.115882
R1227:55540.895451,0.021766,55540.895637,55541.115912,55541.137679
R1228:55540.927796,0.027193,55540.936301,55541.137702,55541.164933
R1229:55540.940044,0.026820,55540.940073,55541.165097,55541.191917
R1230:55541.052675,0.032491,55541.052760,55541.191985,55541.224477
R1231:55541.291676,0.003835,55541.291866,55541.291983,55541.295818
R1232:55541.293276,0.131032,55541.293464,55541.295874,55541.426907
R1233:55541.333864,0.016728,55541.334224,55541.426961,55541.443690
R1234:55541.461008,0.043916,55541.461189,55541.461311,55541.505253
R1235:55541.485487,0.111305,55541.485610,55541.505344,55541.616650
R1236:55541.556644,0.058570,55541.557167,55541.616691,55541.675312
R1237:55541.610687,0.030859,55541.610839,55541.675403,55541.706280
R1238:55541.735396,0.068169,55541.735608,55541.735622,55541.803793
R1239:55541.886531,0.037756,55541.886728,55541.886834,55541.924592
R1240:55541.981390,0.057650,55541.981561,55541.981646,55542.039297
R1241:55541.986019,0.060856,55542.022426,55542.039509,55542.100366
R1242:55542.005611,0.050662,55542.022444,55542.100482,55542.151145
R1243:55542.164555,0.003871,55542.164729,55542.164843,55542.168715
R1244:55542.168571,0.102728,55542.168764,55542.168777,55542.271505
R1245:55542.172490,0.001454,55542.210393,55542.271549,55542.273024
R1246:55542.217446,0.035865,55542.217670,55542.273038,55542.308903
R1247:55542.246265,0.081612,55542.246519,55542.308950,55542.390563
R1248:55542.253603,0.153612,55542.253991,55542.390622,55542.544234
R1249:55542.292281,0.068272,55542.292593,55542.544293,55542.612566
R1250:55542.298654,0.067966,55542.299010,55542.612622,55542.680589
R1251:55542.350288,0.004857,55542.350415,55542.680649,55542.685508
R1252:55542.417938,0.032899,55542.418133,55542.685565,55542.718465
R1253:55542.455968,0.019971,55542.459479,55542.718523,55542.738494
R1254:55542.509730,0.018669,55542.510415,55542.738541,55542.757230
R1255:55542.527006,0.017222,55542.527085,55542.757282,55542.774504
R1256:55542.657904,0.006011,55542.657990,55542.774562,55542.780574
R1257:55543.024771,0.116995,55543.024938,55543.024951,55543.141946
R1258:55543.382270,0.002679,55543.382548,55543.382559,55543.385239
R1259:55543.474945,0.082174,55543.475113,55543.475512,55543.557687
R1260:55543.730139,0.031539,55543.730345,55543.730371,55543.761911
R1261:55543.902171,0.015992,55543.902353,55543.902632,55543.918625
R1262:55544.022582,0.138891,55544.022766,55544.022864,55544.161757
R1263:55544.282733,0.027144,55544.282959,55544.283092,55544.310237
R1264:55544.288409,0.009142,55544.288563,55544.310327,55544.319470
R1265:55544.436646,0.028081,55544.436927,55544.436940,55544.465022
R1266:55544.448721,0.080582,55544.465185,55544.465283,55544.545866
R1267:55544.609563,0.021041,55544.609758,55544.609770,55544.630812
R1268:55544.659038,0.003920,55544.659315,55544.659331,55544.663252
R1269:55544.681521,0.035551,55544.681681,55544.681721,55544.717273
R1270:55544.756290,0.037976,55544.756418,55544.756567,55544.794545
R1271:55544.789057,0.024137,55544.794730,55544.794920,55544.819071
R1272:55544.896503,0.079368,55544.896678,55544.896762,55544.976131
R1273:55544.965744,0.025177,55544.966403,55544.976248,55545.001426
R1274:55544.988425,0.015377,55544.988807,55545.001492,55545.016870
R1275:55545.114014,0.073860,55545.114210,55545.114537,55545.188397
R1276:55545.129300,0.001919,55545.155565,55545.188454,55545.190415
R1277:55545.217284,0.062295,55545.217453,55545.217497,55545.279794
R1278:55545.220474,0.006602,55545.258403,55545.279852,55545.286455
R1279:55545.467766,0.100868,55545.467946,55545.468055,55545.568924
R1280:55545.477265,0.017471,55545.508424,55545.568985,55545.586487
R1281:55545.500266,0.011224,55545.508443,55545.586529,55545.597754
R1282:55545.523785,0.085462,55545.523877,55545.597785,55545.683248
R1283:55545.530549,0.023732,55545.530744,55545.683311,55545.707044
R1284:55545.583149,0.012253,55545.583190,55545.707145,55545.719398
R1285:55545.733136,0.016523,55545.733284,55545.733445,55545.749969
R1286:55545.878521,0.058076,55545.878670,55545.878690,55545.936766
R1287:55545.971009,0.025113,55545.971253,55545.971327,55545.996441
R1288:55546.043952,0.150688,55546.044065,55546.044219,55546.194908
R1289:55546.087993,0.020041,55546.088204,55546.194962,55546.215004
R1290:55546.192322,0.246465,55546.192538,55546.215056,55546.461521
R1291:55546.208702,0.148024,55546.208846,55546.461552,55546.609577
R1292:55546.215979,0.007974,55546.216168,55546.609671,55546.617646
R1293:55546.218114,0.000296,55546.256444,55546.617703,55546.618000
R1294:55546.290247,0.078456,55546.290694,55546.618007,55546.696463
R1295:55546.311469,0.041266,55546.311891,55546.696519,55546.737785
R1296:55546.449161,0.009293,55546.449350,55546.737849,55546.747143
R1297:55546.455363,0.010045,55546.455493,55546.747267,55546.757313
R1298:55546.551470,0.018375,55546.551648,55546.757367,55546.775742
R1299:55546.862325,0.107281,55546.863485,55546.863869,55546.978014
R1300:55546.927331,0.029588,55546.928590,55546.978132,55547.008142
R1301:55546.986171,0.016033,55546.986230,55547.010494,55547.026528
R1302:55547.000685,0.088223,55547.000870,55547.026590,55547.114816
R1303:55547.010566,0.047877,55547.010619,55547.114991,55547.162869
R1304:55547.084560,0.030776,55547.084810,55547.162918,55547.193695
R1305:55547.185515,0.267508,55547.185678,55547.193756,55547.461265
R1306:55547.380708,0.002478,55547.380886,55547.461325,55547.463803
R1307:55547.421018,0.032969,55547.421232,55547.463826,55547.496796
R1308:55547.612639,0.046315,55547.612875,55547.612943,55547.659260
R1309:55547.627387,0.031448,55547.627446,55547.659319,55547.690768
R1310:55547.672269,0.022443,55547.672732,55547.690822,55547.713266
R1311:55547.706033,0.032930,55547.706455,55547.713468,55547.746399
R1312:55547.708107,0.078445,55547.713608,55547.746491,55547.824937
R1313:55547.758687,0.036684,55547.759261,55547.824993,55547.861678
R1314:55547.831692,0.012702,55547.831753,55547.861737,55547.874441
R1315:55547.838785,0.048926,55547.839517,55547.874485,55547.923412
R1316:55547.873361,0.041882,55547.873417,55547.923450,55547.965333
R1317:55547.947592,0.081642,55547.947672,55547.965393,55548.047035
R1318:55548.100362,0.041926,55548.100526,55548.100708,55548.142634
R1319:55548.134145,0.009655,55548.141286,55548.142664,55548.152320
R1320:55548.170614,0.022878,55548.170797,55548.170977,55548.193857
R1321:55548.172714,0.032666,55548.194009,55548.194079,55548.226746
R1322:55548.185272,0.006070,55548.194073,55548.226831,55548.232901
R1323:55548.221230,0.047245,55548.226945,55548.232954,55548.280206
R1324:55548.440256,0.030006,55548.440489,55548.440507,55548.470514
R1325:55548.524876,0.006055,55548.525047,55548.525059,55548.531115
R1326:55548.530407,0.005652,55548.531235,55548.531327,55548.536980
R1327:55548.642250,0.021092,55548.642515,55548.642526,55548.663618
R1328:55548.702939,0.015117,55548.703139,55548.703151,55548.718270
R1329:55548.855654,0.307689,55548.855882,55548.855895,55549.163586
R1330:55548.988831,0.015522,55548.988939,55549.163648,55549.179171
R1331:55549.033300,0.008495,55549.033551,55549.179271,55549.187767
R1332:55549.098363,0.036749,55549.098518,55549.187852,55549.224601
R1333:55549.218374,0.013077,55549.218541,55549.224659,55549.237738
R1334:55549.434583,0.024035,55549.434756,55549.434836,55549.458872
R1335:55549.440894,0.006132,55549.459112,55549.459243,55549.465376
R1336:55549.475666,0.042972,55549.475816,55549.475924,55549.518897
R1337:55549.567951,0.008978,55549.568131,55549.568231,55549.577210
R1338:55549.628421,0.040779,55549.628575,55549.628664,55549.669463
R1339:55549.706864,0.026315,55549.707079,55549.707179,55549.733495
R1340:55549.806666,0.096131,55549.806792,55549.806899,55549.903031
R1341:55549.807380,0.086236,55549.847323,55549.903084,55549.989321
R1342:55549.856894,0.006378,55549.857099,55549.989382,55549.995760
R1343:55550.072879,0.098051,55550.073072,55550.073084,55550.171151
R1344:55550.085108,0.001520,55550.085365,55550.171238,55550.172762
R1345:55550.117267,0.100468,55550.117469,55550.172792,55550.273261
R1346:55550.247240,0.032617,55550.247889,55550.273307,55550.305932
R1347:55550.270918,0.007019,55550.271040,55550.306029,55550.313049
R1348:55550.272794,0.203842,55550.272938,55550.313162,55550.517004
R1349:55550.803812,0.004594,55550.804003,55550.804033,55550.808628
R1350:55550.833887,0.072806,55550.834068,55550.834174,55550.906983
R1351:55550.864328,0.006025,55550.874492,55550.907117,55550.913143
R1352:55550.879569,0.080048,55550.879747,55550.913178,55550.993236
R1353:55550.907767,0.001749,55550.907807,55550.993302,55550.995077
R1354:55550.929583,0.002751,55550.929664,55550.995094,55550.997846
R1355:55550.959087,0.022690,55550.970463,55550.997874,55551.020565
R1356:55550.998297,0.170363,55550.998365,55551.020593,55551.190957
R1357:55551.157074,0.101239,55551.157217,55551.191049,55551.292289
R1358:55551.171022,0.021732,55551.191148,55551.292345,55551.314078
R1359:55551.177146,0.031489,55551.191152,55551.314132,55551.345622
R1360:55551.263846,0.043904,55551.263987,55551.345736,55551.389642
R1361:55551.296181,0.056860,55551.296295,55551.389687,55551.446548
R1362:55551.323375,0.021955,55551.323474,55551.447302,55551.469258
R1363:55551.327852,0.003267,55551.345787,55551.469312,55551.472579
R1364:55551.438761,0.009400,55551.438920,55551.472609,55551.482009
R1365:55551.466442,0.060721,55551.466507,55551.482067,55551.542790
R1366:55551.477494,0.021865,55551.477546,55551.542848,55551.564810
R1367:55551.663508,0.016544,55551.663737,55551.663752,55551.680297
R1368:55551.776737,0.004966,55551.777001,55551.777070,55551.782042
R1369:55551.787967,0.035508,55551.788107,55551.788331,55551.823840
R1370:55551.813430,0.071291,55551.823992,55551.824213,55551.895524
R1371:55551.824161,0.002849,55551.864433,55551.895582,55551.898432
R1372:55551.961909,0.003083,55551.962095,55551.962198,55551.965282
R1373:55552.048478,0.083880,55552.048911,55552.048921,55552.132802
R1374:55552.219916,0.052581,55552.220116,55552.220202,55552.272784
R1375:55552.255470,0.079179,55552.255628,55552.272870,55552.352051
R1376:55552.277519,0.047555,55552.277678,55552.352127,55552.399683
R1377:55552.295494,0.017737,55552.318319,55552.399737,55552.417474
R1378:55552.338432,0.016726,55552.338503,55552.417531,55552.434258
R1379:55552.570337,0.018372,55552.570561,55552.570618,55552.588991
R1380:55552.600441,0.035965,55552.600538,55552.600548,55552.636540
R1381:55552.641116,0.025040,55552.641364,55552.641530,55552.666570
R1382:55552.642015,0.087801,55552.666762,55552.666943,55552.754745
R1383:55552.776634,0.000992,55552.776817,55552.776836,55552.777829
R1384:55552.851872,0.239881,55552.852041,55552.852059,55553.091941
R1385:55553.021994,0.003623,55553.022128,55553.091992,55553.095615
R1386:55553.072275,0.025650,55553.072459,55553.095649,55553.121301
R1387:55553.165255,0.032504,55553.165436,55553.165550,55553.198103
R1388:55553.174360,0.002493,55553.198331,55553.198536,55553.201030
R1389:55553.215631,0.103341,55553.215853,55553.215883,55553.319225
R1390:55553.238698,0.042390,55553.256496,55553.319255,55553.361645
R1391:55553.318901,0.136142,55553.319265,55553.361681,55553.497824
R1392:55553.392632,0.007671,55553.392914,55553.497888,55553.505559
R1393:55553.406422,0.008385,55553.433209,55553.505606,55553.513992
R1394:55553.424232,0.045173,55553.433224,55553.514102,55553.559276
R1395:55553.461376,0.106956,55553.461507,55553.559356,55553.666313
R1396:55553.502846,0.031981,55553.503031,55553.666387,55553.698369
R1397:55553.510573,0.184175,55553.511942,55553.698399,55553.882575
R1398:55553.532283,0.151672,55553.532349,55553.882625,55554.034297
R1399:55553.556246,0.012525,55553.559381,55554.034355,55554.046880
R1400:55553.903316,0.036969,55553.903452,55554.046910,55554.084415
R1401:55554.095302,0.059379,55554.095497,55554.095520,55554.154900
R1402:55554.118499,0.026957,55554.118685,55554.154962,55554.181920
R1403:55554.290389,0.024307,55554.290542,55554.290720,55554.315028
R1404:55554.303234,0.031200,55554.315240,55554.315350,55554.346568
R1405:55554.345061,0.008995,55554.346708,55554.346770,55554.355767
R1406:55554.365093,0.130584,55554.365221,55554.365241,55554.495826
R1407:55554.367669,0.012498,55554.406299,55554.495889,55554.508388
R1408:55554.374738,0.020167,55554.406340,55554.508402,55554.528570
R1409:55554.379558,0.034195,55554.406345,55554.528599,55554.562795
R1410:55554.411018,0.090840,55554.411187,55554.562852,55554.653692
R1411:55554.585473,0.001755,55554.585539,55554.653746,55554.655501
R1412:55554.617275,0.053035,55554.617331,55554.655509,55554.708545
R1413:55554.642210,0.047047,55554.642301,55554.708573,55554.755621
R1414:55554.642970,0.000193,55554.642987,55554.755663,55554.755857
R1415:55554.705076,0.039841,55554.705217,55554.755865,55554.795707
R1416:55554.823911,0.006551,55554.824132,55554.824224,55554.830776
R1417:55554.873896,0.029923,55554.874064,55554.874153,55554.904078
R1418:55554.892709,0.027005,55554.904258,55554.904319,55554.931326
R1419:55554.944536,0.000248,55554.944757,55554.944840,55554.945093
R1420:55555.064987,0.004922,55555.065148,55555.065507,55555.070430
R1421:55555.207361,0.124668,55555.207683,55555.209010,55555.333679
R1422:55555.219928,0.015637,55555.248469,55555.333839,55555.349477
R1423:55555.221348,0.004669,55555.248472,55555.349935,55555.354606
R1424:55555.231350,0.036088,55555.248485,55555.354658,55555.390746
R1425:55555.292582,0.037457,55555.292823,55555.390802,55555.428268
R1426:55555.351312,0.163656,55555.351448,55555.428298,55555.592034
R1427:55555.380378,0.054164,55555.380515,55555.592109,55555.646274
R1428:55555.435514,0.042322,55555.435709,55555.646357,55555.688681
R1429:55555.499457,0.012522,55555.499594,55555.688758,55555.701312
R1430:55555.520708,0.005411,55555.520885,55555.701364,55555.706777
R1431:55555.577931,0.005345,55555.578130,55555.706894,55555.712240
R1432:55555.678131,0.000758,55555.678274,55555.712262,55555.713020
R1433:55555.695392,0.072392,55555.695475,55555.713023,55555.785416
R1434:55555.749098,0.024475,55555.749209,55555.785477,55555.809953
R1435:55555.787019,0.018835,55555.787285,55555.810012,55555.828848
R1436:55555.885321,0.140218,55555.885491,55555.885584,55556.025803
R1437:55555.929171,0.034775,55555.929222,55556.025854,55556.060630
R1438:55555.946814,0.023085,55555.946897,55556.060660,55556.083746
R1439:55555.962497,0.082640,55555.962574,55556.083806,55556.166447
R1440:55556.022131,0.009610,55556.022220,55556.166485,55556.176095
R1441:55556.165839,0.013424,55556.166038,55556.176187,55556.189611
R1442:55556.193284,0.113858,55556.193447,55556.193509,55556.307414
R1443:55556.203244,0.069890,55556.234376,55556.307585,55556.377477
R1444:55556.354917,0.009210,55556.355177,55556.377526,55556.386736
R1445:55556.397287,0.002219,55556.397427,55556.397513,55556.399733
R1446:55556.641792,0.068358,55556.641934,55556.642014,55556.710373
R1447:55556.662987,0.034277,55556.682447,55556.710433,55556.744711
R1448:55556.673531,0.059621,55556.682453,55556.744767,55556.804389
R1449:55556.768802,0.010696,55556.769128,55556.804508,55556.815227
R1450:55556.789136,0.001573,55556.804557,55556.815279,55556.816852
R1451:55556.795061,0.041552,55556.804563,55556.816861,55556.858414
R1452:55556.842286,0.066918,55556.847787,55556.858454,55556.925373
R1453:55557.077230,0.009827,55557.077412,55557.077526,55557.087354
R1454:55557.081887,0.053343,55557.087503,55557.087631,55557.140975
R1455:55557.089526,0.237876,55557.128470,55557.141042,55557.378919
R1456:55557.378688,0.019477,55557.378797,55557.378952,55557.398430
R1457:55557.497301,0.171675,55557.497561,55557.497674,55557.669350
R1458:55557.514662,0.006610,55557.538413,55557.669442,55557.676053
R1459:55557.531296,0.058325,55557.538419,55557.676104,55557.734430
R1460:55557.616383,0.059370,55557.616638,55557.734525,55557.793896
R1461:55557.639579,0.041376,55557.639743,55557.793998,55557.835374
R1462:55557.727557,0.104676,55557.727675,55557.835398,55557.940082
R1463:55557.766369,0.011181,55557.766617,55557.940226,55557.951408
R1464:55557.770711,0.019294,55557.794093,55557.951462,55557.970757
R1465:55557.827589,0.053478,55557.835190,55557.970779,55558.024258
R1466:55557.860949,0.114848,55557.861395,55558.024325,55558.139188
R1467:55557.889965,0.019395,55557.902397,55558.139331,55558.158727
R1468:55557.906747,0.016901,55557.907827,55558.158791,55558.175694
R1469:55557.974679,0.068262,55557.974847,55558.175756,55558.244019
R1470:55558.021192,0.033362,55558.021341,55558.244498,55558.277861
R1471:55558.211999,0.074251,55558.212161,55558.277886,55558.352142
R1472:55558.301073,0.164785,55558.301241,55558.352254,55558.517040
R1473:55558.411890,0.001500,55558.412044,55558.517099,55558.518600
R1474:55558.502132,0.030978,55558.502290,55558.518625,55558.549603
R1475:55558.508377,0.023810,55558.508531,55558.549661,55558.573472
R1476:55558.592943,0.029897,55558.593132,55558.593233,55558.623131
R1477:55558.604528,0.045436,55558.623342,55558.623416,55558.668852
R1478:55558.794223,0.000038,55558.794367,55558.794441,55558.794480
R1479:55558.820729,0.115162,55558.820922,55558.820933,55558.936096
R1480:55558.927270,0.010555,55558.927551,55558.936153,55558.946708
R1481:55558.953279,0.055740,55558.953446,55558.953610,55559.009368
R1482:55559.007681,0.075288,55559.008263,55559.009400,55559.084689
R1483:55559.014078,0.064896,55559.014501,55559.084748,55559.149645
R1484:55559.350434,0.034012,55559.350701,55559.350756,55559.384785
R1485:55559.355196,0.000387,55559.355244,55559.384877,55559.385265
R1486:55559.397861,0.011639,55559.398033,55559.398045,55559.409685
R1487:55559.660052,0.078004,55559.660229,55559.660293,55559.738305
R1488:55559.761486,0.036954,55559.761743,55559.761824,55559.798778
R1489:55559.774189,0.014881,55559.774502,55559.798877,55559.813759
R1490:55559.888637,0.038559,55559.888873,55559.888903,55559.927463
R1491:55560.165572,0.007603,55560.165766,55560.165953,55560.173557
R1492:55560.233289,0.043138,55560.233521,55560.233533,55560.276673
R1493:55560.526139,0.018873,55560.526288,55560.526361,55560.545237
R1494:55560.615576,0.038325,55560.615770,55560.615875,55560.654201
R1495:55560.673343,0.114973,55560.673561,55560.673734,55560.788708
R1496:55560.689618,0.073782,55560.714445,55560.788769,55560.862552
R1497:55560.775916,0.084479,55560.776340,55560.862612,55560.947092
R1498:55560.832736,0.041650,55560.832874,55560.947182,55560.988833
R1499:55560.886048,0.047660,55560.886205,55560.988867,55561.036528
