R0:53962.004344,0.050000,53962.004416,53962.004420,53962.054421
R1:53962.171217,0.050000,53962.171344,53962.171355,53962.221356
R2:53962.216979,0.050000,53962.217054,53962.221414,53962.271415
R3:53962.356062,0.050000,53962.356282,53962.356292,53962.406293
R4:53962.501834,0.050000,53962.502123,53962.502135,53962.552136
R5:53962.722600,0.050000,53962.722814,53962.723460,53962.773461
R6:53962.742762,0.050000,53962.743350,53962.773526,53962.823527
R7:53962.779997,0.050000,53962.780461,53962.823568,53962.873568
R8:53962.913061,0.050000,53962.913221,53962.913232,53962.963238
R9:53962.942862,0.050000,53962.942948,53962.963297,53963.013300
R10:53963.016462,0.050000,53963.016517,53963.016651,53963.066652
R11:53963.075684,0.050000,53963.075863,53963.075872,53963.125873
R12:53963.165943,0.050000,53963.166017,53963.166517,53963.216518
R13:53963.207428,0.050000,53963.207490,53963.216571,53963.266572
R14:53963.273070,0.050000,53963.273131,53963.273402,53963.323415
R15:53963.549827,0.050000,53963.550196,53963.550207,53963.600208
R16:53963.775367,0.050000,53963.775578,53963.775589,53963.825590
R17:53963.867340,0.050000,53963.867547,53963.867566,53963.917568
R18:53963.982400,0.050000,53963.982562,53963.982572,53964.032573
R19:53963.996453,0.050000,53963.996559,53964.032632,53964.082633
R20:53964.081530,0.050000,53964.081567,53964.082679,53964.132679
R21:53964.083101,0.050000,53964.083123,53964.132722,53964.182723
R22:53964.108488,0.050000,53964.124099,53964.182767,53964.232768
R23:53964.122271,0.050000,53964.124102,53964.232819,53964.282820
R24:53964.270552,0.050000,53964.270595,53964.282881,53964.332882
R25:53964.286134,0.050000,53964.286199,53964.332925,53964.382926
R26:53964.333086,0.050000,53964.333164,53964.382979,53964.433032
R27:53964.346453,0.050000,53964.346499,53964.433063,53964.483064
R28:53964.357799,0.050000,53964.357843,53964.483113,53964.533114
R29:53964.979749,0.050000,53964.979814,53964.979839,53965.029840
R30:53965.002371,0.050000,53965.021308,53965.029908,53965.079910
R31:53965.067845,0.050000,53965.067888,53965.079986,53965.129987
R32:53965.234073,0.050000,53965.234243,53965.234306,53965.284307
R33:53965.320494,0.050000,53965.320687,53965.322206,53965.372207
R34:53965.352561,0.050000,53965.352622,53965.372304,53965.422305
R35:53965.444949,0.050000,53965.445002,53965.445510,53965.495511
R36:53965.512646,0.050000,53965.512711,53965.513684,53965.563685
R37:53965.574664,0.050000,53965.574714,53965.574922,53965.624923
R38:53965.902385,0.050000,53965.902439,53965.902511,53965.952512
R39:53965.933981,0.050000,53965.934024,53965.952576,53966.002713
R40:53966.068272,0.050000,53966.068340,53966.068562,53966.118563
R41:53966.136457,0.050000,53966.136515,53966.136569,53966.186570
R42:53966.270190,0.050000,53966.270320,53966.270740,53966.320742
R43:53966.316901,0.050000,53966.316957,53966.320811,53966.370812
R44:53966.518964,0.050000,53966.519122,53966.519295,53966.570777
R45:53966.549557,0.050000,53966.561211,53966.570858,53966.620859
R46:53966.590105,0.050000,53966.590166,53966.620914,53966.670915
R47:53966.740831,0.050000,53966.740949,53966.741427,53966.791428
R48:53966.969573,0.050000,53966.970173,53966.970183,53967.020184
R49:53966.976282,0.050000,53966.976337,53967.020259,53967.070260
R50:53967.247524,0.050000,53967.248088,53967.248096,53967.298097
R51:53967.315528,0.050000,53967.315591,53967.316359,53967.366360
R52:53967.324419,0.050000,53967.324477,53967.366420,53967.416421
R53:53967.343977,0.050000,53967.344033,53967.416455,53967.466456
R54:53967.443368,0.050000,53967.443411,53967.466514,53967.516515
R55:53967.644391,0.050000,53967.644475,53967.644596,53967.694597
R56:53967.683577,0.050000,53967.686124,53967.694641,53967.744642
R57:53967.689677,0.050000,53967.689725,53967.744704,53967.794705
R58:53967.691621,0.050000,53967.691662,53967.794762,53967.844763
R59:53967.747335,0.050000,53967.747360,53967.844807,53967.894807
R60:53967.753339,0.050000,53967.784096,53967.894864,53967.944865
R61:53967.778181,0.050000,53967.784106,53967.944926,53967.994927
R62:53968.098966,0.050000,53968.099082,53968.099139,53968.149229
R63:53968.310558,0.050000,53968.310619,53968.310671,53968.360672
R64:53968.483743,0.050000,53968.483809,53968.484595,53968.534596
R65:53968.512103,0.050000,53968.512149,53968.534657,53968.584657
R66:53968.582756,0.050000,53968.582796,53968.584702,53968.634703
R67:53968.625620,0.050000,53968.625666,53968.634756,53968.684758
R68:53968.755570,0.050000,53968.755624,53968.756221,53968.806222
R69:53968.821037,0.050000,53968.821087,53968.821312,53968.871313
R70:53968.921470,0.050000,53968.921512,53968.921673,53968.971674
R71:53968.990556,0.050000,53968.990608,53968.990655,53969.040656
R72:53968.994370,0.050000,53968.994462,53969.040716,53969.090717
R73:53969.046830,0.050000,53969.046886,53969.090773,53969.140774
R74:53969.291115,0.050000,53969.291563,53969.291636,53969.341637
R75:53969.534058,0.050000,53969.534123,53969.534710,53969.584711
R76:53969.650228,0.050000,53969.650329,53969.650413,53969.700414
R77:53969.680835,0.050000,53969.680889,53969.700471,53969.750472
R78:53969.802896,0.050000,53969.802996,53969.803108,53969.853109
R79:53969.895934,0.050000,53969.895991,53969.896568,53969.946569
R80:53969.935799,0.050000,53969.935891,53969.946664,53969.996664
R81:53970.041811,0.050000,53970.041870,53970.042529,53970.092530
R82:53970.058483,0.050000,53970.082229,53970.092590,53970.142591
R83:53970.111305,0.050000,53970.111351,53970.142649,53970.192650
R84:53970.304258,0.050000,53970.304307,53970.304444,53970.354445
R85:53970.465090,0.050000,53970.465198,53970.465264,53970.515265
R86:53970.501754,0.050000,53970.501813,53970.515326,53970.565326
R87:53970.525521,0.050000,53970.525576,53970.565408,53970.615409
R88:53970.729297,0.050000,53970.729346,53970.729788,53970.779789
R89:53970.768681,0.050000,53970.771153,53970.779830,53970.829831
R90:53970.874250,0.050000,53970.874300,53970.874367,53970.924368
R91:53971.159355,0.050000,53971.159420,53971.159866,53971.209867
R92:53971.240276,0.050000,53971.240355,53971.241001,53971.291002
R93:53971.337790,0.050000,53971.337826,53971.338439,53971.388440
R94:53971.515809,0.050000,53971.515864,53971.516476,53971.566477
R95:53971.568626,0.050000,53971.568707,53971.569360,53971.619361
R96:53971.808303,0.050000,53971.808393,53971.808509,53971.858511
R97:53971.854713,0.050000,53971.854799,53971.858594,53971.908596
R98:53972.008219,0.050000,53972.008265,53972.008714,53972.058715
R99:53972.113123,0.050000,53972.113239,53972.113639,53972.163639
R100:53972.333159,0.050000,53972.333348,53972.333359,53972.383360
R101:53972.393290,0.050000,53972.393474,53972.393485,53972.443486
R102:53972.415586,0.050000,53972.415639,53972.443545,53972.493546
R103:53972.688517,0.050000,53972.688765,53972.688925,53972.742644
R104:53972.918490,0.050000,53972.918574,53972.918632,53972.968633
R105:53972.933262,0.050000,53972.934163,53972.968764,53973.018765
R106:53973.127000,0.050000,53973.127046,53973.127095,53973.177095
R107:53973.220519,0.050000,53973.220593,53973.222175,53973.272176
R108:53973.272495,0.050000,53973.272552,53973.273071,53973.323104
R109:53973.360622,0.050000,53973.361010,53973.361030,53973.411030
R110:53973.390796,0.050000,53973.390915,53973.411083,53973.461105
R111:53973.531224,0.050000,53973.531303,53973.531707,53973.581708
R112:53973.564785,0.050000,53973.572425,53973.581810,53973.631813
R113:53973.618732,0.050000,53973.618783,53973.631890,53973.681891
R114:53973.642178,0.050000,53973.642240,53973.681959,53973.731960
R115:53973.661399,0.050000,53973.681946,53973.732016,53973.782017
R116:53973.691248,0.050000,53973.723250,53973.782164,53973.832179
R117:53973.765528,0.050000,53973.765582,53973.832250,53973.882251
R118:53973.816248,0.050000,53973.816336,53973.882297,53973.932298
R119:53973.833558,0.050000,53973.833604,53973.932351,53973.982352
R120:53974.049546,0.050000,53974.049647,53974.049674,53974.099675
R121:53974.059642,0.050000,53974.059736,53974.099743,53974.149744
R122:53974.072127,0.050000,53974.072243,53974.149800,53974.199801
R123:53974.134502,0.050000,53974.134566,53974.199854,53974.249855
R124:53974.264680,0.050000,53974.264722,53974.265363,53974.315365
R125:53974.645208,0.050000,53974.645261,53974.645917,53974.695918
R126:53974.893876,0.050000,53974.894142,53974.894560,53974.944561
R127:53974.998874,0.050000,53974.999191,53975.000143,53975.050144
R128:53975.043005,0.050000,53975.043120,53975.050197,53975.100198
R129:53975.169184,0.050000,53975.169240,53975.169376,53975.219377
R130:53975.211251,0.050000,53975.211282,53975.219432,53975.269433
R131:53975.243035,0.050000,53975.243095,53975.269503,53975.319549
R132:53975.267266,0.050000,53975.269489,53975.319621,53975.369852
R133:53975.347329,0.050000,53975.347395,53975.369910,53975.419910
R134:53975.372986,0.050000,53975.373065,53975.419961,53975.470112
R135:53975.388223,0.050000,53975.415335,53975.470291,53975.520292
R136:53975.508092,0.050000,53975.508180,53975.520379,53975.570380
R137:53975.520438,0.050000,53975.520457,53975.570440,53975.620470
R138:53975.672420,0.050000,53975.672621,53975.672658,53975.722665
R139:53975.697393,0.050000,53975.697528,53975.722759,53975.772759
R140:53975.821863,0.050000,53975.822018,53975.822028,53975.872029
R141:53975.829575,0.050000,53975.863859,53975.872111,53975.922111
R142:53976.102881,0.050000,53976.103170,53976.103181,53976.153182
R143:53976.108128,0.050000,53976.143285,53976.153264,53976.203264
R144:53976.175326,0.050000,53976.175402,53976.203354,53976.253355
R145:53976.193096,0.050000,53976.203390,53976.253428,53976.303429
R146:53976.218200,0.050000,53976.245350,53976.303482,53976.353483
R147:53976.363582,0.050000,53976.363682,53976.363693,53976.413694
R148:53976.483641,0.050000,53976.483691,53976.484115,53976.534116
R149:53976.580913,0.050000,53976.580965,53976.581036,53976.631037
R150:53976.892298,0.050000,53976.892367,53976.892869,53976.942870
R151:53976.985203,0.050000,53976.985299,53976.985929,53977.035930
R152:53977.115013,0.050000,53977.115077,53977.115580,53977.165580
R153:53977.124105,0.050000,53977.124154,53977.165637,53977.215638
R154:53977.137380,0.050000,53977.137414,53977.215700,53977.265701
R155:53977.204394,0.050000,53977.204425,53977.265741,53977.315742
R156:53977.212280,0.050000,53977.215687,53977.315796,53977.365797
R157:53977.219366,0.050000,53977.257245,53977.365852,53977.415853
R158:53977.241248,0.050000,53977.257250,53977.415914,53977.465915
R159:53977.298344,0.050000,53977.298402,53977.465981,53977.515982
R160:53977.454440,0.050000,53977.454574,53977.516040,53977.566041
R161:53977.532197,0.050000,53977.532271,53977.566100,53977.616101
R162:53977.660484,0.050000,53977.660686,53977.660696,53977.710698
R163:53977.665487,0.050000,53977.702313,53977.710754,53977.760755
R164:53977.681164,0.050000,53977.702334,53977.760814,53977.810815
R165:53978.768025,0.050000,53978.768309,53978.768320,53978.818321
R166:53978.789153,0.050000,53978.809655,53978.818368,53978.868370
R167:53978.989937,0.050000,53978.990318,53978.990574,53979.040575
R168:53979.002408,0.050000,53979.032473,53979.040628,53979.090629
R169:53979.558735,0.050000,53979.558788,53979.558836,53979.608837
R170:53979.563934,0.050000,53979.599281,53979.608889,53979.658890
R171:53979.749847,0.050000,53979.749882,53979.749930,53979.799931
R172:53979.756810,0.050000,53979.790326,53979.799985,53979.849985
R173:53979.757226,0.050000,53979.790336,53979.850030,53979.900032
R174:53979.990464,0.050000,53979.990530,53979.990984,53980.040985
R175:53980.072522,0.050000,53980.072641,53980.072821,53980.122822
R176:53980.090928,0.050000,53980.090975,53980.122886,53980.172887
R177:53980.107231,0.050000,53980.107284,53980.172926,53980.222927
R178:53980.152501,0.050000,53980.152546,53980.222974,53980.272975
R179:53980.374654,0.050000,53980.374740,53980.374888,53980.424889
R180:53980.530573,0.050000,53980.530628,53980.531284,53980.581596
R181:53980.571208,0.050000,53980.571261,53980.581652,53980.631653
R182:53980.644432,0.050000,53980.644498,53980.644652,53980.694653
R183:53980.723329,0.050000,53980.723450,53980.723591,53980.773592
R184:53980.778339,0.050000,53980.778397,53980.778475,53980.828476
R185:53980.884279,0.050000,53980.884484,53980.884495,53980.934497
R186:53980.893977,0.050000,53980.894029,53980.934546,53980.984547
R187:53980.962888,0.050000,53980.962946,53980.984589,53981.034590
R188:53981.091731,0.050000,53981.091812,53981.091943,53981.141944
R189:53981.124901,0.050000,53981.132262,53981.141990,53981.191991
R190:53981.566552,0.050000,53981.566625,53981.566755,53981.616756
R191:53981.645015,0.050000,53981.645100,53981.645741,53981.695742
R192:53981.836138,0.050000,53981.836269,53981.836882,53981.886883
R193:53981.961586,0.050000,53981.961756,53981.962395,53982.012396
R194:53982.051845,0.050000,53982.051991,53982.052551,53982.102552
R195:53982.055290,0.050000,53982.055371,53982.102610,53982.153383
R196:53982.180742,0.050000,53982.180944,53982.180969,53982.230970
R197:53982.343719,0.050000,53982.343781,53982.343874,53982.393875
R198:53982.579846,0.050000,53982.579905,53982.579981,53982.629982
R199:53982.767800,0.050000,53982.767890,53982.768111,53982.818112
R200:53982.929604,0.050000,53982.929666,53982.929752,53982.979753
R201:53983.282896,0.050000,53983.282951,53983.283511,53983.333512
R202:53983.406853,0.050000,53983.406914,53983.407424,53983.457426
R203:53983.619430,0.050000,53983.619503,53983.620101,53983.670102
R204:53983.993308,0.050000,53983.993360,53983.993390,53984.043391
R205:53984.093386,0.050000,53984.093583,53984.093594,53984.143595
R206:53984.156132,0.050000,53984.156276,53984.156287,53984.206288
R207:53984.172573,0.050000,53984.172631,53984.206340,53984.256342
R208:53984.333789,0.050000,53984.333945,53984.333955,53984.383956
R209:53984.533739,0.050000,53984.533798,53984.533830,53984.583831
R210:53984.541160,0.050000,53984.541233,53984.583891,53984.633892
R211:53984.636644,0.050000,53984.636710,53984.636821,53984.686822
R212:53984.662726,0.050000,53984.662785,53984.686881,53984.736881
R213:53984.753204,0.050000,53984.753284,53984.753414,53984.803415
R214:53984.777015,0.050000,53984.798047,53984.803464,53984.856010
R215:53984.886726,0.050000,53984.886777,53984.886902,53984.936903
R216:53984.921519,0.050000,53984.927205,53984.936941,53984.986942
R217:53984.957827,0.050000,53984.957877,53984.987007,53985.037008
R218:53984.981870,0.050000,53984.986995,53985.037045,53985.087046
R219:53984.988930,0.050000,53985.028181,53985.087086,53985.137099
R220:53985.080103,0.050000,53985.080136,53985.137147,53985.187148
R221:53985.103214,0.050000,53985.103264,53985.187194,53985.237223
R222:53985.199055,0.050000,53985.199101,53985.237290,53985.287291
R223:53985.264195,0.050000,53985.264240,53985.287352,53985.337353
R224:53985.587637,0.050000,53985.587734,53985.587984,53985.637985
R225:53985.617955,0.050000,53985.628298,53985.638134,53985.688135
R226:53985.689825,0.050000,53985.689924,53985.690382,53985.740383
R227:53985.805490,0.050000,53985.805548,53985.805672,53985.855673
R228:53985.816575,0.050000,53985.816630,53985.855746,53985.905748
R229:53985.874668,0.050000,53985.874718,53985.905811,53985.955812
R230:53985.956357,0.050000,53985.956380,53985.956492,53986.006493
R231:53986.219032,0.050000,53986.219093,53986.219192,53986.269192
R232:53986.273760,0.050000,53986.273808,53986.273885,53986.323886
R233:53986.311308,0.050000,53986.311362,53986.323943,53986.373944
R234:53986.482506,0.050000,53986.482591,53986.482799,53986.532800
R235:53986.534532,0.050000,53986.534578,53986.534728,53986.584729
R236:53986.534912,0.050000,53986.534929,53986.584780,53986.634781
R237:53986.574118,0.050000,53986.574177,53986.634822,53986.684823
R238:53986.657907,0.050000,53986.657958,53986.684883,53986.734884
R239:53986.820898,0.050000,53986.820937,53986.821048,53986.871049
R240:53986.845942,0.050000,53986.861304,53986.871143,53986.921144
R241:53986.948431,0.050000,53986.948464,53986.948835,53986.998836
R242:53987.008568,0.050000,53987.008623,53987.008697,53987.058698
R243:53987.068653,0.050000,53987.068736,53987.068947,53987.118948
R244:53987.101981,0.050000,53987.102022,53987.119036,53987.169037
R245:53987.215370,0.050000,53987.215427,53987.215530,53987.265531
R246:53987.233920,0.050000,53987.256335,53987.265575,53987.315576
R247:53987.322421,0.050000,53987.322484,53987.322608,53987.372609
R248:53987.326370,0.050000,53987.364447,53987.372662,53987.422663
R249:53987.375017,0.050000,53987.375046,53987.422716,53987.472717
R250:53987.483377,0.050000,53987.483432,53987.483540,53987.533541
R251:53987.585433,0.050000,53987.585474,53987.585584,53987.635585
R252:53987.677857,0.050000,53987.677915,53987.677928,53987.727929
R253:53987.716785,0.050000,53987.716855,53987.727989,53987.777990
R254:53987.735468,0.050000,53987.735507,53987.778030,53987.828031
R255:53987.820961,0.050000,53987.821005,53987.828074,53987.878075
R256:53987.910759,0.050000,53987.910887,53987.911250,53987.961251
R257:53988.030240,0.050000,53988.030298,53988.032670,53988.082672
R258:53988.066562,0.050000,53988.066620,53988.082728,53988.132729
R259:53988.189304,0.050000,53988.189366,53988.189440,53988.239440
R260:53988.210005,0.050000,53988.230246,53988.239478,53988.289479
R261:53988.440783,0.050000,53988.440847,53988.441081,53988.491082
R262:53988.545917,0.050000,53988.546011,53988.546177,53988.596178
R263:53988.642471,0.050000,53988.642540,53988.642643,53988.692644
R264:53988.669686,0.050000,53988.669764,53988.692696,53988.742703
R265:53988.739155,0.050000,53988.739240,53988.742746,53988.792747
R266:53988.747826,0.050000,53988.747857,53988.792787,53988.842788
R267:53988.776266,0.050000,53988.788335,53988.842835,53988.892836
R268:53988.967476,0.050000,53988.967635,53988.967697,53989.017698
R269:53989.072980,0.050000,53989.073043,53989.073576,53989.123577
R270:53989.082082,0.050000,53989.082133,53989.123636,53989.173637
R271:53989.092960,0.050000,53989.093002,53989.173703,53989.223704
R272:53989.133857,0.050000,53989.133900,53989.223756,53989.273758
R273:53989.212147,0.050000,53989.212202,53989.273811,53989.323812
R274:53989.294043,0.050000,53989.294096,53989.323865,53989.373866
R275:53989.394001,0.050000,53989.394085,53989.394160,53989.444161
R276:53989.425160,0.050000,53989.436243,53989.444246,53989.494247
R277:53989.561174,0.050000,53989.561229,53989.561748,53989.611749
R278:53989.592281,0.050000,53989.603111,53989.611792,53989.661793
R279:53989.628733,0.050000,53989.628777,53989.661840,53989.711841
R280:53989.647992,0.050000,53989.661852,53989.711877,53989.761878
R281:53990.026147,0.050000,53990.026209,53990.028002,53990.078003
R282:53990.026592,0.050000,53990.026625,53990.078073,53990.128074
R283:53990.186422,0.050000,53990.186484,53990.186972,53990.236973
R284:53990.223169,0.050000,53990.223225,53990.237027,53990.287028
R285:53990.242248,0.050000,53990.242292,53990.287096,53990.337097
R286:53990.294508,0.050000,53990.294573,53990.337180,53990.387182
R287:53990.584285,0.050000,53990.584348,53990.584789,53990.634790
R288:53990.812819,0.050000,53990.813017,53990.813027,53990.863028
R289:53990.944589,0.050000,53990.944800,53990.944810,53990.994902
R290:53991.053932,0.050000,53991.053991,53991.054093,53991.104094
R291:53991.065805,0.050000,53991.065865,53991.104138,53991.154160
R292:53991.171270,0.050000,53991.171329,53991.171419,53991.221423
R293:53991.215557,0.050000,53991.215589,53991.221550,53991.271551
R294:53991.350977,0.050000,53991.351023,53991.351575,53991.401576
R295:53991.611649,0.050000,53991.611727,53991.612182,53991.662183
R296:53991.837329,0.050000,53991.837388,53991.838037,53991.888039
R297:53992.017449,0.050000,53992.017509,53992.018521,53992.068522
R298:53992.038294,0.050000,53992.038343,53992.068587,53992.118588
R299:53992.181933,0.050000,53992.182002,53992.182652,53992.232653
R300:53992.254269,0.050000,53992.254357,53992.255014,53992.305015
R301:53992.286511,0.050000,53992.286569,53992.305136,53992.355137
R302:53992.500553,0.050000,53992.500595,53992.500872,53992.550873
R303:53992.719206,0.050000,53992.719294,53992.720668,53992.770669
R304:53992.907696,0.050000,53992.907758,53992.908280,53992.958281
R305:53992.970501,0.050000,53992.970686,53992.970990,53993.020991
R306:53993.048692,0.050000,53993.048749,53993.049282,53993.099283
R307:53993.064962,0.050000,53993.065013,53993.099325,53993.149326
R308:53993.094415,0.050000,53993.094499,53993.149389,53993.199390
R309:53993.276358,0.050000,53993.276405,53993.276853,53993.326854
R310:53993.338162,0.050000,53993.338222,53993.338730,53993.388731
R311:53993.394968,0.050000,53993.395022,53993.395447,53993.445448
R312:53993.566914,0.050000,53993.566965,53993.567421,53993.617422
R313:53993.629310,0.050000,53993.629367,53993.630134,53993.680135
R314:53993.660710,0.050000,53993.660765,53993.680179,53993.730180
R315:53993.678913,0.050000,53993.678963,53993.730214,53993.780215
R316:53993.783833,0.050000,53993.783868,53993.783946,53993.833947
R317:53993.902194,0.050000,53993.902249,53993.902752,53993.952753
R318:53993.915929,0.050000,53993.915983,53993.952808,53994.002824
R319:53994.000190,0.050000,53994.000241,53994.002891,53994.052892
R320:53994.062022,0.050000,53994.062088,53994.062272,53994.112273
R321:53994.227776,0.050000,53994.228331,53994.228371,53994.278392
R322:53994.345021,0.050000,53994.345110,53994.345250,53994.395251
R323:53994.363057,0.050000,53994.363140,53994.395284,53994.445285
R324:53994.386025,0.050000,53994.386087,53994.445341,53994.495342
R325:53994.448877,0.050000,53994.448902,53994.495374,53994.545426
R326:53994.460725,0.050000,53994.490288,53994.545492,53994.595493
R327:53994.474350,0.050000,53994.490296,53994.595530,53994.645531
R328:53994.515046,0.050000,53994.515091,53994.645577,53994.695577
R329:53994.550851,0.050000,53994.550893,53994.695637,53994.745638
R330:53994.795274,0.050000,53994.795394,53994.795504,53994.845505
R331:53995.012884,0.050000,53995.012979,53995.013100,53995.063101
R332:53995.101544,0.050000,53995.101604,53995.102107,53995.152111
R333:53995.266491,0.050000,53995.266552,53995.267026,53995.317027
R334:53995.421588,0.050000,53995.421653,53995.423632,53995.473633
R335:53995.484022,0.050000,53995.484073,53995.484495,53995.534496
R336:53995.521227,0.050000,53995.521282,53995.534548,53995.584549
R337:53995.567308,0.050000,53995.567351,53995.584591,53995.634592
R338:53995.665357,0.050000,53995.665403,53995.665852,53995.715853
R339:53995.750814,0.050000,53995.750873,53995.751328,53995.801329
R340:53995.778181,0.050000,53995.778348,53995.801358,53995.851359
R341:53995.793386,0.050000,53995.793441,53995.851420,53995.901421
R342:53995.800364,0.050000,53995.800402,53995.901473,53995.951474
R343:53995.810825,0.050000,53995.810860,53995.951565,53996.001566
R344:53995.906151,0.050000,53995.906206,53996.001626,53996.051627
R345:53995.947959,0.050000,53995.948002,53996.051692,53996.101693
R346:53995.979900,0.050000,53995.980165,53996.101741,53996.151742
R347:53996.017948,0.050000,53996.018125,53996.151792,53996.201792
R348:53996.027401,0.050000,53996.051679,53996.201842,53996.251844
R349:53996.078683,0.050000,53996.092153,53996.251902,53996.301903
R350:53996.326606,0.050000,53996.326660,53996.326669,53996.376670
R351:53996.407295,0.050000,53996.407382,53996.407433,53996.457446
R352:53996.435571,0.050000,53996.435626,53996.457587,53996.507588
R353:53996.533444,0.050000,53996.533488,53996.534002,53996.584003
R354:53996.663971,0.050000,53996.664020,53996.664090,53996.714189
R355:53996.724857,0.050000,53996.724896,53996.725362,53996.775363
R356:53996.740548,0.050000,53996.740652,53996.775422,53996.825518
R357:53996.935827,0.050000,53996.935877,53996.936447,53996.986448
R358:53997.025313,0.050000,53997.025363,53997.025738,53997.075739
R359:53997.091715,0.050000,53997.091765,53997.092230,53997.142231
R360:53997.113013,0.050000,53997.113098,53997.142270,53997.192271
R361:53997.187597,0.050000,53997.187674,53997.192312,53997.242312
R362:53997.238606,0.050000,53997.238771,53997.242364,53997.292365
R363:53997.400940,0.050000,53997.400985,53997.400993,53997.450994
R364:53997.447778,0.050000,53997.447821,53997.451037,53997.501038
R365:53997.473525,0.050000,53997.473569,53997.501103,53997.551104
R366:53997.509975,0.050000,53997.510119,53997.551143,53997.601145
R367:53997.629240,0.050000,53997.629320,53997.629437,53997.679438
R368:53997.722120,0.050000,53997.722194,53997.722276,53997.772277
R369:53998.103205,0.050000,53998.103325,53998.103337,53998.153338
R370:53998.140921,0.050000,53998.140971,53998.153406,53998.203406
R371:53998.348193,0.050000,53998.348332,53998.348341,53998.398343
R372:53998.361643,0.050000,53998.389247,53998.398386,53998.448387
R373:53998.409804,0.050000,53998.409856,53998.448465,53998.498466
R374:53998.410394,0.050000,53998.448451,53998.498507,53998.548508
R375:53998.549535,0.050000,53998.549657,53998.549667,53998.599668
R376:53998.685064,0.050000,53998.685171,53998.685183,53998.735184
R377:53998.716838,0.050000,53998.716898,53998.735236,53998.785237
R378:53998.728018,0.050000,53998.728056,53998.785293,53998.835306
R379:53998.910602,0.050000,53998.910645,53998.910770,53998.960771
R380:53999.026841,0.050000,53999.027235,53999.027244,53999.077245
R381:53999.031575,0.050000,53999.031614,53999.077297,53999.127298
R382:53999.085914,0.050000,53999.085947,53999.127357,53999.177358
R383:53999.477171,0.050000,53999.477405,53999.477507,53999.527508
R384:53999.589527,0.050000,53999.589975,53999.590004,53999.640005
R385:53999.611228,0.050000,53999.611291,53999.640233,53999.690431
R386:53999.669751,0.050000,53999.669815,53999.690575,53999.740576
R387:53999.852053,0.050000,53999.852559,53999.852567,53999.902568
R388:53999.861188,0.050000,53999.893189,53999.902625,53999.952627
R389:53999.870790,0.050000,53999.893192,53999.952697,54000.002698
R390:53999.914735,0.050000,53999.914777,54000.002732,54000.052733
R391:53999.947496,0.050000,53999.952682,54000.052782,54000.102783
R392:54000.044872,0.050000,54000.044908,54000.102846,54000.152847
R393:54000.195532,0.050000,54000.195717,54000.195729,54000.245730
R394:54000.208583,0.050000,54000.236321,54000.245774,54000.295775
R395:54000.213536,0.050000,54000.236324,54000.295824,54000.345825
R396:54000.220032,0.050000,54000.236329,54000.345873,54000.395874
R397:54000.275759,0.050000,54000.275806,54000.395949,54000.445950
R398:54000.413891,0.050000,54000.413946,54000.446010,54000.496011
R399:54000.521091,0.050000,54000.521179,54000.521295,54000.571296
R400:54000.574431,0.050000,54000.574562,54000.574575,54000.624579
R401:54000.586109,0.050000,54000.586168,54000.624657,54000.674658
R402:54000.667239,0.050000,54000.667271,54000.674715,54000.724716
R403:54000.746021,0.050000,54000.746053,54000.746245,54000.796245
R404:54000.814761,0.050000,54000.814823,54000.815318,54000.865319
R405:54000.897076,0.050000,54000.897172,54000.897271,54000.947272
R406:54000.938143,0.050000,54000.938173,54000.947323,54000.997324
R407:54000.971281,0.050000,54000.971332,54000.997385,54001.047386
R408:54001.171011,0.050000,54001.171064,54001.171196,54001.221213
R409:54001.230072,0.050000,54001.230131,54001.230223,54001.280224
R410:54001.247181,0.050000,54001.247234,54001.280328,54001.330329
R411:54001.332834,0.050000,54001.332861,54001.332965,54001.382966
R412:54001.400862,0.050000,54001.400928,54001.401099,54001.451100
R413:54001.488709,0.050000,54001.488824,54001.492478,54001.542479
R414:54001.571344,0.050000,54001.571405,54001.571876,54001.621877
R415:54001.595665,0.050000,54001.595716,54001.621937,54001.671957
R416:54001.756771,0.050000,54001.756917,54001.756930,54001.806940
R417:54001.763520,0.050000,54001.797166,54001.807016,54001.857017
R418:54001.773134,0.050000,54001.797174,54001.857056,54001.907057
R419:54002.007220,0.050000,54002.007400,54002.007409,54002.057410
R420:54002.024305,0.050000,54002.049187,54002.057451,54002.107452
R421:54002.084145,0.050000,54002.084183,54002.107508,54002.157509
R422:54002.107519,0.050000,54002.107549,54002.157548,54002.207548
R423:54002.266995,0.050000,54002.267559,54002.267567,54002.317569
R424:54002.298545,0.050000,54002.298603,54002.317622,54002.367623
R425:54002.338967,0.050000,54002.338995,54002.367686,54002.417687
R426:54002.530649,0.050000,54002.530838,54002.530849,54002.580850
R427:54002.569172,0.050000,54002.575106,54002.580901,54002.630902
R428:54002.722611,0.050000,54002.722661,54002.722701,54002.772702
R429:54002.820628,0.050000,54002.820847,54002.820860,54002.870868
R430:54002.824265,0.050000,54002.824328,54002.870926,54002.920927
R431:54002.851462,0.050000,54002.851522,54002.920978,54002.970979
R432:54002.988672,0.050000,54002.988708,54002.989098,54003.039099
R433:54003.078227,0.050000,54003.078291,54003.081462,54003.131463
R434:54003.242823,0.050000,54003.242921,54003.243047,54003.293067
R435:54003.276533,0.050000,54003.276599,54003.293121,54003.343121
R436:54003.299384,0.050000,54003.299435,54003.343170,54003.393171
R437:54003.319602,0.050000,54003.341211,54003.394055,54003.444056
R438:54003.405886,0.050000,54003.405939,54003.444139,54003.494147
R439:54003.416596,0.050000,54003.444125,54003.494193,54003.544194
R440:54003.518796,0.050000,54003.518876,54003.544296,54003.594298
R441:54003.657536,0.050000,54003.657592,54003.658387,54003.708388
R442:54003.773292,0.050000,54003.773383,54003.773414,54003.823415
R443:54003.793777,0.050000,54003.793823,54003.823466,54003.873467
R444:54003.840529,0.050000,54003.840576,54003.873529,54003.923530
R445:54003.875152,0.050000,54003.875202,54003.923598,54003.973599
R446:54003.927000,0.050000,54003.927044,54003.973749,54004.023750
R447:54003.950964,0.050000,54003.951019,54004.023811,54004.073812
R448:54003.995691,0.050000,54003.995782,54004.073876,54004.123877
R449:54004.065214,0.050000,54004.065244,54004.123916,54004.173917
R450:54004.080592,0.050000,54004.080640,54004.173973,54004.223974
R451:54004.154391,0.050000,54004.154449,54004.224034,54004.274035
R452:54004.155832,0.050000,54004.155861,54004.274088,54004.324089
R453:54004.199406,0.050000,54004.199670,54004.324223,54004.374223
R454:54004.243516,0.050000,54004.243565,54004.374276,54004.424277
R455:54004.276745,0.050000,54004.276777,54004.424335,54004.474336
R456:54004.398551,0.050000,54004.398604,54004.474373,54004.524374
R457:54004.426415,0.050000,54004.426480,54004.524415,54004.574416
R458:54004.522525,0.050000,54004.522568,54004.574474,54004.624475
R459:54004.596241,0.050000,54004.596319,54004.624522,54004.674523
R460:54004.825772,0.050000,54004.825817,54004.825864,54004.875865
R461:54004.931211,0.050000,54004.931272,54004.931446,54004.981448
R462:54005.082224,0.050000,54005.082375,54005.082423,54005.132424
R463:54005.191289,0.050000,54005.191435,54005.191447,54005.241448
R464:54005.225480,0.050000,54005.225549,54005.241505,54005.291506
R465:54005.319992,0.050000,54005.320109,54005.320121,54005.370122
R466:54005.320618,0.050000,54005.361132,54005.370173,54005.420175
R467:54005.389898,0.050000,54005.389954,54005.420305,54005.470306
R468:54005.558861,0.050000,54005.559253,54005.559357,54005.609366
R469:54005.646628,0.050000,54005.647330,54005.647422,54005.697423
R470:54005.740341,0.050000,54005.740888,54005.740969,54005.790970
R471:54005.806866,0.050000,54005.807079,54005.807090,54005.857091
R472:54005.853566,0.050000,54005.853623,54005.857121,54005.907122
R473:54005.894566,0.050000,54005.894619,54005.907173,54005.957175
R474:54006.010027,0.050000,54006.010120,54006.010130,54006.060131
R475:54006.157286,0.050000,54006.157458,54006.157465,54006.207466
R476:54006.260391,0.050000,54006.260623,54006.260634,54006.310635
R477:54006.275709,0.050000,54006.275796,54006.310684,54006.360685
R478:54006.278844,0.050000,54006.278912,54006.360746,54006.410747
R479:54006.284871,0.050000,54006.284942,54006.410789,54006.460790
R480:54006.390228,0.050000,54006.390313,54006.460843,54006.510843
R481:54006.409270,0.050000,54006.410833,54006.510899,54006.560900
R482:54006.497047,0.050000,54006.497148,54006.560939,54006.610939
R483:54006.606711,0.050000,54006.606781,54006.610979,54006.660980
R484:54006.683181,0.050000,54006.683240,54006.683550,54006.733551
R485:54006.683376,0.050000,54006.725428,54006.733598,54006.783599
R486:54006.684148,0.050000,54006.725432,54006.783658,54006.833659
R487:54006.717497,0.050000,54006.725448,54006.833702,54006.883703
R488:54006.745287,0.050000,54006.745536,54006.883742,54006.933742
R489:54006.842409,0.050000,54006.842793,54006.933808,54006.983809
R490:54007.019745,0.050000,54007.019894,54007.019905,54007.069905
R491:54007.038038,0.050000,54007.038094,54007.069958,54007.119959
R492:54007.076104,0.050000,54007.076138,54007.120001,54007.170002
R493:54007.176277,0.050000,54007.176360,54007.176525,54007.226526
R494:54007.368464,0.050000,54007.368693,54007.368704,54007.418705
R495:54007.464923,0.050000,54007.465115,54007.465124,54007.515125
R496:54007.499199,0.050000,54007.499249,54007.515170,54007.565171
R497:54007.696010,0.050000,54007.696062,54007.696179,54007.746180
R498:54007.714859,0.050000,54007.736233,54007.746248,54007.796249
R499:54007.730458,0.050000,54007.736240,54007.796838,54007.846839
R500:54007.794529,0.050000,54007.794560,54007.846873,54007.896874
R501:54007.955317,0.050000,54007.955351,54007.955719,54008.005719
R502:54008.057786,0.050000,54008.057835,54008.058282,54008.108283
R503:54008.271101,0.050000,54008.271159,54008.271655,54008.321656
R504:54008.290556,0.050000,54008.290604,54008.321705,54008.371706
R505:54008.336275,0.050000,54008.336314,54008.371766,54008.421767
R506:54008.447687,0.050000,54008.447897,54008.447907,54008.497908
R507:54008.632566,0.050000,54008.632739,54008.632749,54008.682750
R508:54008.704755,0.050000,54008.704930,54008.704940,54008.754941
R509:54008.827003,0.050000,54008.827551,54008.827560,54008.877561
R510:54009.072324,0.050000,54009.072383,54009.072460,54009.122461
R511:54009.096618,0.050000,54009.096672,54009.122512,54009.172513
R512:54009.334148,0.050000,54009.334403,54009.334419,54009.384436
R513:54009.407276,0.050000,54009.407654,54009.407666,54009.457667
R514:54009.653717,0.050000,54009.653778,54009.653825,54009.703826
R515:54009.715897,0.050000,54009.715955,54009.716014,54009.766066
R516:54009.789186,0.050000,54009.789353,54009.789375,54009.839376
R517:54010.043940,0.050000,54010.044001,54010.044527,54010.094528
R518:54010.190220,0.050000,54010.190337,54010.190712,54010.240713
R519:54010.343380,0.050000,54010.343467,54010.344145,54010.394146
R520:54010.425600,0.050000,54010.425669,54010.426334,54010.476342
R521:54010.523071,0.050000,54010.523224,54010.523619,54010.573622
R522:54011.010538,0.050000,54011.010711,54011.010980,54011.060981
R523:54011.260383,0.050000,54011.260579,54011.260591,54011.310592
R524:54011.296190,0.050000,54011.296246,54011.310644,54011.360645
R525:54011.484849,0.050000,54011.485318,54011.485329,54011.535330
R526:54011.565827,0.050000,54011.565872,54011.566309,54011.616310
R527:54011.658225,0.050000,54011.658265,54011.658765,54011.708766
R528:54011.787820,0.050000,54011.788063,54011.788496,54011.838497
R529:54011.923762,0.050000,54011.923975,54011.924431,54011.974433
R530:54012.067959,0.050000,54012.068150,54012.068621,54012.118622
R531:54012.095848,0.050000,54012.096006,54012.118684,54012.168686
R532:54012.180300,0.050000,54012.180440,54012.180471,54012.230472
R533:54012.238273,0.050000,54012.238305,54012.238662,54012.288663
R534:54012.254995,0.050000,54012.255043,54012.288721,54012.338722
R535:54012.399599,0.050000,54012.399662,54012.400122,54012.450123
R536:54012.581948,0.050000,54012.582000,54012.582104,54012.632105
R537:54012.769677,0.050000,54012.769823,54012.770191,54012.820192
R538:54012.869062,0.050000,54012.869227,54012.869303,54012.919305
R539:54012.917599,0.050000,54012.917659,54012.919368,54012.969369
R540:54013.003788,0.050000,54013.004001,54013.004011,54013.054012
R541:54013.086537,0.050000,54013.086594,54013.086660,54013.136661
R542:54013.181042,0.050000,54013.181613,54013.181623,54013.231624
R543:54013.251546,0.050000,54013.252186,54013.252195,54013.302196
R544:54013.266278,0.050000,54013.266326,54013.302253,54013.352254
R545:54013.345317,0.050000,54013.345358,54013.352357,54013.402358
R546:54013.349785,0.050000,54013.352344,54013.402403,54013.452405
R547:54013.459977,0.050000,54013.460063,54013.460303,54013.510304
R548:54013.527198,0.050000,54013.527458,54013.527481,54013.577482
R549:54013.689860,0.050000,54013.689998,54013.690021,54013.740022
R550:54013.755814,0.050000,54013.756323,54013.756341,54013.806342
R551:54013.766834,0.050000,54013.766896,54013.806397,54013.856398
R552:54013.828182,0.050000,54013.828253,54013.856447,54013.906447
R553:54013.893636,0.050000,54013.893677,54013.906521,54013.956522
R554:54013.898346,0.050000,54013.906508,54013.956565,54014.006566
R555:54014.051504,0.050000,54014.051697,54014.051708,54014.101708
R556:54014.095915,0.050000,54014.095973,54014.101745,54014.151746
R557:54014.188432,0.050000,54014.188501,54014.188556,54014.238557
R558:54014.243354,0.050000,54014.243391,54014.243489,54014.293490
R559:54014.257629,0.050000,54014.257666,54014.293548,54014.343549
R560:54014.306178,0.050000,54014.306268,54014.343616,54014.393617
R561:54014.332466,0.050000,54014.343604,54014.394153,54014.444154
R562:54014.380719,0.050000,54014.385104,54014.444200,54014.494201
R563:54014.383488,0.050000,54014.385110,54014.494259,54014.544260
R564:54014.499474,0.050000,54014.499582,54014.544312,54014.594313
R565:54014.578389,0.050000,54014.578460,54014.594369,54014.644370
R566:54014.731770,0.050000,54014.732298,54014.732305,54014.782306
R567:54014.811324,0.050000,54014.811389,54014.811474,54014.861475
R568:54014.865279,0.050000,54014.865316,54014.865629,54014.915630
R569:54014.924388,0.050000,54014.924443,54014.924596,54014.974597
R570:54015.409251,0.050000,54015.409522,54015.409542,54015.459543
R571:54015.414917,0.050000,54015.414963,54015.459605,54015.509606
R572:54015.422037,0.050000,54015.422150,54015.509667,54015.559668
R573:54015.515304,0.050000,54015.515335,54015.559709,54015.609710
R574:54015.598104,0.050000,54015.598167,54015.609770,54015.659771
R575:54015.621120,0.050000,54015.621168,54015.659852,54015.709853
R576:54015.643809,0.050000,54015.659838,54015.709899,54015.759900
R577:54015.734317,0.050000,54015.734362,54015.759956,54015.809957
R578:54015.968261,0.050000,54015.968322,54015.968512,54016.018512
R579:54016.090132,0.050000,54016.090176,54016.091006,54016.141007
R580:54016.146799,0.050000,54016.146870,54016.147569,54016.197570
R581:54016.199382,0.050000,54016.199415,54016.200224,54016.250224
R582:54016.372267,0.050000,54016.372318,54016.372365,54016.422365
R583:54016.649751,0.050000,54016.649801,54016.649875,54016.699876
R584:54016.920310,0.050000,54016.920370,54016.920444,54016.970870
R585:54017.128952,0.050000,54017.128989,54017.129038,54017.179039
R586:54017.261532,0.050000,54017.261640,54017.262377,54017.312378
R587:54017.298606,0.050000,54017.298651,54017.312437,54017.364277
R588:54017.368978,0.050000,54017.369011,54017.369158,54017.419159
R589:54017.393153,0.050000,54017.409368,54017.419294,54017.469295
R590:54017.453559,0.050000,54017.453608,54017.469354,54017.519355
R591:54017.725703,0.050000,54017.725859,54017.725899,54017.775900
R592:54017.782909,0.050000,54017.782962,54017.783321,54017.833322
R593:54017.979135,0.050000,54017.979205,54017.979371,54018.029372
R594:54018.290184,0.050000,54018.291100,54018.291205,54018.341206
R595:54018.308907,0.050000,54018.309543,54018.341313,54018.391314
R596:54018.364688,0.050000,54018.365323,54018.391355,54018.441356
R597:54018.502549,0.050000,54018.502659,54018.503502,54018.553503
R598:54018.634913,0.050000,54018.635001,54018.635367,54018.685368
R599:54018.848852,0.050000,54018.848964,54018.849020,54018.899021
R600:54018.876073,0.050000,54018.876169,54018.899077,54018.949077
R601:54019.006590,0.050000,54019.006722,54019.006736,54019.056738
R602:54019.307718,0.050000,54019.307810,54019.307830,54019.357831
R603:54019.344512,0.050000,54019.344562,54019.357880,54019.407881
R604:54019.391622,0.050000,54019.391668,54019.407923,54019.457924
R605:54019.466638,0.050000,54019.466675,54019.466821,54019.516822
R606:54019.540557,0.050000,54019.540615,54019.541128,54019.591133
R607:54019.629162,0.050000,54019.629213,54019.629700,54019.679701
R608:54019.648578,0.050000,54019.648627,54019.679752,54019.729753
R609:54019.709294,0.050000,54019.709337,54019.729817,54019.779818
R610:54019.750051,0.050000,54019.750145,54019.779880,54019.829881
R611:54019.846718,0.050000,54019.846758,54019.846807,54019.896808
R612:54020.072607,0.050000,54020.072697,54020.072970,54020.122971
R613:54020.094433,0.050000,54020.094569,54020.123019,54020.173020
R614:54020.179438,0.050000,54020.179510,54020.179594,54020.229607
R615:54020.361905,0.050000,54020.361951,54020.362346,54020.412347
R616:54020.372611,0.050000,54020.372654,54020.412404,54020.462405
R617:54020.415216,0.050000,54020.415247,54020.462453,54020.512454
R618:54020.435492,0.050000,54020.435548,54020.512507,54020.562507
R619:54020.530389,0.050000,54020.530441,54020.562584,54020.612585
R620:54020.612204,0.050000,54020.612255,54020.612623,54020.662624
R621:54020.714995,0.050000,54020.715035,54020.715427,54020.765428
R622:54020.797574,0.050000,54020.797664,54020.797699,54020.847700
R623:54020.803374,0.050000,54020.803438,54020.848303,54020.898304
R624:54020.878421,0.050000,54020.878496,54020.898374,54020.948375
R625:54020.953966,0.050000,54020.953998,54020.954121,54021.004122
R626:54020.979359,0.050000,54020.994127,54021.004216,54021.054217
R627:54020.981175,0.050000,54020.994135,54021.054302,54021.104303
R628:54021.019724,0.050000,54021.019823,54021.104342,54021.154343
R629:54021.020906,0.050000,54021.054286,54021.154395,54021.204410
R630:54021.255143,0.050000,54021.255331,54021.255342,54021.305343
R631:54021.339032,0.050000,54021.339184,54021.339195,54021.389196
R632:54021.473087,0.050000,54021.473719,54021.473802,54021.523803
R633:54021.672458,0.050000,54021.672550,54021.672717,54021.722719
R634:54021.918928,0.050000,54021.918990,54021.919048,54021.969049
R635:54021.936372,0.050000,54021.936520,54021.969109,54022.019110
R636:54021.990636,0.050000,54021.990709,54022.019161,54022.069163
R637:54022.051889,0.050000,54022.051931,54022.069236,54022.119237
R638:54022.196226,0.050000,54022.196276,54022.196591,54022.246592
R639:54022.289115,0.050000,54022.289164,54022.289387,54022.339388
R640:54022.595855,0.050000,54022.595945,54022.596317,54022.646324
R641:54022.611600,0.050000,54022.611653,54022.646367,54022.696368
R642:54022.643260,0.050000,54022.643306,54022.696423,54022.746424
R643:54022.837797,0.050000,54022.837831,54022.838173,54022.888174
R644:54022.879327,0.050000,54022.879356,54022.888219,54022.938220
R645:54023.088233,0.050000,54023.088287,54023.088791,54023.138792
R646:54023.213558,0.050000,54023.213643,54023.214367,54023.264368
R647:54023.272435,0.050000,54023.272494,54023.273328,54023.323330
R648:54023.301699,0.050000,54023.301749,54023.323448,54023.373449
R649:54023.568276,0.050000,54023.568332,54023.568845,54023.618846
R650:54023.580264,0.050000,54023.609185,54023.618885,54023.668886
R651:54023.762837,0.050000,54023.762893,54023.763497,54023.813498
R652:54023.851684,0.050000,54023.851733,54023.852097,54023.902098
R653:54023.967133,0.050000,54023.967173,54023.967533,54024.017534
R654:54024.202161,0.050000,54024.202224,54024.202753,54024.252753
R655:54024.220882,0.050000,54024.220956,54024.252788,54024.302788
R656:54024.251302,0.050000,54024.251363,54024.302867,54024.352868
R657:54024.268057,0.050000,54024.268153,54024.352904,54024.402907
R658:54024.288836,0.050000,54024.302854,54024.402942,54024.452943
R659:54024.378376,0.050000,54024.378439,54024.452985,54024.505851
R660:54024.396279,0.050000,54024.396332,54024.505914,54024.555915
R661:54024.408817,0.050000,54024.408841,54024.555976,54024.605977
R662:54024.432702,0.050000,54024.449259,54024.606036,54024.656037
R663:54024.699811,0.050000,54024.699858,54024.699943,54024.749944
R664:54024.701183,0.050000,54024.740260,54024.749998,54024.799998
R665:54024.717170,0.050000,54024.740263,54024.800041,54024.850042
R666:54024.728838,0.050000,54024.740264,54024.850073,54024.900074
R667:54024.785257,0.050000,54024.785304,54024.900130,54024.950714
R668:54024.880454,0.050000,54024.880503,54024.950764,54025.000765
R669:54025.104900,0.050000,54025.104950,54025.104998,54025.154999
R670:54025.114690,0.050000,54025.145250,54025.155056,54025.205070
R671:54025.201348,0.050000,54025.201397,54025.205112,54025.255112
R672:54025.208100,0.050000,54025.208117,54025.255143,54025.305167
R673:54025.253845,0.050000,54025.253877,54025.305221,54025.355222
R674:54025.316645,0.050000,54025.316682,54025.355279,54025.405280
R675:54025.369211,0.050000,54025.369253,54025.405380,54025.455381
R676:54025.401503,0.050000,54025.405365,54025.455445,54025.505445
R677:54025.427584,0.050000,54025.444202,54025.505519,54025.555520
R678:54025.649264,0.050000,54025.649357,54025.649370,54025.699371
R679:54025.726543,0.050000,54025.727107,54025.727116,54025.777117
R680:54025.745895,0.050000,54025.745945,54025.777204,54025.827242
R681:54025.749206,0.050000,54025.749238,54025.827313,54025.877314
R682:54025.800872,0.050000,54025.800908,54025.877366,54025.927367
R683:54025.954240,0.050000,54025.954280,54025.954817,54026.005082
R684:54026.081886,0.050000,54026.081999,54026.082176,54026.132194
R685:54026.122333,0.050000,54026.122438,54026.132927,54026.182928
R686:54026.686170,0.050000,54026.686259,54026.686314,54026.736315
R687:54026.689821,0.050000,54026.727101,54026.736369,54026.786369
R688:54026.757283,0.050000,54026.757349,54026.786441,54026.836442
R689:54026.777801,0.050000,54026.786428,54026.836489,54026.886490
R690:54026.876456,0.050000,54026.876565,54026.886526,54026.936527
R691:54026.986038,0.050000,54026.986463,54026.986486,54027.036486
R692:54027.022331,0.050000,54027.026157,54027.036529,54027.086541
R693:54027.222525,0.050000,54027.222954,54027.222963,54027.272964
R694:54027.317244,0.050000,54027.317330,54027.317945,54027.367946
R695:54027.355399,0.050000,54027.355455,54027.368011,54027.418012
R696:54027.360804,0.050000,54027.360868,54027.418091,54027.478662
R697:54027.493391,0.050000,54027.493454,54027.493572,54027.543573
R698:54027.641494,0.050000,54027.641558,54027.642306,54027.692796
R699:54027.750704,0.050000,54027.750777,54027.750826,54027.800826
R700:54027.855097,0.050000,54027.855161,54027.855264,54027.905265
R701:54028.068438,0.050000,54028.068492,54028.068919,54028.118920
R702:54028.102651,0.050000,54028.102681,54028.118955,54028.168956
R703:54028.229675,0.050000,54028.229768,54028.230106,54028.280107
R704:54028.262031,0.050000,54028.271262,54028.280719,54028.330735
R705:54028.412810,0.050000,54028.412937,54028.413591,54028.463592
R706:54028.432206,0.050000,54028.458593,54028.463642,54028.513703
R707:54028.513800,0.050000,54028.513823,54028.514384,54028.564385
R708:54028.518951,0.050000,54028.555169,54028.564442,54028.614443
R709:54028.528771,0.050000,54028.555172,54028.614490,54028.664520
R710:54028.544491,0.050000,54028.555173,54028.664578,54028.714579
R711:54028.570035,0.050000,54028.570073,54028.714630,54028.773053
R712:54028.583522,0.050000,54028.610316,54028.773172,54028.823179
R713:54028.664539,0.050000,54028.664565,54028.823372,54028.873372
R714:54028.670285,0.050000,54028.705285,54028.873491,54028.923492
R715:54028.871505,0.050000,54028.871744,54028.923548,54028.973549
R716:54029.136386,0.050000,54029.136442,54029.136469,54029.186470
R717:54029.141841,0.050000,54029.178281,54029.186508,54029.237522
R718:54029.377765,0.050000,54029.377869,54029.377975,54029.427976
R719:54029.435552,0.050000,54029.435740,54029.438304,54029.488306
R720:54029.462912,0.050000,54029.462967,54029.488376,54029.538377
R721:54029.543424,0.050000,54029.543504,54029.543613,54029.593614
R722:54029.560449,0.050000,54029.585142,54029.593675,54029.643675
R723:54029.640475,0.050000,54029.640608,54029.643725,54029.693726
R724:54029.699570,0.050000,54029.699589,54029.699700,54029.749701
R725:54029.853332,0.050000,54029.853418,54029.853581,54029.903582
R726:54030.090434,0.050000,54030.090496,54030.090535,54030.140536
R727:54030.158520,0.050000,54030.158557,54030.158932,54030.208934
R728:54030.237998,0.050000,54030.238126,54030.238187,54030.288188
R729:54030.357049,0.050000,54030.357112,54030.357591,54030.407599
R730:54030.380393,0.050000,54030.380603,54030.407651,54030.457652
R731:54030.408544,0.050000,54030.408571,54030.457723,54030.508122
R732:54030.500301,0.050000,54030.500332,54030.508199,54030.558223
R733:54030.570865,0.050000,54030.570986,54030.571120,54030.621121
R734:54030.572974,0.050000,54030.611249,54030.621181,54030.671182
R735:54030.816995,0.050000,54030.817048,54030.817577,54030.867578
R736:54030.855983,0.050000,54030.857139,54030.867628,54030.917629
R737:54030.877285,0.050000,54030.877443,54030.917691,54030.967692
R738:54030.944748,0.050000,54030.944870,54030.967747,54031.017748
R739:54030.992086,0.050000,54030.992174,54031.018681,54031.068682
R740:54031.046367,0.050000,54031.046430,54031.068748,54031.118749
R741:54031.150502,0.050000,54031.150555,54031.150605,54031.200606
R742:54031.245171,0.050000,54031.245232,54031.245257,54031.295270
R743:54031.298740,0.050000,54031.298806,54031.298914,54031.348915
R744:54031.327454,0.050000,54031.327488,54031.349152,54031.399152
R745:54031.438074,0.050000,54031.438118,54031.438169,54031.488193
R746:54031.475133,0.050000,54031.480392,54031.488246,54031.538247
R747:54031.498475,0.050000,54031.498525,54031.538873,54031.588874
R748:54031.628045,0.050000,54031.628102,54031.628314,54031.678315
R749:54031.658763,0.050000,54031.668292,54031.678375,54031.728375
R750:54031.763446,0.050000,54031.763493,54031.776054,54031.826059
R751:54031.775536,0.050000,54031.802242,54031.826118,54031.876119
R752:54031.945247,0.050000,54031.945297,54031.945495,54031.997381
R753:54032.119358,0.050000,54032.119478,54032.120135,54032.170136
R754:54032.203069,0.050000,54032.203164,54032.203277,54032.253279
R755:54032.238525,0.050000,54032.238698,54032.253322,54032.303323
R756:54032.339004,0.050000,54032.339089,54032.339253,54032.390406
R757:54032.407236,0.050000,54032.407292,54032.407478,54032.457479
R758:54032.578643,0.050000,54032.578680,54032.579156,54032.630392
R759:54032.604950,0.050000,54032.605012,54032.630913,54032.680914
R760:54032.631982,0.050000,54032.632019,54032.680986,54032.730987
R761:54032.639093,0.050000,54032.675409,54032.731050,54032.781089
R762:54032.704870,0.050000,54032.704970,54032.781380,54032.831381
R763:54032.905769,0.050000,54032.905832,54032.905964,54032.955965
R764:54032.991901,0.050000,54032.991958,54032.992491,54033.042492
R765:54033.060891,0.050000,54033.060945,54033.061405,54033.111406
R766:54033.217637,0.050000,54033.217807,54033.217895,54033.267896
R767:54033.508288,0.050000,54033.508348,54033.508554,54033.558555
R768:54033.629752,0.050000,54033.629831,54033.629898,54033.679899
R769:54033.668298,0.050000,54033.668365,54033.679983,54033.729984
R770:54033.709057,0.050000,54033.709145,54033.730066,54033.780448
R771:54033.713337,0.050000,54033.730051,54033.780505,54033.830508
R772:54033.715702,0.050000,54033.730053,54033.830611,54033.880611
R773:54033.716298,0.050000,54033.730055,54033.880698,54033.930699
R774:54033.777366,0.050000,54033.777432,54033.930762,54033.980763
R775:54033.809227,0.050000,54033.809273,54033.980965,54034.030965
R776:54033.921564,0.050000,54033.921615,54034.031038,54034.081083
R777:54034.077952,0.050000,54034.077999,54034.081166,54034.131167
R778:54034.142820,0.050000,54034.142954,54034.143082,54034.193109
R779:54034.200577,0.050000,54034.200634,54034.200736,54034.250839
R780:54034.208320,0.050000,54034.208369,54034.250901,54034.300902
R781:54034.227864,0.050000,54034.227911,54034.300962,54034.350963
R782:54034.288345,0.050000,54034.288408,54034.351016,54034.401017
R783:54034.522168,0.050000,54034.522405,54034.523594,54034.573596
R784:54034.526543,0.050000,54034.564094,54034.573680,54034.623681
R785:54034.534623,0.050000,54034.564097,54034.623732,54034.673835
R786:54034.560231,0.050000,54034.564098,54034.673919,54034.723920
R787:54034.673346,0.050000,54034.673398,54034.723975,54034.773976
R788:54034.760049,0.050000,54034.760140,54034.774064,54034.824064
R789:54034.769719,0.050000,54034.774050,54034.824116,54034.874116
R790:54035.066203,0.050000,54035.066265,54035.066827,54035.116828
R791:54035.250083,0.050000,54035.250161,54035.250246,54035.300248
R792:54035.266910,0.050000,54035.266961,54035.300323,54035.350325
R793:54035.325816,0.050000,54035.325859,54035.350398,54035.400398
R794:54035.454686,0.050000,54035.454736,54035.455192,54035.505193
R795:54035.591434,0.050000,54035.591493,54035.592020,54035.642021
R796:54035.592183,0.050000,54035.592202,54035.642083,54035.692084
R797:54035.670827,0.050000,54035.670879,54035.692126,54035.742157
R798:54035.792345,0.050000,54035.792407,54035.793640,54035.843641
R799:54035.916266,0.050000,54035.916323,54035.916868,54035.966869
R800:54036.148972,0.050000,54036.149063,54036.149161,54036.199162
R801:54036.158351,0.050000,54036.158413,54036.199260,54036.249261
R802:54036.299344,0.050000,54036.299439,54036.299600,54036.349601
R803:54036.565614,0.050000,54036.565675,54036.566079,54036.616079
R804:54036.575520,0.050000,54036.575573,54036.616143,54036.666143
R805:54036.604893,0.050000,54036.604950,54036.666297,54036.716300
R806:54036.629933,0.050000,54036.629979,54036.716367,54036.766369
R807:54036.780992,0.050000,54036.781031,54036.781313,54036.831314
R808:54036.791615,0.050000,54036.821203,54036.831388,54036.881389
R809:54036.918778,0.050000,54036.918836,54036.926209,54036.976210
R810:54036.948670,0.050000,54036.952247,54036.976253,54037.028886
R811:54036.966206,0.050000,54036.966253,54037.028955,54037.078956
R812:54037.218811,0.050000,54037.218887,54037.218962,54037.268963
R813:54037.349064,0.050000,54037.349104,54037.349934,54037.399935
R814:54037.358415,0.050000,54037.358465,54037.400005,54037.450006
R815:54037.721766,0.050000,54037.721820,54037.721967,54037.771968
R816:54037.891631,0.050000,54037.891722,54037.891810,54037.941811
R817:54037.929855,0.050000,54037.929953,54037.941878,54037.991879
R818:54038.037351,0.050000,54038.037887,54038.038017,54038.088018
R819:54038.092922,0.050000,54038.092973,54038.093111,54038.143112
R820:54038.144890,0.050000,54038.144968,54038.145084,54038.195086
R821:54038.241557,0.050000,54038.241610,54038.241663,54038.291663
R822:54038.277313,0.050000,54038.277384,54038.291738,54038.341739
R823:54038.360960,0.050000,54038.361014,54038.361223,54038.411232
R824:54038.374191,0.050000,54038.401328,54038.411286,54038.461287
R825:54038.382274,0.050000,54038.401335,54038.461430,54038.511431
R826:54038.426683,0.050000,54038.426808,54038.511481,54038.561482
R827:54038.441362,0.050000,54038.461404,54038.561529,54038.613127
R828:54038.540463,0.050000,54038.540864,54038.613184,54038.672223
R829:54038.553512,0.050000,54038.553562,54038.672281,54038.722281
R830:54038.747027,0.050000,54038.747080,54038.747555,54038.797556
R831:54038.826682,0.050000,54038.826767,54038.827990,54038.877990
R832:54038.848377,0.050000,54038.848425,54038.878054,54038.928091
R833:54038.948818,0.050000,54038.948860,54038.949004,54038.999005
R834:54039.017355,0.050000,54039.017546,54039.017608,54039.067609
R835:54039.051805,0.050000,54039.051983,54039.067765,54039.117766
R836:54039.312969,0.050000,54039.313018,54039.313118,54039.363119
R837:54039.445998,0.050000,54039.446053,54039.446182,54039.496183
R838:54039.457989,0.050000,54039.458026,54039.496239,54039.546344
R839:54039.461625,0.050000,54039.461658,54039.546394,54039.596395
R840:54039.527489,0.050000,54039.527529,54039.596569,54039.646570
R841:54039.574014,0.050000,54039.574082,54039.646621,54039.696622
R842:54039.596195,0.050000,54039.596556,54039.696674,54039.746674
R843:54039.652089,0.050000,54039.652191,54039.746711,54039.796712
R844:54039.668535,0.050000,54039.668762,54039.796771,54039.846772
R845:54039.703017,0.050000,54039.703109,54039.846826,54039.896828
R846:54039.755377,0.050000,54039.755463,54039.896885,54039.946886
R847:54039.756675,0.050000,54039.757084,54039.946959,54039.996959
R848:54039.852774,0.050000,54039.852828,54039.997014,54040.047015
R849:54039.865430,0.050000,54039.865491,54040.047071,54040.097072
R850:54039.922866,0.050000,54039.922920,54040.097156,54040.147157
R851:54039.931323,0.050000,54039.946945,54040.147207,54040.197208
R852:54040.069359,0.050000,54040.069420,54040.197323,54040.247324
R853:54040.209822,0.050000,54040.209885,54040.247385,54040.297386
R854:54040.315078,0.050000,54040.315129,54040.315269,54040.365272
R855:54040.535125,0.050000,54040.535187,54040.536428,54040.586429
R856:54040.718809,0.050000,54040.719254,54040.719266,54040.769267
R857:54040.724859,0.050000,54040.724912,54040.769327,54040.819328
R858:54040.729349,0.050000,54040.729378,54040.819370,54040.871321
R859:54040.797512,0.050000,54040.797576,54040.871405,54040.921406
R860:54040.815396,0.050000,54040.815446,54040.921467,54040.971468
R861:54041.054565,0.050000,54041.054620,54041.054724,54041.104725
R862:54041.065270,0.050000,54041.095333,54041.104778,54041.154779
R863:54041.109978,0.050000,54041.110024,54041.154828,54041.204829
R864:54041.192530,0.050000,54041.192584,54041.204887,54041.254888
R865:54041.285125,0.050000,54041.285172,54041.285254,54041.335255
R866:54041.394870,0.050000,54041.394932,54041.395735,54041.445736
R867:54041.465523,0.050000,54041.465584,54041.466096,54041.516097
R868:54041.513267,0.050000,54041.513304,54041.516139,54041.566140
R869:54041.670530,0.050000,54041.670570,54041.670647,54041.720648
R870:54041.749032,0.050000,54041.749094,54041.749804,54041.799805
R871:54041.980553,0.050000,54041.980613,54041.980734,54042.030735
R872:54042.003500,0.050000,54042.003554,54042.030786,54042.080787
R873:54042.145258,0.050000,54042.145344,54042.145383,54042.195384
R874:54042.187994,0.050000,54042.188018,54042.195444,54042.245445
R875:54042.231833,0.050000,54042.231868,54042.245492,54042.295493
R876:54042.241286,0.050000,54042.245481,54042.295543,54042.345544
R877:54042.391357,0.050000,54042.391497,54042.391508,54042.441509
R878:54042.436004,0.050000,54042.436043,54042.441549,54042.491550
R879:54042.561239,0.050000,54042.561289,54042.561838,54042.611839
R880:54042.808743,0.050000,54042.808801,54042.809438,54042.859439
R881:54042.980964,0.050000,54042.981033,54042.981091,54043.031092
R882:54043.143094,0.050000,54043.143150,54043.143627,54043.193627
R883:54043.257138,0.050000,54043.257176,54043.257244,54043.307245
R884:54043.348944,0.050000,54043.348998,54043.349094,54043.399095
R885:54043.415059,0.050000,54043.415145,54043.415658,54043.465659
R886:54043.504287,0.050000,54043.504324,54043.504679,54043.554680
R887:54043.567823,0.050000,54043.567896,54043.568427,54043.618428
R888:54043.646573,0.050000,54043.646636,54043.647539,54043.697539
R889:54043.747988,0.050000,54043.748024,54043.748433,54043.798434
R890:54043.750796,0.050000,54043.750829,54043.798478,54043.848479
R891:54043.879149,0.050000,54043.879275,54043.879894,54043.929895
R892:54043.962583,0.050000,54043.962676,54043.963008,54044.013009
R893:54043.976351,0.050000,54043.976405,54044.013143,54044.063144
R894:54043.990601,0.050000,54043.990658,54044.063191,54044.113192
R895:54044.010545,0.050000,54044.010602,54044.113249,54044.163275
R896:54044.147396,0.050000,54044.147452,54044.163335,54044.213335
R897:54044.316703,0.050000,54044.316772,54044.325789,54044.375790
R898:54044.437707,0.050000,54044.437765,54044.438358,54044.488359
R899:54044.458447,0.050000,54044.458521,54044.488409,54044.538410
R900:54044.558863,0.050000,54044.558928,54044.562113,54044.612114
R901:54044.593353,0.050000,54044.598118,54044.612196,54044.662197
R902:54044.603698,0.050000,54044.603722,54044.662505,54044.712511
R903:54044.803290,0.050000,54044.803336,54044.804235,54044.854236
R904:54044.813211,0.050000,54044.848171,54044.854357,54044.904490
R905:54044.872691,0.050000,54044.872741,54044.904557,54044.954558
R906:54044.901470,0.050000,54044.904572,54044.954589,54045.004591
R907:54044.921922,0.050000,54044.946191,54045.004631,54045.054632
R908:54044.952838,0.050000,54044.952880,54045.054695,54045.104717
R909:54045.051806,0.050000,54045.051868,54045.104802,54045.163214
R910:54045.319020,0.050000,54045.319148,54045.319159,54045.369160
R911:54045.341976,0.050000,54045.360190,54045.369239,54045.419240
R912:54045.406324,0.050000,54045.406374,54045.419304,54045.469305
R913:54045.543483,0.050000,54045.543652,54045.543664,54045.593665
R914:54045.795191,0.050000,54045.801076,54045.801091,54045.851092
R915:54045.809282,0.050000,54045.809357,54045.851166,54045.901167
R916:54045.841772,0.050000,54045.841862,54045.901272,54045.951273
R917:54045.916773,0.050000,54045.916824,54045.951325,54046.002777
R918:54046.011000,0.050000,54046.011048,54046.011121,54046.061122
R919:54046.199014,0.050000,54046.199071,54046.199580,54046.249581
R920:54046.223254,0.050000,54046.223300,54046.249617,54046.300448
R921:54046.325260,0.050000,54046.325326,54046.325630,54046.375632
R922:54046.415622,0.050000,54046.415718,54046.415820,54046.465821
R923:54046.578249,0.050000,54046.578297,54046.578808,54046.628809
R924:54046.730782,0.050000,54046.730834,54046.731199,54046.781200
R925:54046.866545,0.050000,54046.867075,54046.867089,54046.917090
R926:54046.873707,0.050000,54046.873758,54046.917154,54046.967155
R927:54046.955025,0.050000,54046.955075,54046.967208,54047.017209
R928:54047.042795,0.050000,54047.042886,54047.042977,54047.092978
R929:54047.174338,0.050000,54047.174390,54047.174901,54047.224902
R930:54047.309996,0.050000,54047.310065,54047.310822,54047.361363
R931:54047.340559,0.050000,54047.340630,54047.361421,54047.411422
R932:54047.347956,0.050000,54047.348023,54047.411478,54047.461479
R933:54047.540939,0.050000,54047.541684,54047.541962,54047.591963
R934:54047.558395,0.050000,54047.582386,54047.592018,54047.642018
R935:54047.576409,0.050000,54047.582407,54047.642071,54047.692072
R936:54047.617019,0.050000,54047.617069,54047.692131,54047.742132
R937:54047.670348,0.050000,54047.670412,54047.742207,54047.792332
R938:54047.713767,0.050000,54047.713817,54047.792384,54047.842385
R939:54047.808703,0.050000,54047.808749,54047.842464,54047.892465
R940:54047.818487,0.050000,54047.842451,54047.892511,54047.942512
R941:54047.854402,0.050000,54047.883323,54047.942561,54047.992562
R942:54048.039578,0.050000,54048.039707,54048.039720,54048.089721
R943:54048.124782,0.050000,54048.124975,54048.124987,54048.174988
R944:54048.134928,0.050000,54048.134975,54048.175039,54048.225040
R945:54048.283987,0.050000,54048.284021,54048.284821,54048.334822
R946:54048.410040,0.050000,54048.411153,54048.411240,54048.461240
R947:54048.457863,0.050000,54048.457914,54048.461308,54048.511309
R948:54048.500754,0.050000,54048.500816,54048.511390,54048.561391
R949:54048.546669,0.050000,54048.546716,54048.561457,54048.614555
R950:54048.575937,0.050000,54048.576031,54048.614668,54048.667157
R951:54048.663941,0.050000,54048.664625,54048.667221,54048.717236
R952:54048.676110,0.050000,54048.676199,54048.717302,54048.767303
R953:54048.887088,0.050000,54048.887140,54048.887683,54048.937684
R954:54048.938800,0.050000,54048.938881,54048.944305,54048.994306
R955:54049.132674,0.050000,54049.133308,54049.133318,54049.183319
R956:54049.234973,0.050000,54049.235171,54049.235182,54049.285183
R957:54049.291223,0.050000,54049.291269,54049.291555,54049.341555
R958:54049.349320,0.050000,54049.349362,54049.349788,54049.399789
R959:54049.380887,0.050000,54049.380946,54049.399848,54049.449848
R960:54049.404118,0.050000,54049.404151,54049.449884,54049.499885
R961:54049.430059,0.050000,54049.445234,54049.499918,54049.549919
R962:54049.508553,0.050000,54049.508584,54049.549954,54049.599955
R963:54049.542195,0.050000,54049.549122,54049.600007,54049.650008
R964:54049.555523,0.050000,54049.555560,54049.650055,54049.700081
R965:54049.682662,0.050000,54049.682720,54049.700130,54049.750146
R966:54049.743697,0.050000,54049.743738,54049.750186,54049.800189
R967:54049.805313,0.050000,54049.805353,54049.805461,54049.855461
R968:54049.825535,0.050000,54049.846669,54049.855495,54049.905496
R969:54050.003636,0.050000,54050.003686,54050.004187,54050.054198
R970:54050.016768,0.050000,54050.044352,54050.054227,54050.104228
R971:54050.048376,0.050000,54050.048396,54050.104311,54050.154312
R972:54050.067162,0.050000,54050.067206,54050.154344,54050.204345
R973:54050.067529,0.050000,54050.104298,54050.204395,54050.254396
R974:54050.277626,0.050000,54050.277717,54050.277727,54050.327728
R975:54050.309314,0.050000,54050.309370,54050.327783,54050.377784
R976:54050.459882,0.050000,54050.459954,54050.460635,54050.510636
R977:54050.555594,0.050000,54050.555652,54050.556167,54050.613747
R978:54050.661480,0.050000,54050.661545,54050.661623,54050.711624
R979:54050.679326,0.050000,54050.679380,54050.711663,54050.761663
R980:54050.683601,0.050000,54050.683645,54050.761730,54050.811731
R981:54050.975724,0.050000,54050.975957,54050.976161,54051.026162
R982:54051.111513,0.050000,54051.112342,54051.112355,54051.162357
R983:54051.122558,0.050000,54051.122766,54051.162426,54051.212427
R984:54051.302408,0.050000,54051.302465,54051.303379,54051.353380
R985:54051.324725,0.050000,54051.343150,54051.353440,54051.403442
R986:54051.792909,0.050000,54051.793094,54051.793111,54051.843112
R987:54051.862875,0.050000,54051.863077,54051.863259,54051.913317
R988:54051.963293,0.050000,54051.963377,54051.963456,54052.013456
R989:54052.020568,0.050000,54052.021158,54052.021247,54052.071318
R990:54052.181189,0.050000,54052.181355,54052.181365,54052.231366
R991:54052.383941,0.050000,54052.384000,54052.384049,54052.434050
R992:54052.497217,0.050000,54052.497256,54052.497810,54052.547811
R993:54052.544558,0.050000,54052.544602,54052.547875,54052.597876
R994:54052.564250,0.050000,54052.564300,54052.597925,54052.647926
R995:54052.729874,0.050000,54052.729923,54052.730495,54052.780496
R996:54052.745257,0.050000,54052.771113,54052.780543,54052.830545
R997:54052.847150,0.050000,54052.847189,54052.847655,54052.897656
R998:54052.882834,0.050000,54052.887116,54052.897688,54052.947688
R999:54052.921752,0.050000,54052.921782,54052.947739,54052.997740
R1000:54052.991767,0.050000,54052.991805,54052.997768,54053.047769
R1001:54053.048953,0.050000,54053.049017,54053.049591,54053.099592
R1002:54053.143339,0.050000,54053.143386,54053.143876,54053.193877
R1003:54053.265801,0.050000,54053.265964,54053.266662,54053.316662
R1004:54053.322106,0.050000,54053.322187,54053.329224,54053.379346
R1005:54053.393725,0.050000,54053.393784,54053.395134,54053.448967
R1006:54053.394563,0.050000,54053.394674,54053.457623,54053.507624
R1007:54053.425123,0.050000,54053.425888,54053.507663,54053.557716
R1008:54053.446268,0.050000,54053.446319,54053.557873,54053.607874
R1009:54053.554441,0.050000,54053.554492,54053.607908,54053.657909
R1010:54053.609916,0.050000,54053.609969,54053.657974,54053.707975
R1011:54053.635477,0.050000,54053.635557,54053.708023,54053.758024
R1012:54053.734195,0.050000,54053.734302,54053.758144,54053.808153
R1013:54053.757192,0.050000,54053.758123,54053.808282,54053.858283
R1014:54053.797930,0.050000,54053.800178,54053.858313,54053.908314
R1015:54053.863797,0.050000,54053.863840,54053.908374,54053.958374
R1016:54053.914554,0.050000,54053.914598,54053.958404,54054.008405
R1017:54053.952957,0.050000,54053.953014,54054.008437,54054.058438
R1018:54053.957873,0.050000,54053.957903,54054.058485,54054.108485
R1019:54053.966954,0.050000,54053.966973,54054.108566,54054.158568
R1020:54054.117768,0.050000,54054.117852,54054.158619,54054.208620
R1021:54054.309998,0.050000,54054.310406,54054.310418,54054.360422
R1022:54054.702537,0.050000,54054.702694,54054.702705,54054.752706
R1023:54054.769646,0.050000,54054.769876,54054.769909,54054.819910
R1024:54054.800190,0.050000,54054.800292,54054.819961,54054.869979
R1025:54054.818448,0.050000,54054.818511,54054.870017,54054.920018
R1026:54054.859143,0.050000,54054.859201,54054.920116,54054.970118
R1027:54054.911856,0.050000,54054.911887,54054.970265,54055.020267
R1028:54055.086813,0.050000,54055.086880,54055.086980,54055.136982
R1029:54055.191493,0.050000,54055.191549,54055.191605,54055.241606
R1030:54055.331859,0.050000,54055.331924,54055.332641,54055.382642
R1031:54055.376379,0.050000,54055.376435,54055.382691,54055.432692
R1032:54055.390255,0.050000,54055.390310,54055.432732,54055.482733
R1033:54055.440934,0.050000,54055.440988,54055.482802,54055.532803
R1034:54055.450967,0.050000,54055.451012,54055.532853,54055.582854
R1035:54055.534456,0.050000,54055.534478,54055.582902,54055.632903
R1036:54055.846593,0.050000,54055.847155,54055.847165,54055.897166
R1037:54055.857224,0.050000,54055.857276,54055.897471,54055.947472
R1038:54056.042179,0.050000,54056.042351,54056.042421,54056.092422
R1039:54056.058153,0.050000,54056.058216,54056.092582,54056.142584
R1040:54056.205796,0.050000,54056.205836,54056.206418,54056.256421
R1041:54056.240082,0.050000,54056.246345,54056.256478,54056.306479
R1042:54056.285941,0.050000,54056.285970,54056.306537,54056.356538
R1043:54056.341753,0.050000,54056.341797,54056.356592,54056.406594
R1044:54056.411189,0.050000,54056.411243,54056.411563,54056.461564
R1045:54056.535625,0.050000,54056.535845,54056.536610,54056.586612
R1046:54056.854873,0.050000,54056.855138,54056.855172,54056.905173
R1047:54057.145043,0.050000,54057.145253,54057.145265,54057.195266
R1048:54057.153621,0.050000,54057.153650,54057.195330,54057.245331
R1049:54057.155572,0.050000,54057.155592,54057.245391,54057.295392
R1050:54057.160597,0.050000,54057.160632,54057.295446,54057.345447
R1051:54057.368233,0.050000,54057.368299,54057.368454,54057.418455
R1052:54057.577273,0.050000,54057.577585,54057.577592,54057.627593
R1053:54057.581089,0.050000,54057.581137,54057.627667,54057.677667
R1054:54057.630584,0.050000,54057.630650,54057.677716,54057.727717
R1055:54057.649221,0.050000,54057.649300,54057.727774,54057.777774
R1056:54057.671944,0.050000,54057.672005,54057.778597,54057.828598
R1057:54057.809057,0.050000,54057.809107,54057.828657,54057.878658
R1058:54057.897803,0.050000,54057.897850,54057.897967,54057.947968
R1059:54057.904902,0.050000,54057.938297,54057.948029,54057.998030
R1060:54057.961265,0.050000,54057.961314,54057.998091,54058.048092
R1061:54058.009259,0.050000,54058.009308,54058.048178,54058.098179
R1062:54058.065401,0.050000,54058.065448,54058.098241,54058.148242
R1063:54058.149220,0.050000,54058.149244,54058.149320,54058.199321
R1064:54058.313440,0.050000,54058.313569,54058.313581,54058.363582
R1065:54058.388883,0.050000,54058.389053,54058.389063,54058.439065
R1066:54058.409543,0.050000,54058.409603,54058.439136,54058.489138
R1067:54058.557455,0.050000,54058.557624,54058.557635,54058.607636
R1068:54058.659135,0.050000,54058.659367,54058.659377,54058.709378
R1069:54058.666115,0.050000,54058.666184,54058.709429,54058.759429
R1070:54058.964857,0.050000,54058.964902,54058.964952,54059.014953
R1071:54059.023612,0.050000,54059.023756,54059.023766,54059.073767
R1072:54059.067892,0.050000,54059.067948,54059.073826,54059.123827
R1073:54059.108336,0.050000,54059.108406,54059.123880,54059.173881
R1074:54059.351344,0.050000,54059.351520,54059.351531,54059.401532
R1075:54059.577592,0.050000,54059.578211,54059.578219,54059.628220
R1076:54059.587656,0.050000,54059.587715,54059.628282,54059.678283
R1077:54059.797928,0.050000,54059.798085,54059.798096,54059.848097
R1078:54059.987555,0.050000,54059.987680,54059.987822,54060.037823
R1079:54060.007161,0.050000,54060.007208,54060.037887,54060.087888
R1080:54060.238527,0.050000,54060.238600,54060.239631,54060.289632
R1081:54060.478730,0.050000,54060.478823,54060.478968,54060.528969
R1082:54060.487493,0.050000,54060.487560,54060.529033,54060.579058
R1083:54060.643986,0.050000,54060.644040,54060.644467,54060.694468
R1084:54060.958255,0.050000,54060.958775,54060.958784,54061.008785
R1085:54061.023047,0.050000,54061.023170,54061.023186,54061.073186
R1086:54061.023569,0.050000,54061.023590,54061.073236,54061.123236
R1087:54061.042613,0.050000,54061.042674,54061.123276,54061.173276
R1088:54061.073491,0.050000,54061.073519,54061.173326,54061.223327
R1089:54061.163739,0.050000,54061.163776,54061.223382,54061.273383
R1090:54061.192097,0.050000,54061.192141,54061.273420,54061.323421
R1091:54061.318223,0.050000,54061.318294,54061.323519,54061.373520
R1092:54061.321737,0.050000,54061.323507,54061.373578,54061.423579
R1093:54061.438311,0.050000,54061.438367,54061.438449,54061.488450
R1094:54061.477927,0.050000,54061.477985,54061.488512,54061.538513
R1095:54061.665104,0.050000,54061.665260,54061.665340,54061.715341
R1096:54061.695856,0.050000,54061.706303,54061.715392,54061.765393
R1097:54061.769099,0.050000,54061.769133,54061.769547,54061.819548
R1098:54061.871571,0.050000,54061.871620,54061.871899,54061.921899
R1099:54062.159310,0.050000,54062.159405,54062.159534,54062.209535
R1100:54062.248439,0.050000,54062.248643,54062.248653,54062.298654
R1101:54062.340976,0.050000,54062.341166,54062.341177,54062.391178
R1102:54062.392670,0.050000,54062.392836,54062.392845,54062.442846
R1103:54062.393567,0.050000,54062.393588,54062.442903,54062.492904
R1104:54062.896546,0.050000,54062.896598,54062.897157,54062.947158
R1105:54062.937823,0.050000,54062.937882,54062.947222,54063.997223
R1106:54063.174081,0.050000,54063.174165,54063.997277,54064.047278
R1107:54063.183884,0.050000,54063.215141,54064.047346,54064.097347
R1108:54063.212102,0.050000,54063.215146,54064.097404,54064.147405
R1109:54063.359187,0.050000,54063.359257,54064.147445,54064.197446
R1110:54063.390610,0.050000,54063.390673,54064.197496,54064.247497
R1111:54063.409451,0.050000,54063.409507,54064.247575,54064.297576
R1112:54063.528526,0.050000,54063.528578,54064.297678,54064.347679
R1113:54063.572172,0.050000,54063.572209,54064.347741,54064.397742
R1114:54063.572882,0.050000,54063.572901,54064.397801,54064.447802
R1115:54063.682588,0.050000,54063.682725,54064.447843,54064.497844
R1116:54063.883544,0.050000,54063.883596,54064.497898,54064.547898
R1117:54063.884968,0.050000,54063.885010,54064.548470,54064.598471
R1118:54064.083007,0.050000,54064.083060,54064.598529,54064.648530
R1119:54064.100999,0.050000,54064.101055,54064.648581,54064.698582
R1120:54064.193847,0.050000,54064.193891,54064.698640,54064.748641
R1121:54064.208526,0.050000,54064.208564,54064.748692,54064.798693
R1122:54064.444585,0.050000,54064.444632,54064.798744,54064.848745
R1123:54064.547084,0.050000,54064.547128,54064.848779,54064.898780
R1124:54064.732706,0.050000,54064.732753,54064.898832,54064.948832
R1125:54064.762217,0.050000,54064.762279,54064.948882,54064.998883
R1126:54064.834481,0.050000,54064.834530,54064.998937,54065.048938
R1127:54064.849920,0.050000,54064.849955,54065.048968,54065.098970
R1128:54065.010375,0.050000,54065.010430,54065.099020,54065.149022
R1129:54065.033433,0.050000,54065.033495,54065.149052,54065.199053
R1130:54065.044449,0.050000,54065.044501,54065.199109,54065.249110
R1131:54065.099336,0.050000,54065.099357,54065.249195,54065.299196
R1132:54065.278712,0.050000,54065.278765,54065.299251,54065.349252
R1133:54065.350577,0.050000,54065.350604,54065.350673,54065.400674
R1134:54065.406926,0.050000,54065.406957,54065.407066,54065.457086
R1135:54065.583758,0.050000,54065.584283,54065.584322,54065.634323
R1136:54065.802294,0.050000,54065.802477,54065.802487,54065.852488
R1137:54065.846873,0.050000,54065.846937,54065.852536,54065.902537
R1138:54066.131251,0.050000,54066.131570,54066.131577,54066.181578
R1139:54066.148791,0.050000,54066.172280,54066.181616,54066.231617
R1140:54066.167759,0.050000,54066.172285,54066.231646,54066.281647
R1141:54066.193618,0.050000,54066.193645,54066.281706,54066.331706
R1142:54066.234312,0.050000,54066.234340,54066.331753,54066.381754
R1143:54066.461112,0.050000,54066.461218,54066.461322,54066.511323
R1144:54066.551222,0.050000,54066.551280,54066.552080,54066.602081
R1145:54066.592967,0.050000,54066.593024,54066.602176,54066.652177
R1146:54066.680028,0.050000,54066.680086,54066.680263,54066.730264
R1147:54066.746442,0.050000,54066.746500,54066.746657,54066.796659
R1148:54066.789885,0.050000,54066.789948,54066.796697,54066.846698
R1149:54066.853381,0.050000,54066.853424,54066.853579,54066.903580
R1150:54066.961184,0.050000,54066.961282,54066.961681,54067.011682
R1151:54066.962973,0.050000,54066.962991,54067.011736,54067.061748
R1152:54067.059277,0.050000,54067.059376,54067.061786,54067.111787
R1153:54067.147835,0.050000,54067.147884,54067.147962,54067.197963
R1154:54067.255685,0.050000,54067.255735,54067.256174,54067.306175
R1155:54067.322651,0.050000,54067.322707,54067.323017,54067.373018
R1156:54067.527993,0.050000,54067.528088,54067.528334,54067.578335
R1157:54067.553303,0.050000,54067.553360,54067.578430,54067.628431
R1158:54067.655689,0.050000,54067.655769,54067.655878,54067.705879
R1159:54067.772922,0.050000,54067.773017,54067.773190,54067.823191
R1160:54067.829913,0.050000,54067.829970,54067.830200,54067.880201
R1161:54067.971197,0.050000,54067.971304,54067.971395,54068.021396
R1162:54067.989123,0.050000,54067.989208,54068.021465,54068.071466
R1163:54068.025012,0.050000,54068.025041,54068.071526,54068.121527
R1164:54068.062229,0.050000,54068.065195,54068.121590,54068.171591
R1165:54068.154996,0.050000,54068.155078,54068.171653,54068.221705
R1166:54068.173694,0.050000,54068.173742,54068.221760,54068.271761
R1167:54068.199464,0.050000,54068.214137,54068.271815,54068.321816
R1168:54068.202281,0.050000,54068.214145,54068.321876,54068.371877
R1169:54068.216615,0.050000,54068.216635,54068.371936,54068.421936
R1170:54068.266274,0.050000,54068.266303,54068.421979,54068.471979
R1171:54068.288320,0.050000,54068.288373,54068.472079,54068.522080
R1172:54068.332823,0.050000,54068.332867,54068.522204,54068.572205
R1173:54068.470447,0.050000,54068.470722,54068.572241,54068.622242
R1174:54068.484077,0.050000,54068.484159,54068.622314,54068.672315
R1175:54068.485519,0.050000,54068.522188,54068.672376,54068.722377
R1176:54068.499910,0.050000,54068.522192,54068.722432,54068.772433
R1177:54068.624769,0.050000,54068.624801,54068.772481,54068.822482
R1178:54068.694136,0.050000,54068.694262,54068.822547,54068.872548
R1179:54068.762476,0.050000,54068.762519,54068.872959,54068.922960
R1180:54068.789014,0.050000,54068.789094,54068.923020,54068.973021
R1181:54068.812709,0.050000,54068.822534,54068.973068,54069.023069
R1182:54068.883983,0.050000,54068.884136,54069.023124,54069.073125
R1183:54069.091199,0.050000,54069.091313,54069.091433,54069.141434
R1184:54069.260437,0.050000,54069.260490,54069.260573,54069.310574
R1185:54069.284988,0.050000,54069.285070,54069.310625,54069.360626
R1186:54069.334235,0.050000,54069.334278,54069.360686,54069.410687
R1187:54069.456673,0.050000,54069.456727,54069.456845,54069.506847
R1188:54069.515710,0.050000,54069.515743,54069.515830,54069.565831
R1189:54069.524656,0.050000,54069.524700,54069.565871,54069.615872
R1190:54069.581354,0.050000,54069.581401,54069.615928,54069.665929
R1191:54069.839123,0.050000,54069.839159,54069.839245,54069.889246
R1192:54070.032528,0.050000,54070.032781,54070.032832,54070.082834
R1193:54070.125601,0.050000,54070.125698,54070.125835,54070.175836
R1194:54070.153987,0.050000,54070.154084,54070.175896,54070.225897
R1195:54070.176131,0.050000,54070.176154,54070.225934,54070.275935
R1196:54070.205823,0.050000,54070.217249,54070.275992,54070.325993
R1197:54070.260171,0.050000,54070.260211,54070.326041,54070.376042
R1198:54070.316197,0.050000,54070.316249,54070.376087,54070.426088
R1199:54070.349226,0.050000,54070.349271,54070.426171,54070.476178
R1200:54070.429716,0.050000,54070.429758,54070.476218,54070.526220
R1201:54070.619545,0.050000,54070.619607,54070.620160,54070.670162
R1202:54070.685423,0.050000,54070.685470,54070.685928,54070.735929
R1203:54071.009999,0.050000,54071.010126,54071.010140,54071.060222
R1204:54071.106581,0.050000,54071.106643,54071.106691,54071.156692
R1205:54071.200780,0.050000,54071.200848,54071.200860,54071.250860
R1206:54071.582616,0.050000,54071.582669,54071.583150,54071.633152
R1207:54071.728461,0.050000,54071.728519,54071.729002,54071.779003
R1208:54071.773476,0.050000,54071.773531,54071.779080,54071.829081
R1209:54071.839473,0.050000,54071.839517,54071.840283,54071.890284
R1210:54071.874978,0.050000,54071.881350,54071.890317,54071.940318
R1211:54071.967202,0.050000,54071.967250,54071.967389,54072.017390
R1212:54072.089842,0.050000,54072.089947,54072.090059,54072.140060
R1213:54072.271564,0.050000,54072.271657,54072.271758,54072.321760
R1214:54072.341126,0.050000,54072.341172,54072.341603,54072.391604
R1215:54072.421040,0.050000,54072.421102,54072.421222,54072.471223
R1216:54072.430726,0.050000,54072.430781,54072.471277,54072.521278
R1217:54072.704812,0.050000,54072.704870,54072.704965,54072.754966
R1218:54072.740549,0.050000,54072.740594,54072.755015,54072.805016
R1219:54072.818838,0.050000,54072.818878,54072.819193,54072.869218
R1220:54072.823095,0.050000,54072.860253,54072.869255,54072.919448
R1221:54072.963857,0.050000,54072.963899,54072.964387,54073.014388
R1222:54073.030313,0.050000,54073.030367,54073.030948,54073.080949
R1223:54073.264850,0.050000,54073.264942,54073.265459,54073.315460
R1224:54073.315662,0.050000,54073.315689,54073.315757,54073.365758
R1225:54073.455176,0.050000,54073.455239,54073.455389,54073.505390
R1226:54073.468897,0.050000,54073.468954,54073.505432,54073.555433
R1227:54073.580116,0.050000,54073.580163,54073.580217,54073.630317
R1228:54073.604337,0.050000,54073.621319,54073.630378,54073.680379
R1229:54073.687041,0.050000,54073.687111,54073.687189,54073.737190
R1230:54073.687901,0.050000,54073.727259,54073.737262,54073.787263
R1231:54073.843392,0.050000,54073.843443,54073.843524,54073.893526
R1232:54073.901711,0.050000,54073.901746,54073.901786,54073.951787
R1233:54073.969061,0.050000,54073.969122,54073.969678,54074.019679
R1234:54074.111471,0.050000,54074.111669,54074.112264,54074.162265
R1235:54074.124079,0.050000,54074.124116,54074.162318,54074.212319
R1236:54074.140822,0.050000,54074.140887,54074.212373,54074.262374
R1237:54074.277021,0.050000,54074.277065,54074.277450,54074.327451
R1238:54074.513294,0.050000,54074.513334,54074.513789,54074.563790
R1239:54074.587421,0.050000,54074.587506,54074.587667,54074.637669
R1240:54074.618940,0.050000,54074.618983,54074.638393,54074.688393
R1241:54074.644962,0.050000,54074.645000,54074.688423,54074.738424
R1242:54074.664635,0.050000,54074.685124,54074.738455,54074.788456
R1243:54074.667593,0.050000,54074.685127,54074.788502,54074.838503
R1244:54074.678464,0.050000,54074.685130,54074.838534,54074.888535
R1245:54074.796657,0.050000,54074.796696,54074.888574,54074.938575
R1246:54074.884094,0.050000,54074.884139,54074.938629,54074.988630
R1247:54074.906292,0.050000,54074.906334,54074.988680,54075.038681
R1248:54075.009852,0.050000,54075.009877,54075.038740,54075.088741
R1249:54075.265345,0.050000,54075.265386,54075.265434,54075.315435
R1250:54075.406738,0.050000,54075.406800,54075.407099,54075.457100
R1251:54075.523299,0.050000,54075.523359,54075.523561,54075.573562
R1252:54075.641402,0.050000,54075.641494,54075.641692,54075.691693
R1253:54075.674825,0.050000,54075.674881,54075.691744,54075.741745
R1254:54075.769241,0.050000,54075.769302,54075.769536,54075.819537
R1255:54075.784616,0.050000,54075.811230,54075.819575,54075.869576
R1256:54075.793272,0.050000,54075.811234,54075.869613,54075.919614
R1257:54075.932979,0.050000,54075.933014,54075.933289,54075.983354
R1258:54076.111482,0.050000,54076.111564,54076.111741,54076.161743
R1259:54076.147107,0.050000,54076.147162,54076.161790,54076.211791
R1260:54076.193189,0.050000,54076.193230,54076.211848,54076.261849
R1261:54076.376912,0.050000,54076.376963,54076.377010,54076.427011
R1262:54076.390995,0.050000,54076.418136,54076.427044,54076.477045
R1263:54076.566391,0.050000,54076.566444,54076.566959,54076.616959
R1264:54076.611452,0.050000,54076.611480,54076.616995,54076.666996
R1265:54076.856894,0.050000,54076.856986,54076.857137,54076.907138
R1266:54077.219571,0.050000,54077.219612,54077.219659,54077.269660
R1267:54077.293811,0.050000,54077.293871,54077.294393,54077.344394
R1268:54077.406184,0.050000,54077.406289,54077.406342,54077.456342
R1269:54077.622323,0.050000,54077.622367,54077.622470,54077.672471
R1270:54077.633464,0.050000,54077.633495,54077.672519,54077.722520
R1271:54077.633513,0.050000,54077.633519,54077.722583,54077.772584
R1272:54077.648895,0.050000,54077.648944,54077.772649,54077.822650
R1273:54077.682638,0.050000,54077.682674,54077.822691,54077.872692
R1274:54077.685855,0.050000,54077.722567,54077.872825,54077.922827
R1275:54077.714483,0.050000,54077.722570,54077.922865,54077.972866
R1276:54077.717837,0.050000,54077.722572,54077.972914,54078.022915
R1277:54077.812710,0.050000,54077.812772,54078.022960,54078.072961
R1278:54077.872801,0.050000,54077.872825,54078.073009,54078.123011
R1279:54077.987049,0.050000,54077.987093,54078.123063,54078.173064
R1280:54078.067593,0.050000,54078.067627,54078.173113,54078.223114
R1281:54078.095944,0.050000,54078.095994,54078.223173,54078.273174
R1282:54078.147955,0.050000,54078.148053,54078.273240,54078.323241
R1283:54078.182619,0.050000,54078.182650,54078.323269,54078.373270
R1284:54078.260511,0.050000,54078.260569,54078.373317,54078.423325
R1285:54078.268424,0.050000,54078.273227,54078.423364,54078.473366
R1286:54078.325974,0.050000,54078.326014,54078.473418,54078.523419
R1287:54078.425136,0.050000,54078.425167,54078.523462,54078.573462
R1288:54078.607219,0.050000,54078.607304,54078.607411,54078.657412
R1289:54078.643483,0.050000,54078.643536,54078.657466,54078.707467
R1290:54079.031371,0.050000,54079.031426,54079.031474,54079.081475
R1291:54079.057262,0.050000,54079.072252,54079.081527,54079.131527
R1292:54079.077035,0.050000,54079.077083,54079.131555,54079.181556
R1293:54079.089557,0.050000,54079.089582,54079.181595,54079.231595
R1294:54079.099586,0.050000,54079.130116,54079.231631,54079.281632
R1295:54079.179665,0.050000,54079.179696,54079.281669,54079.331670
R1296:54079.185437,0.050000,54079.185457,54079.331729,54079.381730
R1297:54079.193369,0.050000,54079.227251,54079.381766,54079.431767
R1298:54079.207495,0.050000,54079.227255,54079.431804,54079.481805
R1299:54079.340884,0.050000,54079.340920,54079.481837,54079.531838
R1300:54079.755565,0.050000,54079.755750,54079.755761,54079.805762
R1301:54079.782674,0.050000,54079.782735,54079.806607,54079.856608
R1302:54079.916088,0.050000,54079.916222,54079.916233,54079.966234
R1303:54079.930411,0.050000,54079.958326,54079.966276,54080.016276
R1304:54080.006000,0.050000,54080.006050,54080.016314,54080.066315
R1305:54080.152817,0.050000,54080.153052,54080.153063,54080.203064
R1306:54080.201232,0.050000,54080.201266,54080.203101,54080.253102
R1307:54080.284467,0.050000,54080.284669,54080.284680,54080.334682
R1308:54080.338677,0.050000,54080.338899,54080.338909,54080.388911
R1309:54080.539836,0.050000,54080.540067,54080.540081,54080.590109
R1310:54080.574050,0.050000,54080.574149,54080.590146,54080.640147
R1311:54080.577484,0.050000,54080.577509,54080.640188,54080.690189
R1312:54080.593143,0.050000,54080.593169,54080.690265,54080.740266
R1313:54080.718255,0.050000,54080.718316,54080.740328,54080.790329
R1314:54080.757474,0.050000,54080.757512,54080.790390,54080.840391
R1315:54080.876830,0.050000,54080.876996,54080.877007,54080.927008
R1316:54081.036812,0.050000,54081.037014,54081.037060,54081.087062
R1317:54081.191747,0.050000,54081.191915,54081.191926,54081.241927
R1318:54081.237389,0.050000,54081.237446,54081.241964,54081.291965
R1319:54081.344716,0.050000,54081.344882,54081.344893,54081.394894
R1320:54081.359108,0.050000,54081.385279,54081.394949,54081.444950
R1321:54081.402824,0.050000,54081.402860,54081.444989,54081.494990
R1322:54081.657159,0.050000,54081.657206,54081.657266,54081.707267
R1323:54081.695349,0.050000,54081.695409,54081.707337,54081.757338
R1324:54081.760080,0.050000,54081.760107,54081.760456,54081.810457
R1325:54081.764025,0.050000,54081.800335,54081.810498,54081.860499
R1326:54081.999958,0.050000,54082.000109,54082.000121,54082.050123
R1327:54082.076510,0.050000,54082.076706,54082.076718,54082.126718
R1328:54082.088557,0.050000,54082.088596,54082.126765,54082.176766
R1329:54082.095022,0.050000,54082.095073,54082.176831,54082.226832
R1330:54082.132505,0.050000,54082.132538,54082.226862,54082.276863
R1331:54082.143411,0.050000,54082.173332,54082.276896,54082.326897
R1332:54082.179095,0.050000,54082.179274,54082.326943,54082.376944
R1333:54082.189546,0.050000,54082.219105,54082.376997,54082.426998
R1334:54082.216567,0.050000,54082.219113,54082.427041,54082.477042
R1335:54082.416660,0.050000,54082.416714,54082.477073,54082.527074
R1336:54082.633263,0.050000,54082.633307,54082.633464,54082.683465
R1337:54082.733743,0.050000,54082.733801,54082.734316,54082.784317
R1338:54082.794688,0.050000,54082.794743,54082.795342,54082.845342
R1339:54082.834746,0.050000,54082.834793,54082.845391,54082.895392
R1340:54082.909319,0.050000,54082.909369,54082.909593,54082.959594
R1341:54083.055848,0.050000,54083.055938,54083.056078,54083.106078
R1342:54083.101161,0.050000,54083.101254,54083.106110,54083.156111
R1343:54083.215820,0.050000,54083.215908,54083.216091,54083.266092
R1344:54083.288091,0.050000,54083.288152,54083.288423,54083.338424
R1345:54083.410838,0.050000,54083.410893,54083.411644,54083.461714
R1346:54083.464800,0.050000,54083.464826,54083.464998,54083.514999
R1347:54083.507650,0.050000,54083.507713,54083.515043,54083.565043
R1348:54083.582175,0.050000,54083.582277,54083.582622,54083.632623
R1349:54083.749416,0.050000,54083.749461,54083.749889,54083.799889
R1350:54083.755948,0.050000,54083.755983,54083.799947,54083.849948
R1351:54083.866573,0.050000,54083.866617,54083.867019,54083.917020
R1352:54083.889403,0.050000,54083.889437,54083.917052,54083.967054
R1353:54083.890081,0.050000,54083.890105,54083.967091,54084.017092
R1354:54083.894273,0.050000,54083.894314,54084.017127,54084.067128
R1355:54084.013530,0.050000,54084.013567,54084.067161,54084.117164
R1356:54084.018788,0.050000,54084.018809,54084.117194,54084.167195
R1357:54084.335796,0.050000,54084.335849,54084.336349,54084.386349
R1358:54084.367919,0.050000,54084.367964,54084.386393,54084.436394
R1359:54084.384873,0.050000,54084.384921,54084.436427,54084.486427
R1360:54084.388373,0.050000,54084.388390,54084.486457,54084.536458
R1361:54084.480015,0.050000,54084.480085,54084.536529,54084.586530
R1362:54084.511286,0.050000,54084.511407,54084.587402,54084.637403
R1363:54084.552977,0.050000,54084.553027,54084.637455,54084.687456
R1364:54084.676291,0.050000,54084.676357,54084.687559,54084.737560
R1365:54084.747444,0.050000,54084.747474,54084.747737,54084.797737
R1366:54084.773807,0.050000,54084.788415,54084.797788,54084.847789
R1367:54084.868887,0.050000,54084.868958,54084.869881,54084.919883
R1368:54084.890133,0.050000,54084.911299,54084.919942,54084.969943
R1369:54085.011674,0.050000,54085.011723,54085.012390,54085.062390
R1370:54085.011992,0.050000,54085.054309,54085.062521,54085.112522
R1371:54085.143727,0.050000,54085.143786,54085.144363,54085.194364
R1372:54085.213917,0.050000,54085.213959,54085.214286,54085.264287
R1373:54085.259507,0.050000,54085.259558,54085.264327,54085.314328
R1374:54085.319301,0.050000,54085.319333,54085.319694,54085.369695
R1375:54085.327730,0.050000,54085.360161,54085.369729,54085.419730
R1376:54085.340916,0.050000,54085.360169,54085.419780,54085.469780
R1377:54085.580412,0.050000,54085.580447,54085.580506,54085.641770
R1378:54085.645551,0.050000,54085.645792,54085.645810,54085.695811
R1379:54085.752905,0.050000,54085.752967,54085.753178,54085.803179
R1380:54085.886173,0.050000,54085.886257,54085.886778,54085.936779
R1381:54085.954403,0.050000,54085.954440,54085.954851,54086.004852
R1382:54086.000356,0.050000,54086.000421,54086.004895,54086.054896
R1383:54086.414570,0.050000,54086.414815,54086.414824,54086.464825
R1384:54086.483990,0.050000,54086.484045,54086.484104,54086.534105
R1385:54086.536679,0.050000,54086.536711,54086.536792,54086.586793
R1386:54086.651779,0.050000,54086.651826,54086.651954,54086.705340
R1387:54086.730727,0.050000,54086.730771,54086.731376,54086.781377
R1388:54086.778588,0.050000,54086.778642,54086.781411,54086.831412
R1389:54086.780002,0.050000,54086.780030,54086.831473,54086.881473
R1390:54086.905850,0.050000,54086.905898,54086.906404,54086.956405
R1391:54086.959720,0.050000,54086.959765,54086.959830,54087.009831
R1392:54087.054698,0.050000,54087.054738,54087.054785,54087.104786
R1393:54087.057632,0.050000,54087.057653,54087.104845,54087.154846
R1394:54087.206893,0.050000,54087.206987,54087.207092,54087.257093
R1395:54087.251636,0.050000,54087.251679,54087.257124,54087.307125
R1396:54087.328149,0.050000,54087.328232,54087.328328,54087.378329
R1397:54087.333505,0.050000,54087.370328,54087.378367,54087.428369
R1398:54087.336703,0.050000,54087.370336,54087.428419,54087.478420
R1399:54087.472283,0.050000,54087.472356,54087.478456,54087.528457
R1400:54087.615329,0.050000,54087.615379,54087.615494,54087.665494
R1401:54087.618836,0.050000,54087.656141,54087.665540,54087.715573
R1402:54087.689490,0.050000,54087.689521,54087.715603,54087.765604
R1403:54087.726603,0.050000,54087.726655,54087.765661,54087.815662
R1404:54087.778635,0.050000,54087.778763,54087.815731,54087.865732
R1405:54087.781904,0.050000,54087.815718,54087.865775,54087.915776
R1406:54087.831795,0.050000,54087.857319,54087.915824,54087.965825
R1407:54087.907391,0.050000,54087.907419,54087.965881,54088.015882
R1408:54088.177640,0.050000,54088.178242,54088.178251,54088.228252
R1409:54088.365459,0.050000,54088.365627,54088.365708,54088.415710
R1410:54088.392438,0.050000,54088.392506,54088.415770,54088.465771
R1411:54088.507521,0.050000,54088.507630,54088.507782,54088.557783
R1412:54088.554158,0.050000,54088.554187,54088.557817,54088.607818
R1413:54088.649748,0.050000,54088.649919,54088.649930,54088.699931
R1414:54088.761530,0.050000,54088.761722,54088.761734,54088.811735
R1415:54089.007699,0.050000,54089.007792,54089.007960,54089.057961
R1416:54089.016413,0.050000,54089.016441,54089.058018,54089.108019
R1417:54089.066771,0.050000,54089.066823,54089.108077,54089.158078
R1418:54089.132436,0.050000,54089.132492,54089.158136,54089.208137
R1419:54089.195182,0.050000,54089.195235,54089.208181,54089.258204
R1420:54089.247836,0.050000,54089.247886,54089.258252,54089.308252
R1421:54089.275555,0.050000,54089.275606,54089.308307,54089.358335
R1422:54089.536287,0.050000,54089.536342,54089.536387,54089.586388
R1423:54089.544763,0.050000,54089.577156,54089.586913,54089.636914
R1424:54089.576254,0.050000,54089.577160,54089.636951,54089.686952
R1425:54089.702070,0.050000,54089.702230,54089.702241,54089.752242
R1426:54089.760649,0.050000,54089.760714,54089.760741,54089.810743
R1427:54089.939894,0.050000,54089.940270,54089.940326,54089.990327
R1428:54090.088458,0.050000,54090.088982,54090.089047,54090.139048
R1429:54090.153274,0.050000,54090.153864,54090.153924,54090.203925
R1430:54090.245050,0.050000,54090.245309,54090.245316,54090.295318
R1431:54090.327773,0.050000,54090.327919,54090.327927,54090.377928
R1432:54090.399442,0.050000,54090.399948,54090.399957,54090.449958
R1433:54090.417000,0.050000,54090.417772,54090.450003,54090.500004
R1434:54090.654180,0.050000,54090.654778,54090.654788,54090.704789
R1435:54090.987863,0.050000,54090.988428,54090.988437,54091.038438
R1436:54091.007753,0.050000,54091.008681,54091.038497,54091.088498
R1437:54091.045661,0.050000,54091.046401,54091.088540,54091.138541
R1438:54091.115978,0.050000,54091.116065,54091.138574,54091.188575
R1439:54091.130480,0.050000,54091.131023,54091.188634,54091.238635
R1440:54091.152494,0.050000,54091.152576,54091.238694,54091.288695
R1441:54091.295794,0.050000,54091.295855,54091.295864,54091.345865
R1442:54091.475782,0.050000,54091.476351,54091.476359,54091.526360
R1443:54091.562333,0.050000,54091.562801,54091.562811,54091.612812
R1444:54091.615596,0.050000,54091.615984,54091.615992,54091.665993
R1445:54091.692210,0.050000,54091.693095,54091.693105,54091.743106
R1446:54091.764256,0.050000,54091.764541,54091.764550,54091.814551
R1447:54091.833492,0.050000,54091.833824,54091.833847,54091.883848
R1448:54092.291832,0.050000,54092.291892,54092.291939,54092.341945
R1449:54092.297549,0.050000,54092.297585,54092.341995,54092.391995
R1450:54092.300438,0.050000,54092.300471,54092.392082,54092.442083
R1451:54092.352016,0.050000,54092.352049,54092.442138,54092.492139
R1452:54092.387413,0.050000,54092.387555,54092.492231,54092.542455
R1453:54092.716531,0.050000,54092.716778,54092.716790,54092.766791
R1454:54092.783218,0.050000,54092.783426,54092.783437,54092.833438
R1455:54092.869791,0.050000,54092.869885,54092.869938,54092.919939
R1456:54092.986483,0.050000,54092.986780,54092.986788,54093.036789
R1457:54093.439194,0.050000,54093.439284,54093.439389,54093.489390
R1458:54093.497744,0.050000,54093.497780,54093.497848,54093.547849
R1459:54093.565909,0.050000,54093.566553,54093.566677,54093.616678
R1460:54093.629354,0.050000,54093.629426,54093.629507,54093.679508
R1461:54093.640023,0.050000,54093.640060,54093.679554,54093.729555
R1462:54093.652165,0.050000,54093.652246,54093.729586,54093.779587
R1463:54093.656643,0.050000,54093.656673,54093.779678,54093.829679
R1464:54093.687087,0.050000,54093.687126,54093.829740,54093.879741
R1465:54093.691855,0.050000,54093.727279,54093.879828,54093.929828
R1466:54093.693809,0.050000,54093.727285,54093.929888,54093.979889
R1467:54093.753285,0.050000,54093.753334,54093.979943,54094.029944
R1468:54093.798389,0.050000,54093.798449,54094.029974,54094.079975
R1469:54093.872892,0.050000,54093.872934,54094.080020,54094.130020
R1470:54093.961851,0.050000,54093.961901,54094.130057,54094.180057
R1471:54094.046187,0.050000,54094.046231,54094.180089,54094.230090
R1472:54094.085863,0.050000,54094.085892,54094.230123,54094.280141
R1473:54094.146843,0.050000,54094.146989,54094.280235,54094.330236
R1474:54094.169837,0.050000,54094.169878,54094.330330,54094.380331
R1475:54094.313722,0.050000,54094.313770,54094.380365,54094.430383
R1476:54094.318923,0.050000,54094.330311,54094.430429,54094.480430
R1477:54094.449750,0.050000,54094.449804,54094.480487,54094.530487
R1478:54094.485745,0.050000,54094.485792,54094.530522,54094.580523
R1479:54094.490286,0.050000,54094.526343,54094.580560,54094.630561
R1480:54094.647204,0.050000,54094.647251,54094.647328,54094.697329
R1481:54094.687379,0.050000,54094.688138,54094.697377,54094.747378
R1482:54094.746930,0.050000,54094.746981,54094.747409,54094.797410
R1483:54094.761064,0.050000,54094.761147,54094.797443,54094.847444
R1484:54094.797503,0.050000,54094.797526,54094.847919,54094.897920
R1485:54095.450658,0.050000,54095.450719,54095.450773,54095.500775
R1486:54095.579145,0.050000,54095.579207,54095.579764,54095.629765
R1487:54095.584111,0.050000,54095.584146,54095.629822,54095.679823
R1488:54096.027231,0.050000,54096.027284,54096.027332,54096.077333
R1489:54096.051190,0.050000,54096.051251,54096.077390,54096.127391
R1490:54096.129979,0.050000,54096.130009,54096.130176,54096.180177
R1491:54096.192874,0.050000,54096.192930,54096.193215,54096.243239
R1492:54096.231125,0.050000,54096.231171,54096.243296,54096.293297
R1493:54096.341686,0.050000,54096.341898,54096.342011,54096.392012
R1494:54096.412636,0.050000,54096.412699,54096.413077,54096.463078
R1495:54096.501488,0.050000,54096.501539,54096.502011,54096.552054
R1496:54096.628730,0.050000,54096.628787,54096.629261,54096.679262
R1497:54096.703709,0.050000,54096.703769,54096.704254,54096.754255
R1498:54096.713665,0.050000,54096.713715,54096.754309,54096.804310
R1499:54096.727832,0.050000,54096.727885,54096.804356,54096.854384
