R0:54719.618734,0.025075,54719.619136,54719.619601,54719.644677
R1:54719.720693,0.080083,54719.721343,54719.721383,54719.801468
R2:54719.805731,0.011004,54719.805891,54719.805901,54719.816906
R3:54719.940720,0.073100,54719.941319,54719.941328,54720.014429
R4:54719.963498,0.040368,54719.982119,54720.014475,54720.054844
R5:54719.981641,0.049560,54719.982124,54720.054874,54720.104435
R6:54720.017737,0.036016,54720.017799,54720.104475,54720.140492
R7:54720.043056,0.123963,54720.054919,54720.140521,54720.264485
R8:54720.212789,0.063168,54720.212948,54720.264528,54720.327697
R9:54720.269444,0.046693,54720.269923,54720.327755,54720.374449
R10:54720.278073,0.013912,54720.278606,54720.374489,54720.388402
R11:54720.279333,0.081527,54720.279513,54720.388453,54720.469981
R12:54720.288520,0.025620,54720.288664,54720.470041,54720.495661
R13:54720.298856,0.005760,54720.299199,54720.495729,54720.501489
R14:54720.307900,0.012311,54720.308039,54720.501530,54720.513842
R15:54720.688388,0.091352,54720.688471,54720.689716,54720.781069
R16:54720.728463,0.017551,54720.729145,54720.781143,54720.798694
R17:54720.781534,0.037147,54720.781875,54720.798747,54720.835895
R18:54720.838688,0.180181,54720.838761,54720.838841,54721.019023
R19:54720.877738,0.073780,54720.877915,54721.019071,54721.092852
R20:54720.898090,0.073465,54720.918317,54721.092897,54721.166363
R21:54720.940714,0.111064,54720.940828,54721.166414,54721.277479
R22:54720.970286,0.021729,54720.970368,54721.277548,54721.299278
R23:54720.989822,0.125682,54720.989929,54721.299337,54721.425019
R24:54721.082051,0.149118,54721.082137,54721.425076,54721.574196
R25:54721.086372,0.004499,54721.092885,54721.574240,54721.578740
R26:54721.128099,0.054417,54721.133261,54721.578769,54721.633187
R27:54721.140205,0.021454,54721.140318,54721.633237,54721.654692
R28:54721.263669,0.001011,54721.263801,54721.654747,54721.655759
R29:54721.267694,0.003259,54721.277535,54721.655800,54721.659059
R30:54721.301902,0.176396,54721.301987,54721.659089,54721.835486
R31:54721.317285,0.095164,54721.342221,54721.835521,54721.930685
R32:54721.446656,0.038800,54721.446767,54721.930741,54721.969543
R33:54721.464232,0.071408,54721.464313,54721.969603,54722.041012
R34:54721.490624,0.055089,54721.490709,54722.041061,54722.096151
R35:54721.530885,0.002004,54721.531012,54722.096185,54722.098189
R36:54721.574177,0.134291,54721.574352,54722.098255,54722.232547
R37:54721.607373,0.063819,54721.615160,54722.232604,54722.296423
R38:54721.756528,0.067073,54721.756653,54722.296464,54722.363538
R39:54721.775883,0.021852,54721.797273,54722.363591,54722.385443
R40:54721.833614,0.009075,54721.833744,54722.385486,54722.394562
R41:54721.898917,0.106045,54721.898999,54722.394584,54722.500629
R42:54721.931303,0.020049,54721.931378,54722.500671,54722.520721
R43:54722.029790,0.111921,54722.029871,54722.520740,54722.632661
R44:54722.044440,0.058025,54722.044500,54722.632690,54722.690716
R45:54722.068635,0.044414,54722.085264,54722.690750,54722.735165
R46:54722.242954,0.097835,54722.243028,54722.735209,54722.833045
R47:54722.302646,0.128831,54722.302744,54722.833164,54722.961996
R48:54722.335353,0.084307,54722.335454,54722.962045,54723.046353
R49:54722.363900,0.120940,54722.363982,54723.046409,54723.167350
R50:54722.428346,0.012156,54722.428412,54723.167408,54723.179565
R51:54722.465209,0.126367,54722.471436,54723.179601,54723.305969
R52:54722.632101,0.106458,54722.632207,54723.306032,54723.412491
R53:54722.641121,0.028278,54722.641180,54723.412532,54723.440810
R54:54722.698224,0.016499,54722.698299,54723.440866,54723.457366
R55:54722.752138,0.018369,54722.752206,54723.457419,54723.475789
R56:54722.837927,0.012816,54722.838007,54723.475862,54723.488679
R57:54722.871302,0.016164,54722.871391,54723.488725,54723.504890
R58:54722.883321,0.026936,54722.883513,54723.504921,54723.531858
R59:54722.929097,0.118652,54722.929192,54723.531882,54723.650536
R60:54722.939869,0.006738,54722.939963,54723.650599,54723.657338
R61:54722.946299,0.071455,54722.946422,54723.657366,54723.728821
R62:54722.984963,0.136671,54722.985102,54723.728853,54723.865525
R63:54723.218730,0.024160,54723.218865,54723.865568,54723.889728
R64:54723.283903,0.022996,54723.284004,54723.890359,54723.913383
R65:54723.362284,0.013215,54723.362406,54723.913406,54723.926622
R66:54723.382555,0.014013,54723.403209,54723.926723,54723.940737
R67:54723.431808,0.065866,54723.431850,54723.940801,54724.006668
R68:54723.441908,0.078866,54723.441975,54724.006727,54724.085594
R69:54723.449749,0.068339,54723.457407,54724.085658,54724.153997
R70:54723.460294,0.149891,54723.475844,54724.154056,54724.303948
R71:54723.465363,0.036862,54723.475846,54724.303981,54724.340843
R72:54723.468845,0.013726,54723.475848,54724.340895,54724.354622
R73:54723.479713,0.065961,54723.488713,54724.354651,54724.420612
R74:54723.569131,0.171180,54723.569242,54724.420670,54724.591851
R75:54723.629324,0.071301,54723.629476,54724.591929,54724.663231
R76:54723.686842,0.007246,54723.686900,54724.663282,54724.670528
R77:54723.692872,0.004073,54723.692980,54724.670553,54724.674627
R78:54723.734227,0.011449,54723.734339,54724.674647,54724.686097
R79:54723.738480,0.085650,54723.775135,54724.686124,54724.771775
R80:54723.773106,0.070444,54723.775197,54724.771839,54724.842287
R81:54723.820682,0.008587,54723.820782,54724.842346,54724.850935
R82:54723.823862,0.011428,54723.823955,54724.850972,54724.862401
R83:54724.488145,0.006703,54724.488320,54724.862451,54724.869161
R84:54724.611014,0.002779,54724.611236,54724.869205,54724.871984
R85:54724.951348,0.003754,54724.951520,54724.951557,54724.955312
R86:54725.065056,0.128242,54725.065147,54725.065160,54725.193404
R87:54725.065386,0.009945,54725.106683,54725.193464,54725.203410
R88:54725.115523,0.024854,54725.115599,54725.203446,54725.228300
R89:54725.125525,0.085655,54725.125694,54725.228366,54725.314022
R90:54725.274380,0.040202,54725.274468,54725.314113,54725.354316
R91:54725.299327,0.030127,54725.299484,54725.354358,54725.384485
R92:54725.347822,0.005248,54725.347930,54725.384515,54725.389764
R93:54725.412550,0.070795,54725.413072,54725.413080,54725.483876
R94:54725.454719,0.242864,54725.454803,54725.483904,54725.726770
R95:54725.474994,0.105029,54725.475115,54725.726870,54725.831899
R96:54725.522940,0.049566,54725.523109,54725.831940,54725.881506
R97:54725.599606,0.068877,54725.599722,54725.881561,54725.950439
R98:54725.601731,0.129765,54725.601816,54725.950529,54726.080295
R99:54725.701336,0.088904,54725.701459,54726.080365,54726.169270
R100:54725.816778,0.068092,54725.816884,54726.169356,54726.237449
R101:54726.034026,0.205511,54726.034278,54726.237521,54726.443033
R102:54726.165761,0.034384,54726.165819,54726.443116,54726.477582
R103:54726.228344,0.088601,54726.228397,54726.477617,54726.566219
R104:54726.239505,0.004006,54726.239556,54726.566281,54726.570293
R105:54726.362279,0.014254,54726.362316,54726.570345,54726.584600
R106:54726.420820,0.013012,54726.420869,54726.584667,54726.597680
R107:54726.476511,0.019053,54726.476556,54726.597733,54726.616787
R108:54726.544437,0.013161,54726.544518,54726.616816,54726.629978
R109:54726.567147,0.050130,54726.567166,54726.630002,54726.680133
R110:54726.571558,0.052653,54726.571585,54726.680161,54726.732815
R111:54726.586049,0.177832,54726.586089,54726.732876,54726.910710
R112:54726.626066,0.039495,54726.626153,54726.910768,54726.950264
R113:54726.644653,0.006011,54726.644705,54726.950308,54726.956338
R114:54726.715502,0.044891,54726.715712,54726.956359,54727.001250
R115:54726.751515,0.029975,54726.751609,54727.001296,54727.031272
R116:54726.912430,0.094090,54726.912464,54727.031290,54727.125381
R117:54726.935445,0.000162,54726.935496,54727.125439,54727.125601
R118:54726.967405,0.045625,54726.967449,54727.125618,54727.171243
R119:54726.991161,0.013322,54726.991247,54727.171298,54727.184621
R120:54727.090937,0.032981,54727.091136,54727.184641,54727.217623
R121:54727.153873,0.018189,54727.153913,54727.217649,54727.235839
R122:54727.190780,0.010079,54727.190807,54727.235898,54727.245977
R123:54727.260044,0.002086,54727.260087,54727.260244,54727.262331
R124:54727.314233,0.059534,54727.314269,54727.314380,54727.373914
R125:54727.344048,0.050756,54727.355140,54727.373950,54727.424707
R126:54727.406391,0.010205,54727.406440,54727.425436,54727.435642
R127:54727.430643,0.049330,54727.430686,54727.435687,54727.485017
R128:54727.483500,0.019903,54727.483528,54727.485091,54727.504994
R129:54727.556532,0.011296,54727.556586,54727.556691,54727.567988
R130:54727.631623,0.057721,54727.631667,54727.632320,54727.690041
R131:54727.772745,0.014871,54727.772803,54727.773419,54727.788577
R132:54727.831747,0.004586,54727.831803,54727.832460,54727.837063
R133:54727.874172,0.104935,54727.874238,54727.875069,54727.982506
R134:54727.891105,0.004921,54727.915152,54727.982576,54727.987498
R135:54727.956242,0.022440,54727.956300,54727.987527,54728.009967
R136:54727.962920,0.044973,54727.962977,54728.010003,54728.055017
R137:54728.010982,0.017039,54728.011348,54728.055137,54728.072222
R138:54728.072445,0.017011,54728.072657,54728.072674,54728.089685
R139:54728.155913,0.010521,54728.155968,54728.155979,54728.166500
R140:54728.180099,0.000179,54728.180220,54728.180230,54728.180697
R141:54728.411282,0.020134,54728.411439,54728.411452,54728.431587
R142:54728.509011,0.028679,54728.509067,54728.509334,54728.538014
R143:54728.520848,0.125622,54728.538079,54728.538093,54728.663716
R144:54728.697872,0.060045,54728.697928,54728.698234,54728.758280
R145:54728.778436,0.057884,54728.778485,54728.778665,54728.836550
R146:54728.785783,0.074422,54728.785822,54728.836611,54728.911033
R147:54728.812779,0.124010,54728.812818,54728.911123,54729.035134
R148:54728.972153,0.011379,54728.972805,54729.035194,54729.046574
R149:54729.083370,0.039708,54729.083496,54729.084105,54729.123814
R150:54729.171285,0.117658,54729.171342,54729.171894,54729.289583
R151:54729.191010,0.103565,54729.191049,54729.289648,54729.393214
R152:54729.324753,0.042925,54729.324904,54729.393297,54729.436228
R153:54729.363400,0.016004,54729.363553,54729.436267,54729.452272
R154:54729.373571,0.033903,54729.374293,54729.452326,54729.486230
R155:54729.485570,0.094505,54729.485637,54729.486386,54729.580892
R156:54729.520304,0.017199,54729.520340,54729.580947,54729.598147
R157:54729.558583,0.057629,54729.561095,54729.598176,54729.655879
R158:54729.569801,0.007486,54729.569981,54729.655957,54729.663444
R159:54729.642614,0.033905,54729.642733,54729.663492,54729.697398
R160:54729.694850,0.064413,54729.694896,54729.697496,54729.761911
R161:54729.796775,0.012549,54729.796947,54729.797809,54729.810364
R162:54729.807975,0.006463,54729.810501,54729.810518,54729.816982
R163:54729.846394,0.022349,54729.846453,54729.847128,54729.869478
R164:54729.854794,0.134335,54729.869547,54729.870112,54730.004449
R165:54729.876760,0.048656,54729.911101,54730.004513,54730.053169
R166:54730.010505,0.085223,54730.010606,54730.053219,54730.138442
R167:54730.112362,0.020396,54730.112422,54730.138522,54730.158919
R168:54730.151655,0.053769,54730.151693,54730.158968,54730.212768
R169:54730.180696,0.014981,54730.180749,54730.212832,54730.227815
R170:54730.233815,0.003766,54730.233867,54730.233948,54730.237723
R171:54730.243811,0.052094,54730.243855,54730.243916,54730.296011
R172:54730.251050,0.017003,54730.251081,54730.296094,54730.313099
R173:54730.276888,0.004779,54730.291365,54730.313188,54730.317967
R174:54730.299761,0.136281,54730.299792,54730.317999,54730.454281
R175:54730.331609,0.015426,54730.331691,54730.454338,54730.469777
R176:54730.381531,0.071728,54730.381584,54730.469826,54730.541554
R177:54730.442519,0.008556,54730.442577,54730.541605,54730.550161
R178:54730.480246,0.049130,54730.480286,54730.550187,54730.599321
R179:54730.599759,0.011650,54730.599792,54730.599942,54730.611592
R180:54730.640611,0.027774,54730.640685,54730.640850,54730.668624
R181:54730.686096,0.025076,54730.686200,54730.686521,54730.711599
R182:54730.784720,0.019727,54730.784756,54730.785105,54730.804834
R183:54730.800435,0.050896,54730.804880,54730.804893,54730.855790
R184:54730.873156,0.020643,54730.873211,54730.873286,54730.893938
R185:54731.106062,0.007313,54731.106127,54731.106367,54731.113681
R186:54731.232886,0.000271,54731.232919,54731.233286,54731.233557
R187:54731.262372,0.074447,54731.262426,54731.262951,54731.337398
R188:54731.347463,0.006090,54731.347549,54731.348096,54731.354186
R189:54731.366953,0.063828,54731.367025,54731.368093,54731.431922
R190:54731.478595,0.029811,54731.478655,54731.479456,54731.509293
R191:54731.481531,0.061535,54731.481583,54731.509353,54731.570889
R192:54731.720681,0.032113,54731.720731,54731.720806,54731.752919
R193:54731.733977,0.004931,54731.752978,54731.752990,54731.757923
R194:54731.845365,0.024136,54731.845415,54731.846055,54731.870191
R195:54731.851306,0.053519,54731.870252,54731.870266,54731.923785
R196:54731.871314,0.007061,54731.912201,54731.923832,54731.930924
R197:54731.963365,0.002745,54731.963950,54731.963959,54731.966866
R198:54731.966406,0.075904,54731.966436,54731.966903,54732.042808
R199:54732.000499,0.029220,54732.000549,54732.042848,54732.072069
R200:54732.066179,0.044536,54732.066267,54732.072118,54732.116655
R201:54732.073823,0.037740,54732.073866,54732.116699,54732.154440
R202:54732.122758,0.022464,54732.122832,54732.154498,54732.176964
R203:54732.173743,0.109787,54732.173822,54732.177014,54732.287167
R204:54732.194770,0.009306,54732.194856,54732.287217,54732.296524
R205:54732.231661,0.037301,54732.235168,54732.296549,54732.333850
R206:54732.285161,0.045341,54732.285240,54732.333925,54732.379267
R207:54732.339480,0.088541,54732.339517,54732.379320,54732.467863
R208:54732.354754,0.005203,54732.379332,54732.467922,54732.473127
R209:54732.358914,0.009295,54732.379337,54732.473151,54732.482447
R210:54732.502001,0.012776,54732.502112,54732.502137,54732.514914
R211:54732.538825,0.017183,54732.539003,54732.539637,54732.556840
R212:54732.636522,0.105301,54732.636591,54732.637479,54732.742781
R213:54732.661278,0.084345,54732.677277,54732.742972,54732.827318
R214:54732.684794,0.001850,54732.684852,54732.827374,54732.829224
R215:54732.745181,0.075312,54732.745377,54732.829239,54732.904552
R216:54732.762508,0.090426,54732.762551,54732.904705,54732.995132
R217:54732.817360,0.012488,54732.817402,54732.995211,54733.007714
R218:54732.838691,0.047394,54732.838961,54733.007742,54733.055186
R219:54732.851826,0.056136,54732.851916,54733.055219,54733.111355
R220:54732.859489,0.063552,54732.892251,54733.111494,54733.175066
R221:54732.944512,0.025640,54732.944559,54733.175116,54733.200757
R222:54732.957686,0.028459,54732.985694,54733.200879,54733.229339
R223:54732.979210,0.024368,54732.985729,54733.229365,54733.253733
R224:54732.994150,0.008405,54732.994179,54733.253815,54733.262221
R225:54733.037318,0.000734,54733.037585,54733.262266,54733.263001
R226:54733.083357,0.024077,54733.083402,54733.263007,54733.287085
R227:54733.110306,0.066858,54733.111412,54733.287148,54733.354007
R228:54733.131239,0.052442,54733.152153,54733.354147,54733.406590
R229:54733.148671,0.126031,54733.152164,54733.406688,54733.532721
R230:54733.194001,0.082980,54733.194126,54733.532778,54733.615759
R231:54733.259221,0.018695,54733.259343,54733.615817,54733.634512
R232:54733.326645,0.000301,54733.326737,54733.634542,54733.634843
R233:54733.385545,0.092866,54733.385669,54733.634846,54733.727712
R234:54733.429263,0.051458,54733.429354,54733.727772,54733.779231
R235:54733.483747,0.025600,54733.483798,54733.779276,54733.804877
R236:54733.525058,0.063446,54733.525332,54733.804988,54733.868436
R237:54733.551481,0.056631,54733.551505,54733.868472,54733.925104
R238:54733.641676,0.001672,54733.641724,54733.925153,54733.926826
R239:54733.651118,0.057874,54733.651142,54733.926846,54733.984775
R240:54733.655072,0.048242,54733.692120,54733.984805,54734.033048
R241:54733.666876,0.041947,54733.692126,54734.033107,54734.075055
R242:54733.734011,0.000286,54733.734089,54734.075094,54734.075439
R243:54733.734250,0.015161,54733.775259,54734.075446,54734.090608
R244:54733.754696,0.097440,54733.775267,54734.090625,54734.188102
R245:54733.814330,0.020878,54733.814401,54734.188262,54734.209142
R246:54733.826604,0.105602,54733.826661,54734.209200,54734.314812
R247:54733.888731,0.018788,54733.888768,54734.314842,54734.333631
R248:54733.948110,0.010306,54733.948478,54734.333690,54734.343997
R249:54734.069204,0.035005,54734.069252,54734.344065,54734.379088
R250:54734.079033,0.056297,54734.079187,54734.379555,54734.435853
R251:54734.177981,0.010605,54734.178055,54734.435931,54734.446536
R252:54734.309338,0.061220,54734.309378,54734.446588,54734.507809
R253:54734.338192,0.039637,54734.338284,54734.507864,54734.547502
R254:54734.451891,0.134770,54734.451921,54734.547537,54734.682322
R255:54734.526922,0.130575,54734.527040,54734.682371,54734.812947
R256:54734.541878,0.135468,54734.541927,54734.813014,54734.948482
R257:54734.586553,0.040212,54734.586678,54734.948527,54734.988739
R258:54734.624697,0.080383,54734.627166,54734.988798,54735.069183
R259:54734.780272,0.045131,54734.780338,54735.069249,54735.114381
R260:54734.873957,0.268009,54734.874002,54735.114444,54735.382454
R261:54734.933544,0.019618,54734.933614,54735.382510,54735.402129
R262:54735.086637,0.044477,54735.086726,54735.402191,54735.446669
R263:54735.202378,0.071215,54735.202419,54735.446710,54735.517926
R264:54735.259077,0.079215,54735.259125,54735.517981,54735.597215
R265:54735.342331,0.046365,54735.342366,54735.597274,54735.643640
R266:54735.359530,0.009133,54735.359582,54735.643695,54735.652830
R267:54735.395078,0.100156,54735.395104,54735.652862,54735.753019
R268:54735.483720,0.054594,54735.483766,54735.753113,54735.807707
R269:54735.598628,0.047335,54735.598652,54735.807764,54735.855531
R270:54735.628600,0.051867,54735.639179,54735.855638,54735.907553
R271:54735.679799,0.008029,54735.679855,54735.907651,54735.915680
R272:54735.723681,0.001676,54735.723717,54735.915739,54735.917448
R273:54735.772334,0.036506,54735.772464,54735.917477,54735.953984
R274:54735.840482,0.036185,54735.840638,54735.954050,54735.990236
R275:54735.940859,0.033649,54735.940894,54735.990439,54736.024088
R276:54735.947915,0.002486,54735.954038,54736.024155,54736.026646
R277:54735.988358,0.024279,54735.990323,54736.026670,54736.050950
R278:54736.082434,0.030085,54736.082629,54736.082639,54736.112756
R279:54736.138993,0.026643,54736.139465,54736.139474,54736.166117
R280:54736.147775,0.026108,54736.166232,54736.166243,54736.192352
R281:54736.163748,0.063221,54736.166237,54736.192426,54736.255648
R282:54736.164784,0.083818,54736.166239,54736.255846,54736.339665
R283:54736.212327,0.029597,54736.212725,54736.339696,54736.369293
R284:54736.261023,0.266592,54736.261102,54736.369368,54736.635961
R285:54736.297177,0.003858,54736.297303,54736.636015,54736.639873
R286:54736.300683,0.045476,54736.300787,54736.639887,54736.685363
R287:54736.357687,0.012409,54736.357789,54736.685412,54736.697822
R288:54736.371819,0.128532,54736.371956,54736.697880,54736.826412
R289:54736.427342,0.031074,54736.427543,54736.826453,54736.857562
R290:54736.501883,0.095052,54736.502050,54736.857599,54736.952652
R291:54736.534110,0.148709,54736.534252,54736.952711,54737.101421
R292:54736.703714,0.072839,54736.703855,54737.101480,54737.174319
R293:54736.831571,0.038474,54736.831887,54737.174439,54737.212914
R294:54736.855030,0.032461,54736.855177,54737.212972,54737.245434
R295:54736.869656,0.031384,54736.870935,54737.245494,54737.276878
R296:54737.037762,0.170984,54737.037875,54737.276967,54737.447952
R297:54737.157748,0.030628,54737.157898,54737.448023,54737.478652
R298:54737.169179,0.072717,54737.169350,54737.478708,54737.551426
R299:54737.253483,0.014892,54737.253564,54737.551473,54737.566366
R300:54737.384249,0.165529,54737.384357,54737.566396,54737.731925
R301:54737.465297,0.025740,54737.465472,54737.731982,54737.757723
R302:54737.488285,0.040422,54737.488396,54737.757752,54737.798175
R303:54737.535140,0.010600,54737.538364,54737.798219,54737.808819
R304:54737.589274,0.022323,54737.589405,54737.808869,54737.831193
R305:54737.626172,0.124159,54737.630523,54737.831250,54737.955410
R306:54737.685704,0.046639,54737.690343,54737.955465,54738.002105
R307:54737.698953,0.005814,54737.699077,54738.002164,54738.007979
R308:54737.810483,0.011095,54737.810808,54738.008008,54738.019104
R309:54737.836575,0.044909,54737.837335,54738.019246,54738.064156
R310:54737.894494,0.045359,54737.894916,54738.064201,54738.109561
R311:54737.957360,0.041148,54737.957736,54738.109629,54738.150778
R312:54737.960818,0.013895,54737.961139,54738.151916,54738.165812
R313:54738.006975,0.021068,54738.007635,54738.165909,54738.186977
R314:54738.008220,0.128649,54738.008405,54738.201846,54738.330496
R315:54738.008748,0.073633,54738.019568,54738.330557,54738.404191
R316:54738.059912,0.135357,54738.060543,54738.404277,54738.539635
R317:54738.181515,0.029709,54738.181952,54738.539699,54738.569409
R318:54738.201870,0.079294,54738.202024,54738.569466,54738.648761
R319:54738.239200,0.168604,54738.244739,54738.648816,54738.817420
R320:54738.296263,0.017328,54738.296318,54738.817476,54738.834805
R321:54738.305852,0.022788,54738.306046,54738.834871,54738.857660
R322:54738.425150,0.068844,54738.425192,54738.857707,54738.926552
R323:54738.553074,0.015941,54738.553151,54738.926610,54738.942552
R324:54738.589315,0.006524,54738.589357,54738.942606,54738.953315
R325:54738.753115,0.048801,54738.753157,54738.953361,54739.002163
R326:54738.864831,0.129207,54738.864863,54739.002239,54739.131447
R327:54738.935406,0.016584,54738.935456,54739.131507,54739.148092
R328:54738.946848,0.011344,54738.946887,54739.148112,54739.159457
R329:54738.958065,0.009694,54738.958118,54739.159531,54739.169225
R330:54739.012897,0.012910,54739.012925,54739.169256,54739.182167
R331:54739.020581,0.000698,54739.021655,54739.182235,54739.182949
R332:54739.184963,0.006391,54739.185008,54739.186019,54739.192411
R333:54739.194958,0.052284,54739.194986,54739.195396,54739.247680
R334:54739.229890,0.005316,54739.235092,54739.247731,54739.253063
R335:54739.367666,0.003658,54739.367719,54739.368382,54739.372062
R336:54739.421232,0.034302,54739.421351,54739.421703,54739.456006
R337:54739.449492,0.017349,54739.456180,54739.456187,54739.473536
R338:54739.481471,0.121743,54739.481583,54739.482078,54739.603822
R339:54739.497467,0.010580,54739.522736,54739.603876,54739.614457
R340:54739.544115,0.028268,54739.544805,54739.614473,54739.642742
R341:54739.546483,0.069996,54739.547135,54739.642769,54739.712765
R342:54739.640078,0.309983,54739.640229,54739.712787,54740.022771
R343:54739.664912,0.037069,54739.665059,54740.022820,54740.059897
R344:54739.667333,0.054205,54739.667428,54740.059947,54740.114167
R345:54739.680250,0.019846,54739.708209,54740.114231,54740.134078
R346:54739.747262,0.052024,54739.747344,54740.134135,54740.186160
R347:54739.869848,0.002574,54739.869943,54740.186230,54740.188804
R348:54739.893398,0.081311,54739.893511,54740.188825,54740.270137
R349:54739.974777,0.057273,54739.974871,54740.270234,54740.327508
R350:54740.041998,0.018767,54740.042097,54740.327567,54740.346334
R351:54740.172664,0.017686,54740.172760,54740.346373,54740.364060
R352:54740.250674,0.010478,54740.252069,54740.364076,54740.374555
R353:54740.343664,0.002746,54740.343783,54740.374623,54740.377369
R354:54740.394051,0.008556,54740.394098,54740.394107,54740.402664
R355:54740.402310,0.007319,54740.402810,54740.402943,54740.410262
R356:54740.419024,0.002990,54740.419172,54740.419189,54740.422180
R357:54740.469248,0.145479,54740.469863,54740.469875,54740.615355
R358:54740.591793,0.129660,54740.592274,54740.615427,54740.745146
R359:54740.595116,0.014851,54740.595267,54740.745200,54740.760158
R360:54740.630407,0.009246,54740.630586,54740.760181,54740.769429
R361:54740.679669,0.032347,54740.679931,54740.769459,54740.801807
R362:54740.728600,0.130230,54740.728924,54740.801880,54740.932111
R363:54740.822638,0.043644,54740.822920,54740.932235,54740.975880
R364:54740.864297,0.012760,54740.864547,54740.975938,54740.988698
R365:54740.937036,0.050199,54740.937159,54740.988726,54741.038927
R366:54740.954225,0.000840,54740.954413,54741.038952,54741.039792
R367:54740.997955,0.021351,54740.998176,54741.039905,54741.061257
R368:54741.147964,0.036973,54741.148504,54741.148515,54741.185489
R369:54741.161046,0.018348,54741.185547,54741.185559,54741.203909
R370:54741.189728,0.051801,54741.203984,54741.204000,54741.255801
R371:54741.253547,0.015669,54741.253969,54741.255839,54741.271509
R372:54741.286601,0.020240,54741.287021,54741.287108,54741.307349
R373:54741.354208,0.071191,54741.354860,54741.354869,54741.426061
R374:54741.367759,0.057533,54741.395288,54741.426118,54741.483652
R375:54741.384445,0.093256,54741.395292,54741.484317,54741.577574
R376:54741.385412,0.045910,54741.395309,54741.577620,54741.623531
R377:54741.492199,0.055125,54741.492351,54741.623569,54741.678695
R378:54741.514947,0.094194,54741.533363,54741.678750,54741.772959
R379:54741.557844,0.014801,54741.557957,54741.773037,54741.787838
R380:54741.574664,0.036117,54741.574755,54741.787871,54741.823988
R381:54741.579814,0.047262,54741.579936,54741.824112,54741.871374
R382:54741.702828,0.086111,54741.702917,54741.871433,54741.957545
R383:54741.745311,0.066732,54741.745438,54741.957617,54742.024350
R384:54741.923473,0.022310,54741.923578,54742.024400,54742.046711
R385:54741.947702,0.001208,54741.957600,54742.046740,54742.047948
R386:54741.950443,0.033399,54741.957602,54742.047956,54742.081355
R387:54741.951156,0.061595,54741.957604,54742.081414,54742.143010
R388:54741.971104,0.035404,54741.999243,54742.143088,54742.179168
R389:54742.066859,0.004074,54742.067006,54742.179230,54742.183306
R390:54742.102832,0.033048,54742.102954,54742.183333,54742.216382
R391:54742.115855,0.002218,54742.143075,54742.216409,54742.218628
R392:54742.259432,0.014042,54742.259579,54742.259615,54742.273658
R393:54742.267211,0.047240,54742.273756,54742.273770,54742.321011
R394:54742.336481,0.162940,54742.337133,54742.337142,54742.500082
R395:54742.342185,0.009082,54742.342750,54742.500199,54742.509282
R396:54742.455010,0.070793,54742.455180,54742.509309,54742.580103
R397:54742.491571,0.000350,54742.491715,54742.580194,54742.580545
R398:54742.575563,0.066678,54742.575677,54742.580604,54742.647282
R399:54742.624874,0.127920,54742.624951,54742.647341,54742.775263
R400:54742.700765,0.077474,54742.700871,54742.775316,54742.852791
R401:54742.706594,0.005350,54742.741211,54742.852858,54742.858223
R402:54742.869275,0.013677,54742.869405,54742.869420,54742.883098
R403:54742.887254,0.004993,54742.887569,54742.887580,54742.892574
R404:54742.979640,0.016232,54742.979732,54742.979744,54742.995977
R405:54743.056088,0.138801,54743.056941,54743.056953,54743.195755
R406:54743.066782,0.005084,54743.096943,54743.195790,54743.200876
R407:54743.146344,0.093305,54743.147101,54743.200912,54743.294218
R408:54743.366936,0.058958,54743.367116,54743.367140,54743.426098
R409:54743.390321,0.028493,54743.390505,54743.426133,54743.454628
R410:54743.424433,0.019577,54743.424473,54743.454687,54743.474265
R411:54743.483503,0.006962,54743.483551,54743.483643,54743.490606
R412:54743.534662,0.023741,54743.534700,54743.534752,54743.558494
R413:54743.539494,0.053922,54743.558561,54743.558577,54743.612500
R414:54743.547742,0.106299,54743.558563,54743.612555,54743.718855
R415:54743.554573,0.011841,54743.558565,54743.718911,54743.730752
R416:54743.603283,0.037633,54743.603318,54743.730805,54743.768438
R417:54743.664948,0.143430,54743.664987,54743.768645,54743.912077
R418:54743.686412,0.006510,54743.705140,54743.912137,54743.918648
R419:54743.767903,0.036174,54743.768292,54743.918681,54743.954917
R420:54743.771078,0.011885,54743.771107,54743.954978,54743.966864
R421:54743.800113,0.008727,54743.812143,54743.966886,54743.975630
R422:54743.833850,0.028437,54743.833890,54743.975662,54744.004101
R423:54743.854593,0.052461,54743.854644,54744.004151,54744.056613
R424:54743.855409,0.030990,54743.855515,54744.056679,54744.087670
R425:54743.863545,0.075763,54743.863586,54744.087714,54744.163478
R426:54743.868867,0.057708,54743.868974,54744.163525,54744.221234
R427:54743.954914,0.100945,54743.954960,54744.221288,54744.322234
R428:54744.089509,0.002417,54744.089536,54744.322311,54744.324728
R429:54744.093356,0.009748,54744.093376,54744.324768,54744.334517
R430:54744.135407,0.005800,54744.135455,54744.334540,54744.340340
R431:54744.282009,0.045341,54744.282085,54744.340348,54744.385689
R432:54744.309989,0.060255,54744.322298,54744.385765,54744.446021
R433:54744.367309,0.026096,54744.367431,54744.446060,54744.472189
R434:54744.411368,0.043099,54744.411436,54744.472218,54744.515318
R435:54744.508261,0.012534,54744.508408,54744.515379,54744.527913
R436:54744.650065,0.023436,54744.650117,54744.650719,54744.674156
R437:54744.736721,0.005129,54744.736782,54744.736941,54744.742071
R438:54744.763587,0.024496,54744.763642,54744.763786,54744.788282
R439:54744.855384,0.136042,54744.855439,54744.855965,54744.992008
R440:54744.932520,0.089030,54744.932567,54744.992039,54745.081070
R441:54745.040016,0.050421,54745.040388,54745.081112,54745.131533
R442:54745.112153,0.048996,54745.112240,54745.131583,54745.180580
R443:54745.153117,0.043234,54745.153170,54745.180630,54745.223865
R444:54745.192945,0.001496,54745.192980,54745.223926,54745.225462
R445:54745.255004,0.045778,54745.255059,54745.255148,54745.300927
R446:54745.333652,0.007771,54745.333728,54745.334552,54745.342768
R447:54745.342180,0.075121,54745.342829,54745.343192,54745.418315
R448:54745.354347,0.066460,54745.384272,54745.418381,54745.484842
R449:54745.458182,0.054937,54745.458223,54745.484910,54745.539847
R450:54745.470079,0.005579,54745.484896,54745.539882,54745.545462
R451:54745.491407,0.005392,54745.526290,54745.545472,54745.550865
R452:54745.613615,0.015757,54745.614175,54745.614257,54745.630015
R453:54745.650131,0.016965,54745.650213,54745.650973,54745.667939
R454:54745.662653,0.146874,54745.667986,54745.668530,54745.815405
R455:54745.722453,0.035354,54745.722496,54745.815462,54745.850816
R456:54745.737063,0.137717,54745.737106,54745.850865,54745.988583
R457:54745.821184,0.017450,54745.821281,54745.988615,54746.006066
R458:54745.830572,0.051714,54745.830616,54746.006314,54746.058040
R459:54745.877312,0.013254,54745.877360,54746.058070,54746.071325
R460:54745.993155,0.049626,54745.993204,54746.071436,54746.121063
R461:54746.056385,0.083831,54746.056418,54746.121120,54746.204953
R462:54746.156607,0.001443,54746.156655,54746.205005,54746.206449
R463:54746.239845,0.048062,54746.239889,54746.240526,54746.288589
R464:54746.289634,0.074457,54746.289662,54746.289756,54746.364214
R465:54746.369947,0.003993,54746.369992,54746.370074,54746.374067
R466:54746.388725,0.009481,54746.388756,54746.388921,54746.398403
R467:54746.506703,0.022298,54746.506770,54746.506934,54746.529233
R468:54746.517882,0.023798,54746.529277,54746.529290,54746.553089
R469:54746.550485,0.005306,54746.553209,54746.553223,54746.558529
R470:54746.608490,0.101796,54746.608551,54746.608665,54746.710462
R471:54746.630550,0.005500,54746.650302,54746.710716,54746.716217
R472:54746.682580,0.069259,54746.682619,54746.716252,54746.785511
R473:54746.773771,0.022848,54746.773818,54746.785575,54746.808424
R474:54746.802174,0.015886,54746.802252,54746.808527,54746.824414
R475:54746.830185,0.003534,54746.830284,54746.830809,54746.834653
R476:54746.881216,0.028299,54746.881271,54746.881822,54746.910122
R477:54747.010156,0.056173,54747.010276,54747.010674,54747.067020
R478:54747.128738,0.031899,54747.128799,54747.129525,54747.161427
R479:54747.163173,0.012707,54747.163198,54747.163538,54747.176256
R480:54747.182494,0.042986,54747.182532,54747.183452,54747.226439
R481:54747.198294,0.006738,54747.223107,54747.226592,54747.233331
R482:54747.218294,0.032711,54747.223113,54747.233358,54747.266070
R483:54747.295268,0.010690,54747.295423,54747.295748,54747.306439
R484:54747.332561,0.007158,54747.332634,54747.333265,54747.340425
R485:54747.441618,0.010202,54747.441651,54747.441728,54747.451931
R486:54747.461001,0.115517,54747.461054,54747.461932,54747.577449
R487:54747.461230,0.082674,54747.501225,54747.577671,54747.660346
R488:54747.480216,0.058162,54747.501233,54747.660409,54747.718572
R489:54747.538983,0.002288,54747.539069,54747.718629,54747.720917
R490:54747.550291,0.074596,54747.550337,54747.720959,54747.795555
R491:54747.729532,0.098759,54747.729579,54747.795596,54747.894356
R492:54747.737388,0.257460,54747.770266,54747.894408,54748.151869
R493:54747.750826,0.055117,54747.770280,54748.151905,54748.207208
R494:54747.793749,0.088172,54747.793819,54748.207243,54748.295416
R495:54747.829724,0.062223,54747.830009,54748.295467,54748.357703
R496:54747.954898,0.010752,54747.954965,54748.357768,54748.368521
R497:54747.984785,0.008404,54747.984939,54748.368586,54748.376990
R498:54748.086947,0.019567,54748.086997,54748.377023,54748.396591
R499:54748.150483,0.038019,54748.150551,54748.397251,54748.435271
R500:54748.174896,0.051134,54748.174932,54748.435311,54748.486450
R501:54748.209558,0.030816,54748.209742,54748.486500,54748.517316
R502:54748.280997,0.000293,54748.281114,54748.517380,54748.517673
R503:54748.325153,0.010637,54748.325202,54748.517720,54748.528358
R504:54748.343198,0.029358,54748.357753,54748.528386,54748.557745
R505:54748.409528,0.052934,54748.409574,54748.557804,54748.610739
R506:54748.424862,0.021487,54748.424912,54748.610790,54748.632278
R507:54748.438830,0.027792,54748.438865,54748.632328,54748.660121
R508:54748.479450,0.002589,54748.479476,54748.660139,54748.662729
R509:54748.503599,0.082867,54748.503671,54748.662741,54748.745609
R510:54748.509641,0.215788,54748.517367,54748.745672,54748.961461
R511:54748.627297,0.016723,54748.627358,54748.961488,54748.978212
R512:54748.668909,0.022256,54748.668951,54748.978241,54749.000497
R513:54748.680598,0.096134,54748.680640,54749.000518,54749.096653
R514:54748.713491,0.077133,54748.721102,54749.096700,54749.173833
R515:54748.777762,0.007561,54748.777807,54749.173894,54749.181456
R516:54748.805204,0.005457,54748.818319,54749.181513,54749.186973
R517:54748.836314,0.171625,54748.836359,54749.187065,54749.358691
R518:54748.887772,0.101662,54748.887830,54749.358735,54749.460398
R519:54748.894454,0.081127,54748.894482,54749.460447,54749.541575
R520:54748.904297,0.025183,54748.904329,54749.541624,54749.566807
R521:54748.925436,0.038001,54748.925487,54749.566829,54749.604831
R522:54748.960110,0.175398,54748.960164,54749.604856,54749.780330
R523:54749.037506,0.004635,54749.037558,54749.780382,54749.785017
R524:54749.215826,0.002727,54749.215884,54749.785076,54749.787803
R525:54749.217527,0.114890,54749.217557,54749.787863,54749.902754
R526:54749.344992,0.027163,54749.345084,54749.902861,54749.930025
R527:54749.347948,0.012414,54749.347982,54749.930121,54749.942536
R528:54749.359753,0.048748,54749.359789,54749.942564,54749.991313
R529:54749.444112,0.030947,54749.444161,54749.991358,54750.022306
R530:54749.448676,0.030803,54749.448754,54750.022384,54750.053188
R531:54749.478685,0.090252,54749.478731,54750.053254,54750.143507
R532:54749.530798,0.011297,54749.530846,54750.143558,54750.154856
R533:54749.577241,0.055823,54749.577294,54750.154913,54750.210737
R534:54749.668356,0.164239,54749.668407,54750.210788,54750.375104
R535:54749.672817,0.024267,54749.709196,54750.375191,54750.399458
R536:54749.709371,0.133577,54749.709388,54750.399508,54750.533086
R537:54749.734684,0.005449,54749.734727,54750.533145,54750.538594
R538:54749.874295,0.104214,54749.875240,54750.538633,54750.642862
R539:54750.004508,0.127172,54750.004600,54750.642986,54750.770158
R540:54750.017693,0.004697,54750.022371,54750.770218,54750.774916
R541:54750.165412,0.172722,54750.165450,54750.774942,54750.947664
R542:54750.261255,0.000237,54750.261312,54750.947771,54750.948008
R543:54750.300950,0.016927,54750.301095,54750.948108,54750.965036
R544:54750.315094,0.015183,54750.315141,54750.965061,54750.980245
R545:54750.372634,0.001859,54750.372712,54750.980269,54750.982133
R546:54750.449808,0.021578,54750.449833,54750.982171,54751.003750
R547:54750.521867,0.016784,54750.521931,54751.003812,54751.020597
R548:54750.636955,0.056236,54750.636996,54751.020654,54751.076890
R549:54750.682053,0.048916,54750.682101,54751.077030,54751.125947
R550:54750.858540,0.028359,54750.858655,54751.126009,54751.154407
R551:54750.915354,0.276595,54750.915405,54751.154548,54751.431144
R552:54750.916026,0.129794,54750.916144,54751.431215,54751.561009
R553:54750.941529,0.015369,54750.941585,54751.561069,54751.576438
R554:54750.947776,0.017199,54750.947878,54751.576467,54751.593666
R555:54751.038031,0.065411,54751.038071,54751.593688,54751.659101
R556:54751.049791,0.000349,54751.076986,54751.659172,54751.659521
R557:54751.076698,0.110142,54751.076991,54751.659580,54751.769723
R558:54751.143657,0.108729,54751.143793,54751.769779,54751.878508
R559:54751.145071,0.050971,54751.145194,54751.878553,54751.929525
R560:54751.157724,0.129766,54751.157790,54751.929574,54752.059342
R561:54751.167486,0.102031,54751.198120,54752.064133,54752.166165
R562:54751.231543,0.039673,54751.231613,54752.166274,54752.205947
R563:54751.250146,0.088194,54751.250191,54752.206105,54752.294300
R564:54751.259944,0.005991,54751.260194,54752.294359,54752.300351
R565:54751.274943,0.098587,54751.274992,54752.300376,54752.398963
R566:54751.308931,0.030925,54751.308991,54752.399001,54752.429927
R567:54751.353155,0.120127,54751.353207,54752.429956,54752.550096
R568:54751.461399,0.156304,54751.461430,54752.550133,54752.706439
R569:54751.489381,0.010394,54751.489500,54752.706494,54752.716888
R570:54751.500546,0.022327,54751.501156,54752.716934,54752.739262
R571:54751.518640,0.049427,54751.518915,54752.739304,54752.788732
R572:54751.657670,0.047789,54751.657733,54752.788774,54752.836571
R573:54751.683728,0.023805,54751.683769,54752.836676,54752.860481
R574:54751.724924,0.059223,54751.724959,54752.860538,54752.919762
R575:54751.764215,0.052500,54751.764366,54752.919825,54752.972326
R576:54751.765546,0.059158,54751.765568,54752.972382,54753.031541
R577:54751.819636,0.112858,54751.819698,54753.031927,54753.144786
R578:54751.860994,0.056246,54751.861209,54753.144829,54753.201076
R579:54751.877117,0.031218,54751.877280,54753.201127,54753.232346
R580:54751.949383,0.009719,54751.949423,54753.232411,54753.242131
R581:54752.036771,0.020324,54752.036860,54753.242171,54753.262496
R582:54752.059301,0.010045,54752.059384,54753.262546,54753.272591
R583:54752.115897,0.001244,54752.115928,54753.272615,54753.273859
R584:54752.131600,0.027035,54752.156179,54753.273867,54753.300903
R585:54752.139980,0.024330,54752.156183,54753.300928,54753.325259
R586:54752.153349,0.006944,54752.156189,54753.325396,54753.332341
R587:54752.237212,0.007830,54752.237264,54753.332399,54753.340229
R588:54752.238368,0.037810,54752.278450,54753.340278,54753.378088
R589:54752.314988,0.014184,54752.315189,54753.378148,54753.392332
R590:54752.356768,0.039016,54752.356870,54753.392387,54753.431405
R591:54752.371241,0.092931,54752.396169,54753.431433,54753.524365
R592:54752.498509,0.026993,54752.498675,54753.524432,54753.551426
R593:54752.515137,0.032394,54752.539154,54753.551442,54753.583837
R594:54752.591692,0.031129,54752.591732,54753.583866,54753.614996
R595:54752.597992,0.106316,54752.632290,54753.615058,54753.721375
R596:54752.756301,0.015491,54752.756366,54753.721425,54753.736917
R597:54752.813821,0.016287,54752.813871,54753.736975,54753.753263
R598:54752.827977,0.030649,54752.836658,54753.753293,54753.783943
R599:54752.861477,0.044159,54752.861552,54753.783999,54753.828159
R600:54752.881887,0.036165,54752.902794,54753.828215,54753.864380
R601:54752.998154,0.053031,54752.998192,54753.864407,54753.917439
R602:54753.197489,0.209917,54753.197531,54753.917514,54754.127433
R603:54753.255490,0.024687,54753.255526,54754.127492,54754.152180
R604:54753.344755,0.019464,54753.344779,54754.152215,54754.171680
R605:54753.386964,0.067387,54753.387012,54754.171709,54754.239097
R606:54753.443742,0.038148,54753.443776,54754.239156,54754.277306
R607:54753.555075,0.005247,54753.555205,54754.277374,54754.282622
R608:54753.604271,0.019560,54753.604374,54754.282639,54754.302200
R609:54753.772368,0.002217,54753.772418,54754.302218,54754.304436
R610:54753.820408,0.036462,54753.820461,54754.304450,54754.340912
R611:54753.907571,0.027869,54753.907714,54754.340970,54754.368841
R612:54754.052099,0.007474,54754.052261,54754.368901,54754.376376
R613:54754.138014,0.013235,54754.138059,54754.376400,54754.389636
R614:54754.206272,0.000396,54754.206333,54754.389660,54754.390056
R615:54754.257259,0.032032,54754.257463,54754.390061,54754.422094
R616:54754.352980,0.078252,54754.353063,54754.422144,54754.500397
R617:54754.394569,0.009151,54754.394626,54754.500461,54754.509612
R618:54754.402828,0.129855,54754.402878,54754.509664,54754.639521
R619:54754.486573,0.017225,54754.486624,54754.639562,54754.656788
R620:54754.532138,0.010757,54754.532199,54754.656816,54754.667573
R621:54754.548474,0.005948,54754.572330,54754.667591,54754.673539
R622:54754.550475,0.047842,54754.572341,54754.673548,54754.721391
R623:54754.623216,0.056685,54754.623266,54754.721955,54754.778641
R624:54754.636622,0.077621,54754.636698,54754.778692,54754.856313
R625:54754.792742,0.064886,54754.792791,54754.856362,54754.921249
R626:54754.863877,0.051873,54754.863930,54754.921308,54754.973182
R627:54754.884279,0.004723,54754.884315,54754.973219,54754.977942
R628:54754.893678,0.098107,54754.893732,54754.978069,54755.076204
R629:54754.979110,0.024031,54754.979129,54755.076242,54755.100274
R630:54755.000861,0.007646,54755.020110,54755.100304,54755.107950
R631:54755.113137,0.024719,54755.113187,54755.113276,54755.137996
R632:54755.220474,0.199373,54755.221157,54755.221352,54755.420726
R633:54755.370567,0.061656,54755.370626,54755.420867,54755.482523
R634:54755.416021,0.006063,54755.416076,54755.482560,54755.488624
R635:54755.548125,0.008417,54755.548181,54755.548780,54755.557197
R636:54755.548244,0.001608,54755.557515,54755.557566,54755.559175
R637:54755.568742,0.001783,54755.568791,54755.569013,54755.570797
R638:54755.586125,0.032588,54755.586168,54755.586461,54755.619049
R639:54755.644198,0.044239,54755.644232,54755.644899,54755.689139
R640:54755.713682,0.028523,54755.713771,54755.714223,54755.742747
R641:54755.731126,0.042563,54755.731172,54755.742798,54755.785361
R642:54755.752181,0.031573,54755.752221,54755.785440,54755.817013
R643:54755.756969,0.100077,54755.785427,54755.817090,54755.917168
R644:54755.817454,0.213244,54755.817477,54755.917204,54756.130448
R645:54755.839591,0.010842,54755.858090,54756.130510,54756.141355
R646:54755.855390,0.005330,54755.858097,54756.141415,54756.146746
R647:54755.863029,0.003118,54755.863049,54756.146810,54756.149929
R648:54755.911960,0.007674,54755.912005,54756.149957,54756.157633
R649:54755.916954,0.228016,54755.917019,54756.157725,54756.385742
R650:54755.998530,0.073293,54755.998580,54756.385793,54756.459087
R651:54756.015152,0.041535,54756.039188,54756.459283,54756.500818
R652:54756.024144,0.026513,54756.039196,54756.500877,54756.527392
R653:54756.114110,0.029740,54756.114147,54756.527447,54756.557216
R654:54756.165577,0.018734,54756.165612,54756.557286,54756.576025
R655:54756.289002,0.008572,54756.289113,54756.576143,54756.584715
R656:54756.291568,0.021506,54756.291588,54756.584737,54756.606243
R657:54756.368674,0.087901,54756.368713,54756.606285,54756.694186
R658:54756.442026,0.025038,54756.442065,54756.694393,54756.719432
R659:54756.536806,0.007855,54756.536848,54756.719462,54756.727324
R660:54756.602591,0.139814,54756.602617,54756.727408,54756.867223
R661:54756.629504,0.035425,54756.629529,54756.867262,54756.902688
R662:54756.652892,0.129726,54756.670106,54756.902715,54757.032442
R663:54756.655348,0.006543,54756.670112,54757.032495,54757.039039
R664:54756.702267,0.020560,54756.702317,54757.039072,54757.059633
R665:54756.707975,0.019585,54756.719474,54757.059656,54757.079242
R666:54756.714977,0.014831,54756.719476,54757.079289,54757.094120
R667:54756.722115,0.118783,54756.727392,54757.094192,54757.212975
R668:54756.844163,0.033436,54756.844239,54757.213010,54757.246447
R669:54756.905773,0.040895,54756.905850,54757.246509,54757.287406
R670:54756.930732,0.024788,54756.930778,54757.287463,54757.312269
R671:54757.020580,0.039633,54757.020608,54757.312351,54757.351985
R672:54757.090847,0.029609,54757.090924,54757.352014,54757.381624
R673:54757.166221,0.040845,54757.166270,54757.381678,54757.422524
R674:54757.192880,0.003492,54757.207241,54757.422544,54757.426081
R675:54757.295443,0.012467,54757.295528,54757.426100,54757.438567
R676:54757.363777,0.002244,54757.363821,54757.438584,54757.440833
R677:54757.364447,0.002381,54757.381663,54757.440840,54757.443222
R678:54757.437750,0.017575,54757.437852,54757.443227,54757.460803
R679:54757.631790,0.001876,54757.632462,54757.632472,54757.634348
R680:54757.642207,0.016521,54757.642690,54757.642731,54757.659253
R681:54757.698095,0.067314,54757.698650,54757.698691,54757.766006
R682:54757.723088,0.014335,54757.738220,54757.766050,54757.780386
R683:54757.766058,0.011551,54757.766114,54757.780434,54757.791986
R684:54757.824035,0.000111,54757.824058,54757.824360,54757.824471
R685:54757.898476,0.038505,54757.898520,54757.898909,54757.937440
R686:54757.979047,0.032805,54757.979086,54757.979537,54758.012342
R687:54758.006907,0.007167,54758.012389,54758.012417,54758.019586
R688:54758.011860,0.030751,54758.012406,54758.019641,54758.050392
R689:54758.158298,0.073225,54758.158355,54758.159238,54758.232464
R690:54758.223808,0.025152,54758.223866,54758.232511,54758.257664
R691:54758.265487,0.038098,54758.265549,54758.265689,54758.303788
R692:54758.518645,0.063253,54758.519120,54758.519167,54758.582420
R693:54758.550882,0.026248,54758.559228,54758.582461,54758.608710
R694:54758.599124,0.069104,54758.599166,54758.608778,54758.677883
R695:54758.600022,0.052160,54758.608767,54758.677936,54758.730097
R696:54758.632808,0.082033,54758.650278,54758.730140,54758.812174
R697:54758.634561,0.042010,54758.650283,54758.812248,54758.854259
R698:54758.661893,0.001745,54758.661953,54758.854290,54758.856153
R699:54758.665213,0.078586,54758.665250,54758.856177,54758.934763
R700:54758.748807,0.038781,54758.748844,54758.934815,54758.973597
R701:54758.751996,0.028072,54758.789310,54758.973646,54759.001719
R702:54758.775193,0.026699,54758.789314,54759.001743,54759.028443
R703:54758.776716,0.148511,54758.789315,54759.028472,54759.176984
R704:54758.823122,0.014712,54758.823159,54759.177127,54759.191841
R705:54758.938102,0.025535,54758.938164,54759.191861,54759.217396
R706:54759.008665,0.061378,54759.008713,54759.217421,54759.278840
R707:54759.067282,0.004684,54759.067335,54759.278924,54759.283609
R708:54759.217742,0.035969,54759.217945,54759.283628,54759.319597
R709:54759.248980,0.028895,54759.249011,54759.319690,54759.348586
R710:54759.288087,0.143307,54759.288142,54759.348630,54759.491937
R711:54759.305599,0.017280,54759.305635,54759.491981,54759.509262
R712:54759.311371,0.032129,54759.319674,54759.509314,54759.541443
R713:54759.388770,0.081646,54759.388816,54759.541475,54759.623121
R714:54759.498496,0.050427,54759.498530,54759.623259,54759.673686
R715:54759.538176,0.039360,54759.538239,54759.673745,54759.713106
R716:54759.589606,0.130383,54759.589651,54759.713133,54759.843518
R717:54759.601421,0.010879,54759.623244,54759.843557,54759.854436
R718:54759.805892,0.038573,54759.805997,54759.854460,54759.893034
R719:54759.829299,0.011984,54759.829352,54759.893114,54759.905099
R720:54759.838316,0.098938,54759.838494,54759.905127,54760.004065
R721:54759.926339,0.029241,54759.926379,54760.004119,54760.033360
R722:54759.979521,0.039507,54759.979567,54760.033397,54760.072905
R723:54760.027120,0.252011,54760.027314,54760.072943,54760.324956
R724:54760.070710,0.001526,54760.070839,54760.324997,54760.326524
R725:54760.074543,0.019360,54760.074566,54760.326538,54760.345899
R726:54760.106377,0.036599,54760.116168,54760.345930,54760.382531
R727:54760.307728,0.064074,54760.307965,54760.382555,54760.446631
R728:54760.362179,0.032108,54760.362218,54760.446694,54760.478802
R729:54760.638859,0.034806,54760.638906,54760.639330,54760.674136
R730:54760.680599,0.006618,54760.680645,54760.681100,54760.687718
R731:54760.687112,0.016698,54760.688022,54760.688035,54760.704733
R732:54760.689793,0.001054,54760.704770,54760.705118,54760.706172
R733:54760.692695,0.024739,54760.705108,54760.706195,54760.730934
R734:54760.729027,0.048869,54760.729120,54760.730966,54760.779836
R735:54760.774639,0.021623,54760.774667,54760.779890,54760.801514
R736:54760.826301,0.012196,54760.826350,54760.826647,54760.838844
R737:54760.863553,0.002787,54760.863584,54760.863920,54760.866707
R738:54760.951424,0.019733,54760.951482,54760.951526,54760.971292
R739:54761.031632,0.086254,54761.031675,54761.031750,54761.118005
R740:54761.034438,0.032715,54761.072275,54761.118064,54761.150779
R741:54761.058960,0.019972,54761.072278,54761.150839,54761.170812
R742:54761.067581,0.070559,54761.072280,54761.170860,54761.241420
R743:54761.466739,0.243663,54761.466794,54761.466882,54761.710545
R744:54761.469832,0.043221,54761.469874,54761.710595,54761.753816
R745:54761.484454,0.020705,54761.484504,54761.753872,54761.774579
R746:54761.522389,0.038848,54761.522436,54761.774616,54761.813488
R747:54761.590573,0.069905,54761.590623,54761.814160,54761.884066
R748:54761.645361,0.005404,54761.645416,54761.884122,54761.889561
R749:54761.691437,0.006368,54761.691517,54761.889606,54761.895975
R750:54761.700203,0.068646,54761.700241,54761.895999,54761.964646
R751:54761.772359,0.011888,54761.772410,54761.964685,54761.976573
R752:54761.807865,0.015364,54761.807910,54761.976625,54761.991989
R753:54761.991338,0.064690,54761.991368,54761.992024,54762.056714
R754:54762.008814,0.018812,54762.008851,54762.056764,54762.075576
R755:54762.058538,0.146696,54762.058570,54762.075623,54762.222320
R756:54762.102925,0.058640,54762.103125,54762.222375,54762.281016
R757:54762.191345,0.078751,54762.191470,54762.281074,54762.359825
R758:54762.209662,0.019860,54762.209804,54762.359886,54762.379747
R759:54762.242993,0.056448,54762.243075,54762.379832,54762.436281
R760:54762.328791,0.016368,54762.328823,54762.436321,54762.452690
R761:54762.460648,0.046975,54762.460680,54762.460802,54762.507778
R762:54762.461702,0.050901,54762.505325,54762.507854,54762.558755
R763:54762.557001,0.023937,54762.557067,54762.558830,54762.582767
R764:54762.582360,0.035194,54762.582405,54762.582796,54762.617991
R765:54762.657660,0.031487,54762.657731,54762.658125,54762.689613
R766:54762.696710,0.176496,54762.696745,54762.696815,54762.873311
R767:54762.712997,0.012108,54762.737256,54762.873358,54762.885466
R768:54762.776191,0.144746,54762.776296,54762.885492,54763.030239
R769:54762.791283,0.087405,54762.791322,54763.030297,54763.117703
R770:54762.949297,0.033515,54762.949345,54763.117742,54763.151287
R771:54762.967233,0.002671,54762.967285,54763.151318,54763.153989
R772:54763.051560,0.002503,54763.051635,54763.153995,54763.156499
R773:54763.063966,0.049121,54763.064018,54763.156514,54763.205636
R774:54763.168344,0.049760,54763.168429,54763.205676,54763.255437
R775:54763.195554,0.016644,54763.195607,54763.255493,54763.272138
R776:54763.216827,0.019131,54763.216862,54763.272160,54763.291291
R777:54763.350994,0.065264,54763.351248,54763.351362,54763.416628
R778:54763.475166,0.014680,54763.475211,54763.475381,54763.490064
R779:54763.649587,0.059824,54763.649645,54763.649881,54763.709705
R780:54763.656167,0.046998,54763.690338,54763.709753,54763.756757
R781:54763.735456,0.000591,54763.735495,54763.756817,54763.758092
R782:54763.745790,0.092861,54763.756830,54763.758198,54763.851060
R783:54763.795020,0.084449,54763.795103,54763.851105,54763.935555
R784:54763.810226,0.009175,54763.836110,54763.935603,54763.944778
R785:54763.897422,0.002399,54763.897452,54763.944820,54763.947244
R786:54763.954808,0.026713,54763.954852,54763.955169,54763.981882
R787:54764.014728,0.090106,54764.014760,54764.015132,54764.105239
R788:54764.020739,0.143998,54764.055175,54764.105303,54764.249302
R789:54764.055316,0.091427,54764.055333,54764.249364,54764.340791
R790:54764.089715,0.071958,54764.089764,54764.340841,54764.412799
R791:54764.137407,0.033057,54764.137461,54764.412841,54764.445900
R792:54764.144794,0.000746,54764.178098,54764.445962,54764.446708
R793:54764.149587,0.001906,54764.178101,54764.446778,54764.448684
R794:54764.162931,0.019429,54764.178107,54764.448707,54764.468136
R795:54764.180417,0.001472,54764.180436,54764.468166,54764.469639
R796:54764.254471,0.115211,54764.254537,54764.469660,54764.584871
R797:54764.403708,0.035809,54764.403757,54764.584914,54764.620723
R798:54764.406258,0.015569,54764.406290,54764.620772,54764.636343
R799:54764.482518,0.038033,54764.482544,54764.636369,54764.674408
R800:54764.504928,0.171895,54764.522246,54764.674453,54764.846349
R801:54764.537114,0.004788,54764.537171,54764.846409,54764.851197
R802:54764.585634,0.056715,54764.585754,54764.851230,54764.907946
R803:54764.612772,0.093050,54764.612823,54764.908014,54765.001065
R804:54764.758217,0.024470,54764.758260,54765.001120,54765.025591
R805:54764.813390,0.010934,54764.813482,54765.025613,54765.036548
R806:54764.878364,0.082078,54764.878408,54765.036572,54765.118650
R807:54764.887934,0.013112,54764.908001,54765.118713,54765.131826
R808:54764.952168,0.111660,54764.952208,54765.131864,54765.243525
R809:54765.048518,0.004736,54765.048870,54765.244228,54765.248964
R810:54765.066843,0.000162,54765.066971,54765.249076,54765.249238
R811:54765.081230,0.007899,54765.081281,54765.249251,54765.257151
R812:54765.089071,0.008726,54765.089158,54765.257185,54765.265911
R813:54765.219996,0.052128,54765.220184,54765.265931,54765.318060
R814:54765.280301,0.207392,54765.280345,54765.318136,54765.525530
R815:54765.311564,0.099359,54765.318113,54765.525571,54765.624931
R816:54765.322756,0.071271,54765.359264,54765.624976,54765.696248
R817:54765.492156,0.020311,54765.492238,54765.696302,54765.716614
R818:54765.664260,0.106262,54765.664300,54765.716689,54765.822952
R819:54765.697084,0.003102,54765.697113,54765.822992,54765.826095
R820:54765.708777,0.099078,54765.716673,54765.826112,54765.925191
R821:54765.727305,0.027020,54765.757365,54765.925239,54765.952260
R822:54765.745008,0.138036,54765.757376,54765.952312,54766.090349
R823:54765.807681,0.033628,54765.808001,54766.090405,54766.124034
R824:54765.866383,0.123996,54765.866413,54766.124111,54766.248108
R825:54765.964800,0.002269,54765.964841,54766.248152,54766.250421
R826:54766.013096,0.060089,54766.013176,54766.250429,54766.310519
R827:54766.153207,0.086545,54766.153244,54766.310590,54766.397136
R828:54766.165063,0.094201,54766.165099,54766.397190,54766.491392
R829:54766.274232,0.016926,54766.274282,54766.491433,54766.508360
R830:54766.309642,0.052551,54766.309672,54766.508383,54766.560935
R831:54766.408884,0.076692,54766.408949,54766.560965,54766.637658
R832:54766.418049,0.005509,54766.449105,54766.637707,54766.643216
R833:54766.447523,0.094178,54766.449113,54766.643248,54766.737427
R834:54766.454588,0.017580,54766.454605,54766.737477,54766.755058
R835:54766.687815,0.014553,54766.687940,54766.755091,54766.769645
R836:54766.820636,0.008998,54766.820792,54766.821309,54766.830308
R837:54766.830440,0.087739,54766.830455,54766.831403,54766.919143
R838:54766.892161,0.019150,54766.892206,54766.919193,54766.938344
R839:54766.898199,0.133693,54766.898236,54766.938404,54767.072097
R840:54766.919406,0.113466,54766.919428,54767.072173,54767.185640
R841:54766.934321,0.008357,54766.938391,54767.185696,54767.194054
R842:54767.140179,0.009069,54767.140232,54767.194088,54767.203158
R843:54767.190785,0.030389,54767.190839,54767.203176,54767.233566
R844:54767.400280,0.029631,54767.400318,54767.400639,54767.430271
R845:54767.401211,0.093582,54767.430329,54767.430342,54767.523925
R846:54767.476829,0.111616,54767.476919,54767.523968,54767.635585
R847:54767.482709,0.035419,54767.482733,54767.635633,54767.671052
R848:54767.538815,0.069026,54767.538912,54767.671080,54767.740106
R849:54767.863635,0.200813,54767.863681,54767.863759,54768.064572
R850:54767.889350,0.015300,54767.889446,54768.064664,54768.079965
R851:54767.893085,0.011381,54767.893105,54768.080013,54768.091395
R852:54767.909432,0.117452,54767.909481,54768.091425,54768.208877
R853:54767.941745,0.037725,54767.941842,54768.208930,54768.246655
R854:54767.944444,0.021331,54767.944470,54768.246684,54768.268015
R855:54767.959601,0.030548,54767.959651,54768.268112,54768.298660
R856:54767.995149,0.028648,54767.995246,54768.298748,54768.327398
R857:54768.012404,0.091588,54768.012434,54768.327465,54768.419053
R858:54768.066929,0.044323,54768.067091,54768.419100,54768.463424
R859:54768.119871,0.047847,54768.119925,54768.463468,54768.511316
R860:54768.141227,0.001934,54768.141405,54768.511361,54768.513295
R861:54768.145598,0.007110,54768.182241,54768.513311,54768.520423
R862:54768.180247,0.004852,54768.182246,54768.520440,54768.525293
R863:54768.328588,0.131351,54768.328616,54768.525301,54768.656652
R864:54768.385600,0.271541,54768.385638,54768.656697,54768.928239
R865:54768.488833,0.108591,54768.488922,54768.928277,54769.036870
R866:54768.624158,0.007786,54768.624249,54769.036904,54769.044691
R867:54768.642335,0.058165,54768.656705,54769.044734,54769.102900
R868:54768.649142,0.006405,54768.656707,54769.102951,54769.109357
R869:54768.653136,0.015836,54768.656710,54769.109387,54769.125224
R870:54768.668126,0.056671,54768.697286,54769.125280,54769.181952
R871:54768.703759,0.062142,54768.703791,54769.182630,54769.244772
R872:54768.776334,0.020755,54768.776401,54769.244802,54769.265558
R873:54768.783344,0.062983,54768.783380,54769.265602,54769.328585
R874:54768.828131,0.093739,54768.828177,54769.328622,54769.422362
R875:54768.974742,0.164354,54768.974779,54769.422400,54769.586756
R876:54768.997683,0.079054,54768.998024,54769.586818,54769.665873
R877:54769.118250,0.084423,54769.118431,54769.665904,54769.750328
R878:54769.124412,0.066459,54769.125268,54769.750367,54769.816827
R879:54769.245502,0.065057,54769.245530,54769.816881,54769.881938
R880:54769.321122,0.052862,54769.321161,54769.881983,54769.934846
R881:54769.394374,0.231088,54769.394404,54769.934888,54770.165977
R882:54769.447748,0.060771,54769.447814,54770.166009,54770.226781
R883:54769.537092,0.093387,54769.537161,54770.226849,54770.320237
R884:54769.600746,0.112694,54769.600842,54770.320304,54770.432999
R885:54769.697353,0.017208,54769.697404,54770.433103,54770.450313
R886:54769.704843,0.093421,54769.704868,54770.450365,54770.543787
R887:54769.752484,0.058125,54769.752735,54770.543828,54770.601954
R888:54769.753105,0.040363,54769.753125,54770.602009,54770.642374
R889:54769.764724,0.005995,54769.764778,54770.642437,54770.648433
R890:54769.793743,0.066538,54769.793788,54770.648496,54770.715034
R891:54769.822431,0.016779,54769.822460,54770.715102,54770.731882
R892:54769.827029,0.009366,54769.864392,54770.731969,54770.741336
R893:54769.869270,0.026953,54769.869298,54770.741360,54770.768314
R894:54769.875424,0.092633,54769.875448,54770.768344,54770.860978
R895:54770.006992,0.050675,54770.007038,54770.861034,54770.911710
R896:54770.015733,0.071001,54770.047374,54770.911772,54770.982774
R897:54770.053945,0.017305,54770.053995,54770.982825,54771.000131
R898:54770.108908,0.018187,54770.108963,54771.000227,54771.018414
R899:54770.143422,0.016799,54770.143461,54771.018468,54771.035268
R900:54770.151774,0.014724,54770.151821,54771.035291,54771.050016
R901:54770.164290,0.074144,54770.164371,54771.050036,54771.124181
R902:54770.212218,0.043277,54770.212281,54771.124235,54771.167512
R903:54770.218248,0.016849,54770.226836,54771.167562,54771.184412
R904:54770.252580,0.099700,54770.267140,54771.184435,54771.284135
R905:54770.260568,0.038139,54770.267146,54771.284181,54771.322321
R906:54770.288939,0.032188,54770.288972,54771.322374,54771.354563
R907:54770.339892,0.006937,54770.339936,54771.354606,54771.361544
R908:54770.434856,0.125661,54770.434900,54771.361563,54771.487224
R909:54770.492597,0.040107,54770.492627,54771.487274,54771.527382
R910:54770.536593,0.058677,54770.536624,54771.527432,54771.586110
R911:54770.616477,0.014916,54770.616534,54771.586230,54771.601146
R912:54770.628236,0.084615,54770.642424,54771.601172,54771.685788
R913:54770.661408,0.120802,54770.661454,54771.685858,54771.806661
R914:54770.705935,0.058330,54770.705964,54771.806696,54771.865034
R915:54770.713144,0.019340,54770.713180,54771.865083,54771.884424
R916:54770.725360,0.074062,54770.725402,54771.884448,54771.958511
R917:54770.885294,0.002269,54770.885344,54771.958549,54771.960818
R918:54770.890861,0.040383,54770.911760,54771.960827,54772.001210
R919:54770.915213,0.033172,54770.952150,54772.001247,54772.034419
R920:54770.937917,0.065374,54770.952157,54772.034481,54772.099856
R921:54770.968706,0.000884,54770.968763,54772.099892,54772.100777
R922:54770.970105,0.090784,54770.970135,54772.100797,54772.191582
R923:54770.983061,0.094753,54770.983093,54772.191645,54772.286400
R924:54770.992121,0.059096,54771.000185,54772.286477,54772.345574
R925:54771.070805,0.036536,54771.070863,54772.345608,54772.382145
R926:54771.099690,0.044581,54771.111144,54772.382174,54772.426756
R927:54771.126826,0.089507,54771.126863,54772.426830,54772.516338
R928:54771.210228,0.019791,54771.210250,54772.516383,54772.536175
R929:54771.239471,0.037407,54771.251107,54772.536280,54772.573688
R930:54771.315377,0.140569,54771.315418,54772.573741,54772.714311
R931:54771.316392,0.159827,54771.322361,54772.714350,54772.874177
R932:54771.420959,0.141775,54771.421011,54772.874222,54773.015998
R933:54771.490361,0.003325,54771.490392,54773.016485,54773.019811
R934:54771.490636,0.020315,54771.490653,54773.019843,54773.040160
R935:54771.528695,0.122297,54771.528728,54773.040199,54773.162500
R936:54771.573061,0.041945,54771.573118,54773.162584,54773.204530
R937:54771.576809,0.015570,54771.576851,54773.204570,54773.220141
R938:54771.725336,0.004057,54771.725366,54773.220168,54773.224226
R939:54771.754412,0.008798,54771.765113,54773.224238,54773.233037
R940:54771.761595,0.036552,54771.765120,54773.233054,54773.269607
R941:54771.845446,0.008438,54771.845646,54773.269653,54773.278092
R942:54771.909187,0.030455,54771.909215,54773.278156,54773.308612
R943:54771.915773,0.036131,54771.951146,54773.308640,54773.344772
R944:54772.163347,0.065864,54772.163433,54773.344821,54773.410686
R945:54772.248613,0.080092,54772.248641,54773.410755,54773.490848
R946:54772.251154,0.109821,54772.286464,54773.490887,54773.600709
R947:54772.313295,0.024269,54772.327249,54773.600832,54773.625102
R948:54772.392102,0.071571,54772.392131,54773.625160,54773.696731
R949:54772.490790,0.019691,54772.490908,54773.696794,54773.716485
R950:54772.524065,0.314409,54772.524099,54773.716505,54774.030914
R951:54772.529693,0.008618,54772.536266,54774.030967,54774.039585
R952:54772.544919,0.009301,54772.573729,54774.039612,54774.048914
R953:54772.591353,0.177105,54772.614126,54774.048943,54774.226048
R954:54772.622272,0.039172,54772.622319,54774.226114,54774.265286
R955:54772.638187,0.000956,54772.638249,54774.265319,54774.266275
R956:54772.646192,0.083616,54772.646237,54774.266347,54774.349964
R957:54772.649838,0.009339,54772.649882,54774.350003,54774.359342
R958:54772.660564,0.008871,54772.660600,54774.359377,54774.368249
R959:54772.678030,0.002637,54772.678203,54774.368317,54774.370956
R960:54772.742799,0.064762,54772.742841,54774.370994,54774.435757
R961:54772.868381,0.041819,54772.868442,54774.435816,54774.477637
R962:54772.974503,0.046752,54772.974552,54774.477681,54774.524433
R963:54773.027852,0.029446,54773.027916,54774.524472,54774.553919
R964:54773.196302,0.025554,54773.196345,54774.553977,54774.579532
R965:54773.222135,0.031123,54773.222180,54774.579590,54774.610714
R966:54773.304553,0.000476,54773.304587,54774.610776,54774.611252
R967:54773.333392,0.166558,54773.333433,54774.611259,54774.777818
R968:54773.387701,0.002438,54773.387727,54774.777881,54774.780320
R969:54773.398750,0.027835,54773.410741,54774.780356,54774.808192
R970:54773.550919,0.003505,54773.550970,54774.808226,54774.811732
R971:54773.600670,0.052851,54773.600709,54774.811774,54774.864627
R972:54773.633574,0.048387,54773.633621,54774.864668,54774.913056
R973:54773.751713,0.008022,54773.751745,54774.913115,54774.921138
R974:54773.848531,0.035441,54773.848583,54774.921171,54774.956613
R975:54773.934289,0.056558,54773.934323,54774.956648,54775.013207
R976:54773.947874,0.002537,54773.947928,54775.013237,54775.015775
R977:54773.963539,0.094495,54773.963569,54775.015861,54775.110356
R978:54773.979463,0.010867,54773.979517,54775.110406,54775.121273
R979:54774.039824,0.001284,54774.039863,54775.121293,54775.122577
R980:54774.059664,0.003338,54774.059707,54775.122586,54775.125925
R981:54774.110087,0.253950,54774.110113,54775.125930,54775.379882
R982:54774.147973,0.005851,54774.150087,54775.379947,54775.385798
R983:54774.153162,0.014603,54774.153193,54775.385842,54775.400446
R984:54774.329985,0.111895,54774.330078,54775.400502,54775.512398
R985:54774.339968,0.069069,54774.340060,54775.512427,54775.581496
R986:54774.403612,0.006735,54774.403818,54775.581546,54775.588314
R987:54774.584150,0.091911,54774.584186,54775.588348,54775.680259
R988:54774.612726,0.012691,54774.612754,54775.680299,54775.692990
R989:54774.688968,0.037614,54774.689018,54775.693030,54775.730645
R990:54774.940344,0.010459,54774.940396,54775.730671,54775.741130
R991:54775.014243,0.168897,54775.014455,54775.741171,54775.910069
R992:54775.027565,0.029902,54775.027612,54775.910131,54775.940034
R993:54775.042927,0.112749,54775.068114,54775.940061,54776.052811
R994:54775.136883,0.005758,54775.136986,54776.052870,54776.058652
R995:54775.195394,0.013784,54775.195495,54776.059562,54776.073346
R996:54775.337778,0.026315,54775.337840,54776.073400,54776.099716
R997:54775.349559,0.014213,54775.349640,54776.099765,54776.113978
R998:54775.365275,0.010705,54775.365680,54776.114011,54776.124717
R999:54775.407163,0.056607,54775.407622,54776.124738,54776.181346
R1000:54775.446420,0.009977,54775.448178,54776.181395,54776.191373
R1001:54775.451479,0.002410,54775.451499,54776.191403,54776.193813
R1002:54775.483108,0.087927,54775.483160,54776.193820,54776.281748
R1003:54775.504026,0.002722,54775.504088,54776.281786,54776.284508
R1004:54775.625989,0.104819,54775.626042,54776.284576,54776.389395
R1005:54775.629061,0.076579,54775.666099,54776.389425,54776.466005
R1006:54775.677556,0.077495,54775.677620,54776.466069,54776.543564
R1007:54775.681449,0.018126,54775.681476,54776.543623,54776.561750
R1008:54775.758671,0.041561,54775.758739,54776.561807,54776.603369
R1009:54775.773899,0.107407,54775.799313,54776.603412,54776.710820
R1010:54775.786478,0.006373,54775.799320,54776.710864,54776.717238
R1011:54775.848842,0.093749,54775.848896,54776.717264,54776.811013
R1012:54775.856354,0.022232,54775.856381,54776.811053,54776.833286
R1013:54775.898544,0.002487,54775.898676,54776.833310,54776.835798
R1014:54775.904400,0.045166,54775.904422,54776.835804,54776.880970
R1015:54775.949665,0.050769,54775.949785,54776.881019,54776.931788
R1016:54776.022272,0.008280,54776.022320,54776.931816,54776.940096
R1017:54776.105572,0.004309,54776.105597,54776.940110,54776.944420
R1018:54776.169968,0.042521,54776.170003,54776.944427,54776.986949
R1019:54776.389328,0.001636,54776.389381,54776.987001,54776.988643
R1020:54776.398275,0.063155,54776.398312,54776.988652,54777.051808
R1021:54776.432258,0.036254,54776.439141,54777.051833,54777.088088
R1022:54776.526503,0.041699,54776.526548,54777.088167,54777.129867
R1023:54776.565671,0.067895,54776.565715,54777.129945,54777.197841
R1024:54776.660975,0.000959,54776.661021,54777.197903,54777.198862
R1025:54776.668826,0.081338,54776.701196,54777.198878,54777.280217
R1026:54776.723527,0.069382,54776.723552,54777.280263,54777.349646
R1027:54776.731898,0.055065,54776.765293,54777.349688,54777.404754
R1028:54776.790293,0.068158,54776.790336,54777.404809,54777.472968
R1029:54776.796835,0.054083,54776.796872,54777.473023,54777.527134
R1030:54776.866947,0.029195,54776.866988,54777.527179,54777.556375
R1031:54776.890046,0.006085,54776.890072,54777.556699,54777.562823
R1032:54776.909862,0.205211,54776.931263,54777.562857,54777.768068
R1033:54776.960137,0.042807,54776.960208,54777.768111,54777.810918
R1034:54776.972497,0.020226,54776.972542,54777.810944,54777.831171
R1035:54777.018345,0.000307,54777.018470,54777.831196,54777.831503
R1036:54777.071177,0.027528,54777.071223,54777.831509,54777.859038
R1037:54777.074773,0.040472,54777.088154,54777.859098,54777.899570
R1038:54777.116626,0.020899,54777.129932,54777.899632,54777.920532
R1039:54777.368120,0.006348,54777.368158,54777.920558,54777.926930
R1040:54777.388187,0.128714,54777.388280,54777.926979,54778.055694
R1041:54777.413782,0.034585,54777.413853,54778.055766,54778.090352
R1042:54777.558829,0.042518,54777.559107,54778.090380,54778.132936
R1043:54777.622246,0.076488,54777.622288,54778.132972,54778.209485
R1044:54777.633274,0.107248,54777.664150,54778.209536,54778.316785
R1045:54777.655394,0.053328,54777.664154,54778.316838,54778.370197
R1046:54777.688893,0.067949,54777.688947,54778.370231,54778.438210
R1047:54777.711070,0.126345,54777.711101,54778.438265,54778.564611
R1048:54777.793171,0.171431,54777.793253,54778.564647,54778.736078
R1049:54777.865676,0.016622,54777.865702,54778.736114,54778.752736
R1050:54777.904246,0.005417,54777.904345,54778.752774,54778.758192
R1051:54777.924766,0.021555,54777.924790,54778.758248,54778.779804
R1052:54777.944221,0.083245,54777.944253,54778.779839,54778.863085
R1053:54777.986417,0.036193,54777.986458,54778.863123,54778.899316
R1054:54778.117567,0.011332,54778.117610,54778.899373,54778.910734
R1055:54778.127352,0.035977,54778.127397,54778.910767,54778.946745
R1056:54778.183830,0.040710,54778.183957,54778.947211,54778.987921
R1057:54778.192121,0.080649,54778.209522,54778.987979,54779.068629
R1058:54778.193205,0.009870,54778.209524,54779.068681,54779.078551
R1059:54778.201637,0.029586,54778.209525,54779.078597,54779.108218
R1060:54778.251419,0.001446,54778.251568,54779.108248,54779.109694
R1061:54778.255591,0.024492,54778.255661,54779.109725,54779.134218
R1062:54778.262301,0.103116,54778.262424,54779.134252,54779.237369
R1063:54778.345059,0.034473,54778.345105,54779.237426,54779.271900
R1064:54778.365987,0.081142,54778.366073,54779.271930,54779.353073
R1065:54778.469064,0.007581,54778.469107,54779.353127,54779.360719
R1066:54778.554625,0.003626,54778.554666,54779.360735,54779.364361
R1067:54778.686849,0.028230,54778.687067,54779.364386,54779.392617
R1068:54778.724728,0.025208,54778.727322,54779.392646,54779.417855
R1069:54778.843273,0.001686,54778.843314,54779.417881,54779.419573
R1070:54779.006558,0.043479,54779.006646,54779.419589,54779.463068
R1071:54779.057648,0.064614,54779.057702,54779.463098,54779.527723
R1072:54779.101839,0.040876,54779.101889,54779.527792,54779.568669
R1073:54779.110756,0.015572,54779.110782,54779.568706,54779.584279
R1074:54779.152866,0.005837,54779.152890,54779.584331,54779.590189
R1075:54779.228214,0.080391,54779.228341,54779.590218,54779.670610
R1076:54779.299181,0.084823,54779.299389,54779.670686,54779.755510
R1077:54779.309500,0.120543,54779.340362,54779.755542,54779.876085
R1078:54779.322202,0.034092,54779.340369,54779.876138,54779.910231
R1079:54779.388354,0.037742,54779.388470,54779.910258,54779.948001
R1080:54779.418502,0.010499,54779.418866,54779.948058,54779.958558
R1081:54779.438631,0.011303,54779.438686,54779.958591,54779.969894
R1082:54779.500856,0.008807,54779.500953,54779.969943,54779.978751
R1083:54779.518012,0.007546,54779.527900,54779.978793,54779.986340
R1084:54779.574977,0.043406,54779.575086,54779.986362,54780.029769
R1085:54779.620454,0.008495,54779.620648,54780.029804,54780.038300
R1086:54779.631281,0.063541,54779.631479,54780.038329,54780.101871
R1087:54779.641331,0.017763,54779.670713,54780.101955,54780.119719
R1088:54779.759940,0.026185,54779.760260,54780.119765,54780.145950
R1089:54779.778704,0.000780,54779.778801,54780.145978,54780.146758
R1090:54779.825916,0.016484,54779.826087,54780.146764,54780.163253
R1091:54779.867160,0.053434,54779.867244,54780.163308,54780.216743
R1092:54779.961513,0.000106,54779.961594,54780.216805,54780.216911
R1093:54779.967355,0.077330,54779.969933,54780.216917,54780.294247
R1094:54780.013899,0.184876,54780.014160,54780.294272,54780.479149
R1095:54780.052550,0.078851,54780.052658,54780.479214,54780.558066
R1096:54780.074292,0.219290,54780.074416,54780.558129,54780.777420
R1097:54780.084649,0.027579,54780.101941,54780.777477,54780.805057
R1098:54780.387919,0.049641,54780.388027,54780.805093,54780.854735
R1099:54780.396973,0.061298,54780.429288,54780.854790,54780.916088
R1100:54780.443157,0.066831,54780.443194,54780.916191,54780.983043
R1101:54780.456302,0.023170,54780.456407,54780.983090,54781.006261
R1102:54780.566790,0.068205,54780.566915,54781.006306,54781.074512
R1103:54780.600817,0.066315,54780.608471,54781.074566,54781.140883
R1104:54780.662451,0.013491,54780.662682,54781.140937,54781.154429
R1105:54780.671782,0.055421,54780.671938,54781.154464,54781.209886
R1106:54780.749018,0.041642,54780.749135,54781.209915,54781.251558
R1107:54780.789634,0.047707,54780.789718,54781.251639,54781.299347
R1108:54780.811694,0.111867,54780.811799,54781.299386,54781.411254
R1109:54780.858338,0.003293,54780.858421,54781.411350,54781.414643
R1110:54780.887027,0.063440,54780.887122,54781.414663,54781.478104
R1111:54780.999856,0.001683,54780.999904,54781.478169,54781.479852
R1112:54781.108243,0.095825,54781.108382,54781.479946,54781.575773
R1113:54781.176604,0.096696,54781.176684,54781.575827,54781.672524
R1114:54781.210677,0.001066,54781.210724,54781.672582,54781.673649
R1115:54781.247358,0.058896,54781.247402,54781.673661,54781.732558
R1116:54781.293785,0.027645,54781.293807,54781.732612,54781.760264
R1117:54781.373563,0.012106,54781.373617,54781.760627,54781.772750
R1118:54781.378116,0.065991,54781.411327,54781.772906,54781.838898
R1119:54781.389101,0.019369,54781.411331,54781.838955,54781.858326
R1120:54781.556146,0.060133,54781.556184,54781.858387,54781.918520
R1121:54781.751079,0.033340,54781.751117,54781.918572,54781.951913
R1122:54782.013837,0.019103,54782.013870,54782.014297,54782.033401
R1123:54782.031024,0.089218,54782.033447,54782.033460,54782.122679
R1124:54782.037118,0.034998,54782.068199,54782.122736,54782.157735
R1125:54782.050333,0.004130,54782.068205,54782.157764,54782.161895
R1126:54782.176172,0.069912,54782.176225,54782.176732,54782.246646
R1127:54782.190469,0.131975,54782.190515,54782.246679,54782.378655
R1128:54782.197708,0.042132,54782.197790,54782.378716,54782.420848
R1129:54782.249676,0.004617,54782.249832,54782.420881,54782.425498
R1130:54782.335088,0.021230,54782.335278,54782.425505,54782.446735
R1131:54782.384963,0.021453,54782.385007,54782.446751,54782.468205
R1132:54782.469439,0.092649,54782.469462,54782.469589,54782.562239
R1133:54782.551514,0.140497,54782.551565,54782.562310,54782.702808
R1134:54782.598579,0.036025,54782.598621,54782.702849,54782.738874
R1135:54782.647629,0.039412,54782.647677,54782.738915,54782.778329
R1136:54782.665812,0.014521,54782.665858,54782.778392,54782.792914
R1137:54782.680635,0.032494,54782.680684,54782.792939,54782.825434
R1138:54782.683762,0.007165,54782.683797,54782.825479,54782.832646
R1139:54782.731883,0.075799,54782.731924,54782.832680,54782.908480
R1140:54782.753067,0.011522,54782.753100,54782.908531,54782.920054
R1141:54782.810297,0.097996,54782.810355,54782.920108,54783.018105
R1142:54782.920596,0.178882,54782.920624,54783.018162,54783.197045
R1143:54783.098102,0.041578,54783.098378,54783.197194,54783.238773
R1144:54783.184584,0.042403,54783.185221,54783.238830,54783.281234
R1145:54783.228773,0.007078,54783.228820,54783.281268,54783.288388
R1146:54783.287745,0.028380,54783.287790,54783.288425,54783.316806
R1147:54783.426745,0.058302,54783.426797,54783.426880,54783.485182
R1148:54783.463471,0.002292,54783.467139,54783.485254,54783.488415
R1149:54783.481789,0.095660,54783.481834,54783.488460,54783.584120
R1150:54783.537109,0.109981,54783.537211,54783.584152,54783.694134
R1151:54783.583118,0.073785,54783.583186,54783.694188,54783.768069
R1152:54783.612232,0.028084,54783.612263,54783.768098,54783.796183
R1153:54783.621774,0.062033,54783.654219,54783.796219,54783.858253
R1154:54783.639148,0.040964,54783.654229,54783.858297,54783.899262
R1155:54783.686861,0.011168,54783.686930,54783.899316,54783.910485
R1156:54783.726864,0.021609,54783.726912,54783.910514,54783.932124
R1157:54783.808462,0.064338,54783.808524,54783.932146,54783.996485
R1158:54783.813190,0.093876,54783.813260,54783.996555,54784.090432
R1159:54783.835758,0.099918,54783.855318,54784.090591,54784.190509
R1160:54783.856839,0.141765,54783.856894,54784.190571,54784.332337
R1161:54783.888594,0.020511,54783.888642,54784.332392,54784.352905
R1162:54784.202910,0.032440,54784.202955,54784.352927,54784.385368
R1163:54784.230308,0.052599,54784.243260,54784.385401,54784.438002
R1164:54784.231827,0.052935,54784.243264,54784.438062,54784.490998
R1165:54784.272974,0.004191,54784.273438,54784.491091,54784.496404
R1166:54784.313132,0.115579,54784.313165,54784.496468,54784.612048
R1167:54784.357595,0.057514,54784.359536,54784.612078,54784.669593
R1168:54784.465966,0.005327,54784.466154,54784.669659,54784.674986
R1169:54784.489094,0.112173,54784.491213,54784.675007,54784.787181
R1170:54784.517153,0.108348,54784.517303,54784.787233,54784.895581
R1171:54784.577615,0.027701,54784.577666,54784.895633,54784.923335
R1172:54784.583399,0.008325,54784.583603,54784.923386,54784.931712
R1173:54784.598752,0.040973,54784.598944,54784.931735,54784.972735
R1174:54784.608121,0.028783,54784.608174,54784.972772,54785.001556
R1175:54784.608251,0.027167,54784.608264,54785.001585,54785.028752
R1176:54784.639238,0.027255,54784.639398,54785.028812,54785.056068
R1177:54784.666165,0.069995,54784.669646,54785.056131,54785.126127
R1178:54784.744549,0.075842,54784.744580,54785.126170,54785.202013
R1179:54784.871219,0.027207,54784.871315,54785.202517,54785.229725
R1180:54784.900152,0.118911,54784.900182,54785.229753,54785.348665
R1181:54784.932015,0.186348,54784.932107,54785.348724,54785.535073
R1182:54784.970808,0.021682,54784.970857,54785.535110,54785.556792
R1183:54785.062667,0.007473,54785.062711,54785.556819,54785.564293
R1184:54785.122607,0.002757,54785.122666,54785.564305,54785.567062
R1185:54785.156277,0.006007,54785.156336,54785.567077,54785.573086
R1186:54785.158269,0.006780,54785.198211,54785.573114,54785.579895
R1187:54785.313964,0.009649,54785.314011,54785.579919,54785.589568
R1188:54785.357571,0.058200,54785.357629,54785.589586,54785.647787
R1189:54785.376163,0.016466,54785.398347,54785.647849,54785.664316
R1190:54785.450209,0.008635,54785.450254,54785.664343,54785.672983
R1191:54785.458267,0.035099,54785.458373,54785.673103,54785.708203
R1192:54785.525911,0.030392,54785.526028,54785.708312,54785.738717
R1193:54785.574912,0.032348,54785.575001,54785.738758,54785.771107
R1194:54785.592178,0.054223,54785.592247,54785.771126,54785.825350
R1195:54785.607687,0.055397,54785.607747,54785.825389,54785.880787
R1196:54785.734707,0.025217,54785.734739,54785.880830,54785.906052
R1197:54785.781980,0.023691,54785.782122,54785.906074,54785.929765
R1198:54785.840489,0.018198,54785.840535,54785.929791,54785.947989
R1199:54785.917417,0.011210,54785.917466,54785.948013,54785.959223
R1200:54785.958238,0.039808,54785.958403,54785.959242,54785.999050
R1201:54785.983450,0.017680,54785.983594,54785.999077,54786.016769
R1202:54786.004968,0.095738,54786.005010,54786.016802,54786.112540
R1203:54786.067842,0.156108,54786.067885,54786.112601,54786.268710
R1204:54786.103746,0.011671,54786.110735,54786.268793,54786.280464
R1205:54786.147422,0.054804,54786.147475,54786.280493,54786.335298
R1206:54786.162712,0.137690,54786.189127,54786.335341,54786.473032
R1207:54786.188370,0.145577,54786.189141,54786.473101,54786.618739
R1208:54786.198948,0.027931,54786.199001,54786.618860,54786.646791
R1209:54786.226916,0.049425,54786.226994,54786.646848,54786.696273
R1210:54786.258040,0.019136,54786.258086,54786.696332,54786.715469
R1211:54786.263605,0.053810,54786.263669,54786.715494,54786.769305
R1212:54786.283601,0.143512,54786.283633,54786.769366,54786.912879
R1213:54786.353568,0.030998,54786.353664,54786.912940,54786.943938
R1214:54786.355962,0.040225,54786.395275,54786.943991,54786.984253
R1215:54786.372146,0.046713,54786.395282,54786.984282,54787.030996
R1216:54786.432797,0.188471,54786.432851,54787.031052,54787.219524
R1217:54786.439037,0.075114,54786.439089,54787.219584,54787.294699
R1218:54786.570081,0.023766,54786.570126,54787.294798,54787.318565
R1219:54786.668716,0.023097,54786.668777,54787.318612,54787.341710
R1220:54786.742436,0.175077,54786.742477,54787.341741,54787.516819
R1221:54786.791842,0.153173,54786.791889,54787.516875,54787.670048
R1222:54786.794113,0.011533,54786.832126,54787.670107,54787.681640
R1223:54786.925848,0.017688,54786.925909,54787.681688,54787.699377
R1224:54787.053471,0.019346,54787.053626,54787.699416,54787.718762
R1225:54787.110500,0.064350,54787.110588,54787.718785,54787.783136
R1226:54787.256257,0.012644,54787.256319,54787.783219,54787.795865
R1227:54787.313586,0.021766,54787.313636,54787.795919,54787.817686
R1228:54787.341545,0.027193,54787.341589,54787.817745,54787.844939
R1229:54787.352087,0.026820,54787.352121,54787.844957,54787.871778
R1230:54787.446909,0.032491,54787.446998,54787.871812,54787.904304
R1231:54787.647139,0.003835,54787.647193,54787.904332,54787.908167
R1232:54787.648660,0.131032,54787.648678,54787.908175,54788.039208
R1233:54787.682556,0.016728,54787.682578,54788.039262,54788.056003
R1234:54787.788870,0.043916,54787.788910,54788.056033,54788.099951
R1235:54787.809907,0.111305,54787.809990,54788.100013,54788.211318
R1236:54787.869640,0.058570,54787.869779,54788.211350,54788.269920
R1237:54787.915090,0.030859,54787.915109,54788.269970,54788.300830
R1238:54788.019559,0.068169,54788.019605,54788.300857,54788.369027
R1239:54788.146282,0.037756,54788.146327,54788.369078,54788.406835
R1240:54788.226574,0.057650,54788.226635,54788.407529,54788.465191
R1241:54788.231653,0.060856,54788.231693,54788.465219,54788.526076
R1242:54788.249300,0.050662,54788.249335,54788.526148,54788.576810
R1243:54788.382349,0.003871,54788.382434,54788.576870,54788.580773
R1244:54788.386109,0.102728,54788.406908,54788.580796,54788.683545
R1245:54788.389903,0.001454,54788.406912,54788.683588,54788.685042
R1246:54788.428206,0.035865,54788.447215,54788.685050,54788.720916
R1247:54788.452550,0.081612,54788.452675,54788.720943,54788.802556
R1248:54788.458899,0.153612,54788.459180,54788.802602,54788.956215
R1249:54788.491610,0.068272,54788.491708,54788.956282,54789.024555
R1250:54788.497108,0.067966,54788.526130,54789.024592,54789.092558
R1251:54788.540331,0.004857,54788.566286,54789.092604,54789.097482
R1252:54788.596825,0.032899,54788.596904,54789.097502,54789.130402
R1253:54788.628729,0.019971,54788.628852,54789.130459,54789.152505
R1254:54788.673886,0.018669,54788.674013,54789.152534,54789.171205
R1255:54788.688798,0.017222,54788.688887,54789.171309,54789.188532
R1256:54788.798637,0.006011,54788.798744,54789.188590,54789.194602
R1257:54789.105149,0.116995,54789.105228,54789.194625,54789.311621
R1258:54789.403193,0.002679,54789.403338,54789.403356,54789.406562
R1259:54789.480382,0.082174,54789.480438,54789.480929,54789.563104
R1260:54789.692963,0.031539,54789.693013,54789.693466,54789.725006
R1261:54789.836316,0.015992,54789.836365,54789.836516,54789.852509
R1262:54789.936685,0.138891,54789.936736,54789.937331,54790.076223
R1263:54790.153473,0.027144,54790.153523,54790.153958,54790.181212
R1264:54790.158133,0.009142,54790.158214,54790.181268,54790.190411
R1265:54790.281686,0.028081,54790.281729,54790.282241,54790.310323
R1266:54790.291712,0.080582,54790.311114,54790.311130,54790.391713
R1267:54790.425707,0.021041,54790.426215,54790.426346,54790.447388
R1268:54790.466835,0.003920,54790.467472,54790.467481,54790.471403
R1269:54790.485380,0.035551,54790.485784,54790.485792,54790.521345
R1270:54790.547520,0.037976,54790.548618,54790.548627,54790.590318
R1271:54790.574781,0.024137,54790.590307,54790.590347,54790.614486
R1272:54790.664313,0.079368,54790.664845,54790.664887,54790.744255
R1273:54790.722035,0.025177,54790.722623,54790.744277,54790.769455
R1274:54790.740904,0.015377,54790.741420,54790.769484,54790.784861
R1275:54790.845606,0.073860,54790.846193,54790.846202,54790.920062
R1276:54790.858338,0.001919,54790.887196,54790.920108,54790.922028
R1277:54790.931706,0.062295,54790.933177,54790.933187,54790.995506
R1278:54790.934480,0.006602,54790.972231,54790.995564,54791.002167
R1279:54791.140587,0.100868,54791.140955,54791.140964,54791.241852
R1280:54791.148555,0.017471,54791.181369,54791.241901,54791.259372
R1281:54791.167752,0.011224,54791.181391,54791.259430,54791.270655
R1282:54791.187386,0.085462,54791.188273,54791.270715,54791.356178
R1283:54791.193113,0.023732,54791.193253,54791.356235,54791.379968
R1284:54791.237356,0.012253,54791.238580,54791.380018,54791.392286
R1285:54791.362481,0.016523,54791.362552,54791.392385,54791.408908
R1286:54791.483610,0.058076,54791.483756,54791.484187,54791.544352
R1287:54791.560687,0.025113,54791.560892,54791.560997,54791.587227
R1288:54791.621461,0.150688,54791.622083,54791.622093,54791.772794
R1289:54791.658164,0.020041,54791.663222,54791.772816,54791.792861
R1290:54791.745539,0.246465,54791.746087,54791.792888,54792.039353
R1291:54791.760759,0.148024,54791.760857,54792.039379,54792.187425
R1292:54791.769067,0.007974,54791.769367,54792.187664,54792.195639
R1293:54791.772384,0.000296,54791.772478,54792.195668,54792.195965
R1294:54791.834371,0.078456,54791.834531,54792.195968,54792.274433
R1295:54791.852383,0.041266,54791.875143,54792.274529,54792.315796
R1296:54791.967163,0.009293,54791.967226,54792.315830,54792.325124
R1297:54791.972302,0.010045,54791.972366,54792.325152,54792.335198
R1298:54792.053132,0.018375,54792.053274,54792.335220,54792.353597
R1299:54792.301998,0.107281,54792.302070,54792.353655,54792.460936
R1300:54792.348351,0.029588,54792.348456,54792.460997,54792.490586
R1301:54792.391520,0.016033,54792.391554,54792.491078,54792.507112
R1302:54792.402368,0.088223,54792.432394,54792.507179,54792.595403
R1303:54792.410858,0.047877,54792.432399,54792.595462,54792.643339
R1304:54792.472831,0.030776,54792.472892,54792.643384,54792.674161
R1305:54792.558346,0.267508,54792.558393,54792.674216,54792.941725
R1306:54792.721488,0.002478,54792.721524,54792.941782,54792.944260
R1307:54792.755147,0.032969,54792.762153,54792.944271,54792.977241
R1308:54792.915215,0.046315,54792.915447,54792.977301,54793.023617
R1309:54792.927684,0.031448,54792.927824,54793.023678,54793.055127
R1310:54792.965639,0.022443,54792.965755,54793.055168,54793.077612
R1311:54792.994108,0.032930,54792.994244,54793.077644,54793.110575
R1312:54792.996252,0.078445,54792.996318,54793.110635,54793.189081
R1313:54793.038501,0.036684,54793.038642,54793.189144,54793.225828
R1314:54793.099627,0.012702,54793.099740,54793.225887,54793.238590
R1315:54793.105956,0.048926,54793.110622,54793.238622,54793.287549
R1316:54793.134665,0.041882,54793.152191,54793.287592,54793.329475
R1317:54793.196868,0.081642,54793.196957,54793.329546,54793.411197
R1318:54793.325222,0.041926,54793.325564,54793.411237,54793.453164
R1319:54793.354147,0.009655,54793.354305,54793.453248,54793.462904
R1320:54793.385032,0.022878,54793.396235,54793.462979,54793.485858
R1321:54793.386883,0.032666,54793.396252,54793.485880,54793.518547
R1322:54793.397976,0.006070,54793.398180,54793.518614,54793.524708
R1323:54793.428381,0.047245,54793.428500,54793.524752,54793.571997
R1324:54793.610978,0.030006,54793.611625,54793.611636,54793.641643
R1325:54793.681456,0.006055,54793.682218,54793.682282,54793.688338
R1326:54793.686085,0.005652,54793.688384,54793.688840,54793.694493
R1327:54793.779286,0.021092,54793.779831,54793.779841,54793.800933
R1328:54793.829795,0.015117,54793.832147,54793.832158,54793.847276
R1329:54793.957050,0.307689,54793.957668,54793.957751,54794.265441
R1330:54794.068037,0.015522,54794.068710,54794.265484,54794.281007
R1331:54794.105066,0.008495,54794.105716,54794.281064,54794.289559
R1332:54794.159282,0.036749,54794.159847,54794.289605,54794.326355
R1333:54794.259250,0.013077,54794.259838,54794.326416,54794.339494
R1334:54794.439427,0.024035,54794.439962,54794.439971,54794.464007
R1335:54794.444622,0.006132,54794.464073,54794.464085,54794.470220
R1336:54794.473574,0.042972,54794.473982,54794.473990,54794.516964
R1337:54794.550410,0.008978,54794.551182,54794.551191,54794.560170
R1338:54794.600739,0.040779,54794.601303,54794.601344,54794.642124
R1339:54794.666048,0.026315,54794.667311,54794.667370,54794.693686
R1340:54794.749188,0.096131,54794.749735,54794.750094,54794.846226
R1341:54794.749763,0.086236,54794.790276,54794.846299,54794.932536
R1342:54794.791393,0.006378,54794.791796,54794.932631,54794.939009
R1343:54794.971299,0.098051,54794.971752,54794.971764,54795.069816
R1344:54794.981508,0.001520,54794.981650,54795.069872,54795.071393
R1345:54795.008270,0.100468,54795.008395,54795.071409,54795.171878
R1346:54795.116577,0.032617,54795.116710,54795.171922,54795.204540
R1347:54795.136427,0.007019,54795.137670,54795.204569,54795.211589
R1348:54795.138311,0.203842,54795.138544,54795.211611,54795.415453
R1349:54795.580893,0.004594,54795.581012,54795.581184,54795.585778
R1350:54795.605899,0.072806,54795.605970,54795.606573,54795.679381
R1351:54795.631207,0.006025,54795.646249,54795.679430,54795.685457
R1352:54795.643881,0.080048,54795.646254,54795.685474,54795.765522
R1353:54795.667336,0.001749,54795.667421,54795.765575,54795.767445
R1354:54795.685681,0.002751,54795.685754,54795.767470,54795.770222
R1355:54795.710586,0.022690,54795.710662,54795.770237,54795.792928
R1356:54795.743695,0.170363,54795.752160,54795.792950,54795.963314
R1357:54795.876492,0.101239,54795.876599,54795.963375,54796.064615
R1358:54795.889319,0.021732,54795.917211,54796.064673,54796.086406
R1359:54795.894827,0.031489,54795.917216,54796.086422,54796.117912
R1360:54795.967519,0.043904,54795.967610,54796.117943,54796.161849
R1361:54795.994889,0.056860,54795.994970,54796.161958,54796.218851
R1362:54796.017897,0.021955,54796.017994,54796.219992,54796.242789
R1363:54796.022019,0.003267,54796.022120,54796.242816,54796.246083
R1364:54796.115265,0.009400,54796.115370,54796.246112,54796.255512
R1365:54796.138707,0.060721,54796.138998,54796.255535,54796.316258
R1366:54796.148191,0.021865,54796.161968,54796.316331,54796.338197
R1367:54796.303162,0.016544,54796.303296,54796.338269,54796.354814
R1368:54796.397973,0.004966,54796.398110,54796.398371,54796.403337
R1369:54796.407301,0.035508,54796.407434,54796.407568,54796.443077
R1370:54796.428557,0.071291,54796.443173,54796.443179,54796.514471
R1371:54796.437617,0.002849,54796.443181,54796.514531,54796.517380
R1372:54796.552409,0.003083,54796.552543,54796.552906,54796.555989
R1373:54796.624568,0.083880,54796.624717,54796.624731,54796.708612
R1374:54796.767402,0.052581,54796.767465,54796.767956,54796.820538
R1375:54796.797206,0.079179,54796.797319,54796.820583,54796.899763
R1376:54796.815670,0.047555,54796.815717,54796.899811,54796.947476
R1377:54796.830661,0.017737,54796.830702,54796.947548,54796.965286
R1378:54796.866463,0.016726,54796.868770,54796.965345,54796.982072
R1379:54797.059644,0.018372,54797.059699,54797.060239,54797.078612
R1380:54797.084715,0.035965,54797.084801,54797.085229,54797.121195
R1381:54797.118771,0.025040,54797.121242,54797.121256,54797.146864
R1382:54797.119490,0.087801,54797.121245,54797.146949,54797.234750
R1383:54797.231681,0.000992,54797.231750,54797.234827,54797.235819
R1384:54797.294374,0.239881,54797.294872,54797.294881,54797.534763
R1385:54797.436140,0.003623,54797.436260,54797.534819,54797.538465
R1386:54797.478052,0.025650,54797.478132,54797.538506,54797.564156
R1387:54797.555532,0.032504,54797.555583,54797.564187,54797.596691
R1388:54797.563097,0.002493,54797.563146,54797.596721,54797.599214
R1389:54797.597554,0.103341,54797.597603,54797.599224,54797.702565
R1390:54797.616792,0.042390,54797.616853,54797.702626,54797.745016
R1391:54797.683668,0.136142,54797.683704,54797.745092,54797.881266
R1392:54797.745071,0.007671,54797.745098,54797.881309,54797.888980
R1393:54797.756540,0.008385,54797.786096,54797.888996,54797.897425
R1394:54797.771339,0.045173,54797.786105,54797.897448,54797.942684
R1395:54797.802294,0.106956,54797.802349,54797.942809,54798.049766
R1396:54797.836857,0.031981,54797.836943,54798.049819,54798.081823
R1397:54797.843330,0.184175,54797.843375,54798.081878,54798.266054
R1398:54797.861393,0.151672,54797.861444,54798.266109,54798.417781
R1399:54797.881266,0.012525,54797.881297,54798.417880,54798.430406
R1400:54798.170496,0.036969,54798.170551,54798.430437,54798.467407
R1401:54798.330351,0.059379,54798.330389,54798.467462,54798.526842
R1402:54798.349597,0.026957,54798.349648,54798.526909,54798.553867
R1403:54798.492796,0.024307,54798.492839,54798.553927,54798.578234
R1404:54798.503458,0.031200,54798.503509,54798.578299,54798.609500
R1405:54798.538321,0.008995,54798.538344,54798.609568,54798.618599
R1406:54798.554993,0.130584,54798.555019,54798.618657,54798.749241
R1407:54798.557102,0.012498,54798.578285,54798.749333,54798.761832
R1408:54798.562936,0.020167,54798.578287,54798.761885,54798.782053
R1409:54798.566951,0.034195,54798.578289,54798.782108,54798.816304
R1410:54798.593159,0.090840,54798.609556,54798.816376,54798.907227
R1411:54798.738464,0.001755,54798.738492,54798.907282,54798.909054
R1412:54798.764879,0.053035,54798.764903,54798.909063,54798.962100
R1413:54798.785558,0.047047,54798.785585,54798.962133,54799.009193
R1414:54798.786221,0.000193,54798.816363,54799.009286,54799.009480
R1415:54798.837973,0.039841,54798.857127,54799.009497,54799.049338
R1416:54798.936918,0.006551,54798.936960,54799.049419,54799.055971
R1417:54798.978538,0.029923,54798.978563,54799.056002,54799.086229
R1418:54798.994173,0.027005,54799.009265,54799.086260,54799.113266
R1419:54799.037387,0.000248,54799.037440,54799.113326,54799.113574
R1420:54799.137723,0.004922,54799.137781,54799.137839,54799.142762
R1421:54799.256386,0.124668,54799.256433,54799.257080,54799.381750
R1422:54799.266863,0.015637,54799.297147,54799.381832,54799.397470
R1423:54799.268061,0.004669,54799.297151,54799.398453,54799.403123
R1424:54799.276443,0.036088,54799.297157,54799.403289,54799.439602
R1425:54799.327517,0.037457,54799.327572,54799.439616,54799.477074
R1426:54799.376458,0.163656,54799.376512,54799.477135,54799.640831
R1427:54799.400630,0.054164,54799.400665,54799.640865,54799.695030
R1428:54799.446561,0.042322,54799.446608,54799.695061,54799.737384
R1429:54799.499827,0.012522,54799.499873,54799.737444,54799.749967
R1430:54799.517516,0.005411,54799.540099,54799.750026,54799.755438
R1431:54799.565106,0.005345,54799.565158,54799.755453,54799.760886
R1432:54799.647085,0.000758,54799.647136,54799.760911,54799.761669
R1433:54799.661394,0.072392,54799.661459,54799.761675,54799.834068
R1434:54799.706095,0.024475,54799.706140,54799.834140,54799.858616
R1435:54799.737667,0.018835,54799.737691,54799.858697,54799.877534
R1436:54799.819371,0.140218,54799.819424,54799.877588,54800.017807
R1437:54799.855896,0.034775,54799.855933,54800.017849,54800.052624
R1438:54799.870612,0.023085,54799.870663,54800.052651,54800.080705
R1439:54799.883672,0.082640,54799.883708,54800.080816,54800.163457
R1440:54799.933346,0.009610,54799.933380,54800.163517,54800.173127
R1441:54800.053064,0.013424,54800.053109,54800.173149,54800.186573
R1442:54800.076201,0.113858,54800.076270,54800.186600,54800.300459
R1443:54800.084489,0.069890,54800.084527,54800.300502,54800.370394
R1444:54800.210848,0.009210,54800.210893,54800.370450,54800.379661
R1445:54800.246062,0.002219,54800.246181,54800.379706,54800.381926
R1446:54800.449871,0.068358,54800.449929,54800.450799,54800.519158
R1447:54800.467544,0.034277,54800.467600,54800.519250,54800.553527
R1448:54800.476368,0.059621,54800.476436,54800.553586,54800.613207
R1449:54800.555839,0.010696,54800.555892,54800.613276,54800.624354
R1450:54800.572770,0.001573,54800.572829,54800.624415,54800.625989
R1451:54800.577745,0.041552,54800.577797,54800.626021,54800.667588
R1452:54800.618385,0.066918,54800.618432,54800.667642,54800.734561
R1453:54800.814139,0.009827,54800.814204,54800.815242,54800.825104
R1454:54800.818036,0.053343,54800.825289,54800.825309,54800.878717
R1455:54800.824421,0.237876,54800.825294,54800.878781,54801.116659
R1456:54801.065407,0.019477,54801.065480,54801.116734,54801.136212
R1457:54801.164241,0.171675,54801.164295,54801.164414,54801.336164
R1458:54801.178726,0.006610,54801.178815,54801.336288,54801.342899
R1459:54801.192683,0.058325,54801.192715,54801.342916,54801.401241
R1460:54801.263682,0.059370,54801.263781,54801.401385,54801.460756
R1461:54801.283315,0.041376,54801.283394,54801.460793,54801.502229
R1462:54801.357307,0.104676,54801.357457,54801.502292,54801.607227
R1463:54801.390242,0.011181,54801.390286,54801.607270,54801.618452
R1464:54801.394368,0.019294,54801.401302,54801.618496,54801.637790
R1465:54801.442241,0.053478,54801.442279,54801.637810,54801.691290
R1466:54801.471370,0.114848,54801.471429,54801.691341,54801.806190
R1467:54801.495596,0.019395,54801.502280,54801.806235,54801.825632
R1468:54801.509940,0.016901,54801.543193,54801.825720,54801.842622
R1469:54801.567055,0.068262,54801.567250,54801.842641,54801.910903
R1470:54801.606314,0.033362,54801.606442,54801.910932,54801.944331
R1471:54801.766175,0.074251,54801.766496,54801.944366,54802.018618
R1472:54801.840564,0.164785,54801.840601,54802.018700,54802.183485
R1473:54801.932788,0.001500,54801.932842,54802.183542,54802.185042
R1474:54802.008030,0.030978,54802.008096,54802.185053,54802.216032
R1475:54802.013218,0.023810,54802.018685,54802.216058,54802.239869
R1476:54802.083647,0.029897,54802.083721,54802.239916,54802.269813
R1477:54802.093453,0.045436,54802.093512,54802.269865,54802.315302
R1478:54802.251496,0.000038,54802.251548,54802.315354,54802.315392
R1479:54802.273636,0.115162,54802.273718,54802.315403,54802.430566
R1480:54802.362460,0.010555,54802.362500,54802.430604,54802.441160
R1481:54802.384063,0.055740,54802.384119,54802.441195,54802.496937
R1482:54802.429405,0.075288,54802.429459,54802.496994,54802.572283
R1483:54802.434729,0.064896,54802.434753,54802.572333,54802.637229
R1484:54802.714984,0.034012,54802.715025,54802.715077,54802.749090
R1485:54802.718841,0.000387,54802.749137,54802.749147,54802.749534
R1486:54802.754324,0.011639,54802.754424,54802.754438,54802.766078
R1487:54802.972816,0.078004,54802.972874,54802.973446,54803.051451
R1488:54803.057372,0.036954,54803.057427,54803.057940,54803.094895
R1489:54803.067883,0.014881,54803.067945,54803.094929,54803.109811
R1490:54803.163126,0.038559,54803.163178,54803.164175,54803.202735
R1491:54803.394003,0.007603,54803.394190,54803.394859,54803.402522
R1492:54803.450485,0.043138,54803.450530,54803.451156,54803.494295
R1493:54803.694481,0.018873,54803.694539,54803.694986,54803.713859
R1494:54803.769026,0.038325,54803.769123,54803.769834,54803.808166
R1495:54803.817236,0.114973,54803.817292,54803.818078,54803.933052
R1496:54803.830769,0.073782,54803.858315,54803.933108,54804.006890
R1497:54803.902679,0.084479,54803.902709,54804.006946,54804.091426
R1498:54803.949874,0.041650,54803.949918,54804.091541,54804.133192
R1499:54803.994271,0.047660,54803.994302,54804.133259,54804.180921
