R0:53813.799906,0.050000,53813.800428,53813.800431,53813.850431
R1:53813.983535,0.050000,53813.983718,53813.984239,53814.034589
R2:53814.033850,0.050000,53814.034071,53814.034664,53814.084665
R3:53814.186820,0.050000,53814.186986,53814.187036,53814.237037
R4:53814.347128,0.050000,53814.347188,53814.347237,53814.397238
R5:53814.589973,0.050000,53814.590202,53814.590211,53814.640212
R6:53814.612246,0.050000,53814.612305,53814.640262,53814.690316
R7:53814.653217,0.050000,53814.653315,53814.690367,53814.740368
R8:53814.799621,0.050000,53814.799670,53814.799861,53814.849862
R9:53814.832291,0.050000,53814.840325,53814.849924,53814.899924
R10:53814.913097,0.050000,53814.913185,53814.913275,53814.963280
R11:53814.978184,0.050000,53814.978304,53814.978385,53815.028386
R12:53815.077535,0.050000,53815.077628,53815.077757,53815.127769
R13:53815.123102,0.050000,53815.123151,53815.128005,53815.178006
R14:53815.195290,0.050000,53815.195334,53815.195404,53815.245405
R15:53815.499580,0.050000,53815.499677,53815.499769,53815.549770
R16:53815.747695,0.050000,53815.747799,53815.748713,53815.798714
R17:53815.848879,0.050000,53815.848938,53815.849483,53815.899484
R18:53815.975393,0.050000,53815.975487,53815.975647,53816.025648
R19:53815.990880,0.050000,53815.990931,53816.025700,53816.075701
R20:53816.084402,0.050000,53816.084457,53816.084536,53816.134537
R21:53816.086168,0.050000,53816.125223,53816.134792,53816.184793
R22:53816.114176,0.050000,53816.125228,53816.184866,53816.234877
R23:53816.129036,0.050000,53816.129099,53816.234929,53816.284929
R24:53816.292279,0.050000,53816.292324,53816.292427,53816.342428
R25:53816.309462,0.050000,53816.333273,53816.342492,53816.392626
R26:53816.360759,0.050000,53816.360793,53816.392689,53816.442689
R27:53816.374756,0.050000,53816.392675,53816.442732,53816.492732
R28:53816.386350,0.050000,53816.392678,53816.492789,53816.542790
R29:53817.069950,0.050000,53817.070122,53817.070138,53817.120139
R30:53817.094795,0.050000,53817.094904,53817.120345,53817.170350
R31:53817.167139,0.050000,53817.167196,53817.170439,53817.220514
R32:53817.350051,0.050000,53817.350128,53817.350649,53817.400650
R33:53817.445080,0.050000,53817.445118,53817.445514,53817.495515
R34:53817.480303,0.050000,53817.480362,53817.495576,53817.545577
R35:53817.581904,0.050000,53817.582084,53817.582095,53817.632096
R36:53817.656371,0.050000,53817.656528,53817.656553,53817.706554
R37:53817.724590,0.050000,53817.724736,53817.724756,53817.774756
R38:53818.085307,0.050000,53818.085450,53818.085638,53818.135639
R39:53818.120260,0.050000,53818.121108,53818.135705,53818.185706
R40:53818.268078,0.050000,53818.268141,53818.268748,53818.318749
R41:53818.343084,0.050000,53818.343158,53818.343513,53818.393514
R42:53818.490192,0.050000,53818.490282,53818.490815,53818.540816
R43:53818.541480,0.050000,53818.541516,53818.541820,53818.591821
R44:53818.763743,0.050000,53818.764141,53818.764151,53818.814152
R45:53818.797163,0.050000,53818.797219,53818.814212,53818.864213
R46:53818.840740,0.050000,53818.840784,53818.864272,53818.914273
R47:53819.005740,0.050000,53819.005938,53819.005966,53819.055966
R48:53819.257305,0.050000,53819.257364,53819.257479,53819.307480
R49:53819.264683,0.050000,53819.264724,53819.307560,53819.357632
R50:53819.563051,0.050000,53819.563255,53819.563299,53819.613301
R51:53819.637876,0.050000,53819.637933,53819.638707,53819.688708
R52:53819.646999,0.050000,53819.647076,53819.688759,53819.738760
R53:53819.668497,0.050000,53819.668564,53819.738830,53819.788830
R54:53819.777863,0.050000,53819.777941,53819.788889,53819.838890
R55:53819.999295,0.050000,53819.999350,53819.999840,53820.049841
R56:53820.042357,0.050000,53820.042395,53820.049873,53820.099874
R57:53820.049100,0.050000,53820.049151,53820.099920,53820.149921
R58:53820.051303,0.050000,53820.051368,53820.149969,53820.199969
R59:53820.112771,0.050000,53820.112821,53820.200034,53820.250035
R60:53820.119768,0.050000,53820.119815,53820.250096,53820.300097
R61:53820.147342,0.050000,53820.147392,53820.300165,53820.350165
R62:53820.500283,0.050000,53820.500337,53820.500884,53820.550885
R63:53820.732901,0.050000,53820.732961,53820.733412,53820.783413
R64:53820.923369,0.050000,53820.923438,53820.923457,53820.973458
R65:53820.954614,0.050000,53820.954701,53820.973599,53821.027096
R66:53821.032387,0.050000,53821.032445,53821.032484,53821.082485
R67:53821.079563,0.050000,53821.079623,53821.082544,53821.132545
R68:53821.222519,0.050000,53821.222571,53821.223731,53821.273732
R69:53821.294492,0.050000,53821.294545,53821.295113,53821.345113
R70:53821.404821,0.050000,53821.404877,53821.405329,53821.455330
R71:53821.480793,0.050000,53821.480855,53821.481337,53821.531338
R72:53821.484910,0.050000,53821.484934,53821.531398,53821.581399
R73:53821.542558,0.050000,53821.542612,53821.581457,53821.631458
R74:53821.811282,0.050000,53821.811509,53821.811558,53821.861559
R75:53822.078543,0.050000,53822.078662,53822.078726,53822.128727
R76:53822.206359,0.050000,53822.206556,53822.206568,53822.256568
R77:53822.239943,0.050000,53822.240004,53822.256622,53822.306623
R78:53822.374257,0.050000,53822.374395,53822.374406,53822.424407
R79:53822.476527,0.050000,53822.476718,53822.476730,53822.526731
R80:53822.520396,0.050000,53822.520451,53822.526776,53822.576777
R81:53822.636942,0.050000,53822.636991,53822.637451,53822.687452
R82:53822.655206,0.050000,53822.677313,53822.687514,53822.737542
R83:53822.713346,0.050000,53822.713386,53822.737598,53822.787599
R84:53822.925556,0.050000,53822.925608,53822.926099,53822.976100
R85:53823.102432,0.050000,53823.102492,53823.102986,53823.152986
R86:53823.142684,0.050000,53823.142730,53823.153039,53823.203057
R87:53823.168808,0.050000,53823.168871,53823.203099,53823.253100
R88:53823.392835,0.050000,53823.392885,53823.393380,53823.443380
R89:53823.436115,0.050000,53823.436147,53823.443429,53823.493430
R90:53823.552401,0.050000,53823.552449,53823.552845,53823.602845
R91:53823.866006,0.050000,53823.866053,53823.866102,53823.916108
R92:53823.954984,0.050000,53823.955045,53823.955985,53824.005986
R93:53824.062328,0.050000,53824.062474,53824.062573,53824.112574
R94:53824.258160,0.050000,53824.258253,53824.258765,53824.315008
R95:53824.316342,0.050000,53824.316394,53824.317572,53824.367572
R96:53824.574141,0.050000,53824.574271,53824.574295,53824.624296
R97:53824.625108,0.050000,53824.625185,53824.625949,53824.675967
R98:53824.793921,0.050000,53824.794217,53824.794227,53824.844240
R99:53824.909449,0.050000,53824.909522,53824.910027,53824.960028
R100:53825.151482,0.050000,53825.151684,53825.151953,53825.201954
R101:53825.217506,0.050000,53825.217547,53825.218044,53825.268045
R102:53825.241928,0.050000,53825.242077,53825.268107,53825.318108
R103:53825.542220,0.050000,53825.542387,53825.542450,53825.592451
R104:53825.796175,0.050000,53825.796249,53825.796299,53825.846302
R105:53825.812962,0.050000,53825.813008,53825.846357,53825.896358
R106:53826.026064,0.050000,53826.026187,53826.026199,53826.076199
R107:53826.128640,0.050000,53826.128707,53826.129565,53826.179566
R108:53826.185359,0.050000,53826.185429,53826.186357,53826.236358
R109:53826.282213,0.050000,53826.282268,53826.282833,53826.332834
R110:53826.315372,0.050000,53826.315420,53826.332912,53826.382913
R111:53826.469675,0.050000,53826.469734,53826.483335,53826.533336
R112:53826.506570,0.050000,53826.510162,53826.533400,53826.583401
R113:53826.566600,0.050000,53826.566655,53826.583458,53826.633459
R114:53826.593667,0.050000,53826.593743,53826.633532,53826.683532
R115:53826.615435,0.050000,53826.633520,53826.683600,53826.733604
R116:53826.648449,0.050000,53826.674168,53826.733751,53826.783752
R117:53826.730984,0.050000,53826.731047,53826.783838,53826.833839
R118:53826.785298,0.050000,53826.785399,53826.833899,53826.883900
R119:53826.804420,0.050000,53826.826125,53826.883954,53826.933955
R120:53827.041901,0.050000,53827.042100,53827.042110,53827.092155
R121:53827.053052,0.050000,53827.082271,53827.092210,53827.142210
R122:53827.066599,0.050000,53827.082275,53827.142271,53827.192272
R123:53827.135074,0.050000,53827.135129,53827.192332,53827.242333
R124:53827.278176,0.050000,53827.278300,53827.278316,53827.328346
R125:53827.696666,0.050000,53827.696801,53827.696825,53827.746834
R126:53827.970303,0.050000,53827.970446,53827.970457,53828.020458
R127:53828.085785,0.050000,53828.085901,53828.085940,53828.135949
R128:53828.134304,0.050000,53828.134357,53828.135990,53828.185991
R129:53828.272963,0.050000,53828.273051,53828.273211,53828.323212
R130:53828.319145,0.050000,53828.319259,53828.323270,53828.373271
R131:53828.354198,0.050000,53828.354246,53828.373358,53828.423358
R132:53828.380768,0.050000,53828.380818,53828.423399,53828.473400
R133:53828.468702,0.050000,53828.468737,53828.473467,53828.523468
R134:53828.496826,0.050000,53828.496870,53828.523542,53828.573543
R135:53828.513530,0.050000,53828.523528,53828.573598,53828.623598
R136:53828.645391,0.050000,53828.645604,53828.645615,53828.695616
R137:53828.659024,0.050000,53828.659099,53828.695686,53828.745686
R138:53828.816915,0.050000,53828.817620,53828.817632,53828.867633
R139:53828.835003,0.050000,53828.857417,53828.867681,53828.917682
R140:53828.971776,0.050000,53828.971842,53828.972562,53829.022563
R141:53828.979670,0.050000,53829.012210,53829.022614,53829.072615
R142:53829.279554,0.050000,53829.279644,53829.280349,53829.330350
R143:53829.285147,0.050000,53829.320109,53829.330404,53829.380405
R144:53829.358985,0.050000,53829.359054,53829.380476,53829.430477
R145:53829.378516,0.050000,53829.380461,53829.430530,53829.480531
R146:53829.406611,0.050000,53829.422285,53829.480609,53829.530632
R147:53829.566745,0.050000,53829.566908,53829.566919,53829.616920
R148:53829.698840,0.050000,53829.698957,53829.698969,53829.748970
R149:53829.805852,0.050000,53829.806014,53829.806025,53829.856026
R150:53830.148381,0.050000,53830.148488,53830.148499,53830.198500
R151:53830.250497,0.050000,53830.250549,53830.250848,53830.300849
R152:53830.393256,0.050000,53830.393379,53830.393391,53830.443392
R153:53830.403246,0.050000,53830.403280,53830.443451,53830.493452
R154:53830.417838,0.050000,53830.417890,53830.493486,53830.543486
R155:53830.491394,0.050000,53830.491434,53830.543529,53830.593530
R156:53830.499763,0.050000,53830.499801,53830.593564,53830.643565
R157:53830.507271,0.050000,53830.540154,53830.643626,53830.693627
R158:53830.530403,0.050000,53830.540158,53830.693688,53830.743688
R159:53830.592451,0.050000,53830.592487,53830.743749,53830.793750
R160:53830.764632,0.050000,53830.764756,53830.793803,53830.843804
R161:53830.850340,0.050000,53830.850391,53830.850507,53830.900508
R162:53830.991497,0.050000,53830.991701,53830.991716,53831.041717
R163:53830.996953,0.050000,53830.997006,53831.041754,53831.091755
R164:53831.014352,0.050000,53831.014409,53831.091805,53831.141806
R165:53832.209952,0.050000,53832.210007,53832.210076,53832.260077
R166:53832.232953,0.050000,53832.250249,53832.260240,53832.311119
R167:53832.453708,0.050000,53832.453753,53832.454316,53832.504317
R168:53832.467276,0.050000,53832.494297,53832.504364,53832.554365
R169:53833.079231,0.050000,53833.079287,53833.079337,53833.129338
R170:53833.084982,0.050000,53833.120241,53833.129379,53833.179380
R171:53833.289493,0.050000,53833.289542,53833.290002,53833.340003
R172:53833.297129,0.050000,53833.330222,53833.340061,53833.390062
R173:53833.297639,0.050000,53833.330227,53833.390122,53833.440132
R174:53833.554187,0.050000,53833.554304,53833.554412,53833.604430
R175:53833.644520,0.050000,53833.644610,53833.644816,53833.694817
R176:53833.664583,0.050000,53833.664622,53833.694894,53833.744895
R177:53833.682495,0.050000,53833.682553,53833.744946,53833.794947
R178:53833.732331,0.050000,53833.732384,53833.794990,53833.844991
R179:53833.976661,0.050000,53833.976705,53833.976780,53834.026791
R180:53834.148180,0.050000,53834.148238,53834.148742,53834.198743
R181:53834.192857,0.050000,53834.192938,53834.198795,53834.248795
R182:53834.273428,0.050000,53834.273484,53834.274134,53834.324135
R183:53834.360229,0.050000,53834.360332,53834.361147,53834.411148
R184:53834.420645,0.050000,53834.420688,53834.421375,53834.471376
R185:53834.537037,0.050000,53834.537448,53834.538681,53834.588682
R186:53834.547706,0.050000,53834.547764,53834.588737,53834.638738
R187:53834.623505,0.050000,53834.623991,53834.638793,53834.688794
R188:53834.765282,0.050000,53834.765334,53834.765559,53834.815560
R189:53834.801700,0.050000,53834.806430,53834.815622,53834.865622
R190:53835.287514,0.050000,53835.287717,53835.287745,53835.337746
R191:53835.373691,0.050000,53835.373914,53835.373925,53835.423926
R192:53835.583901,0.050000,53835.583938,53835.583986,53835.633987
R193:53835.721817,0.050000,53835.721910,53835.722007,53835.772008
R194:53835.821186,0.050000,53835.821240,53835.821401,53835.871402
R195:53835.825006,0.050000,53835.825119,53835.871438,53835.921439
R196:53835.962960,0.050000,53835.963019,53835.963456,53836.013457
R197:53836.142207,0.050000,53836.142295,53836.142765,53836.192766
R198:53836.401895,0.050000,53836.401956,53836.402005,53836.452007
R199:53836.608626,0.050000,53836.608677,53836.609287,53836.659288
R200:53836.786552,0.050000,53836.786645,53836.786747,53836.836748
R201:53837.175193,0.050000,53837.175392,53837.175402,53837.225403
R202:53837.311577,0.050000,53837.312213,53837.312221,53837.362222
R203:53837.545519,0.050000,53837.545715,53837.545725,53837.595726
R204:53837.956708,0.050000,53837.956870,53837.956881,53838.010156
R205:53838.066825,0.050000,53838.066943,53838.066956,53838.116956
R206:53838.135723,0.050000,53838.135918,53838.135929,53838.185930
R207:53838.153822,0.050000,53838.153875,53838.185990,53838.235991
R208:53838.331202,0.050000,53838.331253,53838.331791,53838.381808
R209:53838.551106,0.050000,53838.551595,53838.551871,53838.601872
R210:53838.559713,0.050000,53838.559759,53838.601936,53838.651937
R211:53838.664835,0.050000,53838.664888,53838.664901,53838.714902
R212:53838.693604,0.050000,53838.693661,53838.714953,53838.764954
R213:53838.793049,0.050000,53838.793130,53838.793273,53838.849193
R214:53838.819242,0.050000,53838.834290,53838.849283,53838.899284
R215:53838.939918,0.050000,53838.939970,53838.940061,53838.990062
R216:53838.978205,0.050000,53838.980332,53838.990146,53839.040156
R217:53839.018257,0.050000,53839.018306,53839.040237,53839.090238
R218:53839.044765,0.050000,53839.044874,53839.090321,53839.140321
R219:53839.053155,0.050000,53839.085174,53839.140418,53839.190419
R220:53839.153918,0.050000,53839.153956,53839.190576,53839.240696
R221:53839.179630,0.050000,53839.190557,53839.240753,53839.290767
R222:53839.285376,0.050000,53839.285427,53839.290941,53839.340942
R223:53839.357421,0.050000,53839.357476,53839.357513,53839.427765
R224:53839.713255,0.050000,53839.713383,53839.714328,53839.764862
R225:53839.746428,0.050000,53839.746680,53839.764928,53839.814929
R226:53839.825768,0.050000,53839.825810,53839.825850,53839.875851
R227:53839.952982,0.050000,53839.953089,53839.953776,53840.003778
R228:53839.965304,0.050000,53839.965358,53840.003858,53840.053859
R229:53840.029638,0.050000,53840.029683,53840.053914,53840.103915
R230:53840.120280,0.050000,53840.120324,53840.121001,53840.171002
R231:53840.409289,0.050000,53840.409351,53840.410193,53840.460193
R232:53840.469375,0.050000,53840.469441,53840.469551,53840.519579
R233:53840.510545,0.050000,53840.510601,53840.519662,53840.569663
R234:53840.698884,0.050000,53840.699092,53840.699180,53840.749180
R235:53840.756117,0.050000,53840.756320,53840.756331,53840.806332
R236:53840.756609,0.050000,53840.756626,53840.806385,53840.856386
R237:53840.799002,0.050000,53840.799067,53840.856441,53840.906442
R238:53840.890405,0.050000,53840.890447,53840.906500,53840.956501
R239:53841.069726,0.050000,53841.069932,53841.069944,53841.119944
R240:53841.096590,0.050000,53841.110264,53841.119979,53841.169980
R241:53841.209259,0.050000,53841.209413,53841.209425,53841.259426
R242:53841.275401,0.050000,53841.275619,53841.275630,53841.325631
R243:53841.341384,0.050000,53841.341497,53841.341535,53841.391542
R244:53841.377946,0.050000,53841.378004,53841.391658,53841.441665
R245:53841.502620,0.050000,53841.502671,53841.503422,53841.553423
R246:53841.522931,0.050000,53841.543277,53841.553478,53841.603479
R247:53841.620308,0.050000,53841.620651,53841.620658,53841.670659
R248:53841.624599,0.050000,53841.661235,53841.670702,53841.720703
R249:53841.678161,0.050000,53841.678306,53841.720743,53841.770744
R250:53841.797496,0.050000,53841.797684,53841.797694,53841.847695
R251:53841.909712,0.050000,53841.909857,53841.909870,53841.959871
R252:53842.011374,0.050000,53842.011597,53842.011608,53842.061608
R253:53842.054197,0.050000,53842.054258,53842.061652,53842.111652
R254:53842.074723,0.050000,53842.074754,53842.111700,53842.161701
R255:53842.168744,0.050000,53842.168786,53842.168865,53842.218866
R256:53842.267542,0.050000,53842.267744,53842.267756,53842.317757
R257:53842.398908,0.050000,53842.399064,53842.399076,53842.449077
R258:53842.438884,0.050000,53842.438972,53842.449153,53842.499154
R259:53842.573916,0.050000,53842.574056,53842.574067,53842.624067
R260:53842.596652,0.050000,53842.614342,53842.624168,53842.674169
R261:53842.851424,0.050000,53842.851613,53842.851635,53842.901636
R262:53842.967009,0.050000,53842.967145,53842.967156,53843.017157
R263:53843.073018,0.050000,53843.073482,53843.073492,53843.123493
R264:53843.102905,0.050000,53843.102963,53843.123556,53843.173557
R265:53843.179271,0.050000,53843.179314,53843.179707,53843.229707
R266:53843.188733,0.050000,53843.220166,53843.229788,53843.279789
R267:53843.219391,0.050000,53843.220171,53843.279846,53843.329847
R268:53843.429370,0.050000,53843.429420,53843.429536,53843.479537
R269:53843.545382,0.050000,53843.545445,53843.545608,53843.595609
R270:53843.555357,0.050000,53843.555488,53843.595667,53843.645668
R271:53843.567342,0.050000,53843.567385,53843.645732,53843.695733
R272:53843.612327,0.050000,53843.612372,53843.695791,53843.745792
R273:53843.698809,0.050000,53843.698850,53843.745865,53843.795865
R274:53843.789059,0.050000,53843.789102,53843.795950,53843.845951
R275:53843.899706,0.050000,53843.899743,53843.900209,53843.950232
R276:53843.933918,0.050000,53843.940133,53843.950291,53844.000339
R277:53844.083501,0.050000,53844.083686,53844.083697,53844.133698
R278:53844.118549,0.050000,53844.124216,53844.133759,53844.183759
R279:53844.158677,0.050000,53844.158742,53844.183838,53844.233838
R280:53844.179963,0.050000,53844.183808,53844.233869,53844.283870
R281:53844.595879,0.050000,53844.595948,53844.596090,53844.646092
R282:53844.596414,0.050000,53844.596434,53844.646214,53844.696214
R283:53844.772191,0.050000,53844.772234,53844.772397,53844.822397
R284:53844.812627,0.050000,53844.812683,53844.822456,53844.872457
R285:53844.833595,0.050000,53844.833637,53844.872516,53844.922517
R286:53844.891385,0.050000,53844.891428,53844.922583,53844.972584
R287:53845.210092,0.050000,53845.210145,53845.210748,53845.260748
R288:53845.461533,0.050000,53845.461616,53845.462138,53845.512139
R289:53845.606486,0.050000,53845.606546,53845.607011,53845.657012
R290:53845.726736,0.050000,53845.726795,53845.727293,53845.777294
R291:53845.739814,0.050000,53845.739922,53845.777354,53845.827355
R292:53845.855796,0.050000,53845.855840,53845.856354,53845.906355
R293:53845.904397,0.050000,53845.904440,53845.906396,53845.956397
R294:53846.053414,0.050000,53846.053498,53846.053604,53846.103605
R295:53846.340256,0.050000,53846.340371,53846.340555,53846.390556
R296:53846.588386,0.050000,53846.588438,53846.588529,53846.638537
R297:53846.786567,0.050000,53846.787084,53846.787091,53846.837092
R298:53846.809480,0.050000,53846.809536,53846.837201,53846.887202
R299:53846.967421,0.050000,53846.967967,53846.967975,53847.017976
R300:53847.046966,0.050000,53847.047028,53847.047505,53847.097506
R301:53847.082373,0.050000,53847.082421,53847.097577,53847.147578
R302:53847.317816,0.050000,53847.318748,53847.318762,53847.368764
R303:53847.558377,0.050000,53847.558466,53847.558594,53847.608595
R304:53847.765722,0.050000,53847.765775,53847.765856,53847.820063
R305:53847.834846,0.050000,53847.834960,53847.835739,53847.885740
R306:53847.921033,0.050000,53847.921102,53847.921697,53847.971985
R307:53847.938955,0.050000,53847.939029,53847.972280,53848.022281
R308:53847.971172,0.050000,53847.971247,53848.022346,53848.072347
R309:53848.171255,0.050000,53848.171469,53848.171479,53848.221481
R310:53848.239189,0.050000,53848.239414,53848.239423,53848.289424
R311:53848.301701,0.050000,53848.301995,53848.302008,53848.366417
R312:53848.490922,0.050000,53848.491243,53848.491313,53848.541314
R313:53848.560825,0.050000,53848.560950,53848.561671,53848.611673
R314:53848.595620,0.050000,53848.595728,53848.611817,53848.661846
R315:53848.615730,0.050000,53848.615785,53848.661924,53848.711932
R316:53848.731134,0.050000,53848.731213,53848.731285,53848.781286
R317:53848.861391,0.050000,53848.862205,53848.862397,53848.912397
R318:53848.879410,0.050000,53848.879465,53848.912456,53848.962457
R319:53848.972038,0.050000,53848.972283,53848.972415,53849.022417
R320:53849.040286,0.050000,53849.040347,53849.041153,53849.096474
R321:53849.225499,0.050000,53849.225556,53849.231491,53849.281492
R322:53849.354456,0.050000,53849.354523,53849.355045,53849.405088
R323:53849.374295,0.050000,53849.374458,53849.405147,53849.455244
R324:53849.402029,0.050000,53849.402096,53849.455330,53849.505940
R325:53849.471337,0.050000,53849.471403,53849.506965,53849.556965
R326:53849.484404,0.050000,53849.512153,53849.557043,53849.607044
R327:53849.499393,0.050000,53849.512791,53849.607200,53849.657387
R328:53849.544170,0.050000,53849.544208,53849.657444,53849.707461
R329:53849.583666,0.050000,53849.583736,53849.707521,53849.757522
R330:53849.852584,0.050000,53849.852697,53849.852800,53849.913024
R331:53850.092015,0.050000,53850.092077,53850.093239,53850.143299
R332:53850.189465,0.050000,53850.189530,53850.190817,53850.240818
R333:53850.371379,0.050000,53850.371458,53850.371564,53850.421565
R334:53850.549866,0.050000,53850.549932,53850.550079,53850.600080
R335:53850.618586,0.050000,53850.618655,53850.619354,53850.669354
R336:53850.659521,0.050000,53850.659573,53850.669440,53850.719441
R337:53850.710499,0.050000,53850.710533,53850.719504,53850.769505
R338:53850.819215,0.050000,53850.819317,53850.820557,53850.871020
R339:53850.913359,0.050000,53850.913485,53850.913932,53850.963939
R340:53850.943586,0.050000,53850.954137,53850.964046,53851.019460
R341:53850.960207,0.050000,53850.960262,53851.019536,53851.069537
R342:53850.968031,0.050000,53850.968081,53851.069596,53851.119597
R343:53850.980095,0.050000,53851.005196,53851.119661,53851.169662
R344:53851.085939,0.050000,53851.086104,53851.169800,53851.219801
R345:53851.135138,0.050000,53851.135189,53851.219851,53851.269885
R346:53851.173147,0.050000,53851.173303,53851.270182,53851.320183
R347:53851.214879,0.050000,53851.215026,53851.320273,53851.370274
R348:53851.225701,0.050000,53851.225741,53851.370335,53851.420382
R349:53851.283467,0.050000,53851.283585,53851.420457,53851.470458
R350:53851.556275,0.050000,53851.556400,53851.557280,53851.607281
R351:53851.644380,0.050000,53851.644448,53851.644507,53851.694508
R352:53851.675473,0.050000,53851.675618,53851.694557,53851.744737
R353:53851.783225,0.050000,53851.783333,53851.783476,53851.833504
R354:53851.927209,0.050000,53851.927280,53851.927361,53851.977362
R355:53851.994294,0.050000,53851.994347,53851.994467,53852.044468
R356:53852.011592,0.050000,53852.011669,53852.044509,53852.094510
R357:53852.226345,0.050000,53852.226428,53852.226520,53852.276521
R358:53852.324840,0.050000,53852.325089,53852.325239,53852.375239
R359:53852.397917,0.050000,53852.398179,53852.398383,53852.453238
R360:53852.421419,0.050000,53852.421485,53852.453286,53852.503287
R361:53852.503222,0.050000,53852.503328,53852.503346,53852.553347
R362:53852.559276,0.050000,53852.559535,53852.559562,53852.609563
R363:53852.736698,0.050000,53852.736925,53852.737462,53852.787463
R364:53852.786998,0.050000,53852.787090,53852.787524,53852.837525
R365:53852.815200,0.050000,53852.815245,53852.837585,53852.887586
R366:53852.854767,0.050000,53852.854819,53852.887644,53852.937645
R367:53852.985580,0.050000,53852.985767,53852.985785,53853.035786
R368:53853.087506,0.050000,53853.088309,53853.088537,53853.138537
R369:53853.506613,0.050000,53853.506760,53853.506820,53853.556821
R370:53853.548173,0.050000,53853.548233,53853.556872,53853.606873
R371:53853.776236,0.050000,53853.776355,53853.776367,53853.826368
R372:53853.790990,0.050000,53853.817331,53853.826433,53853.876433
R373:53853.843962,0.050000,53853.844016,53853.876513,53853.926514
R374:53853.844606,0.050000,53853.876499,53853.926555,53853.976556
R375:53853.997583,0.050000,53853.998195,53853.998447,53854.048448
R376:53854.146602,0.050000,53854.146640,53854.146669,53854.196670
R377:53854.181486,0.050000,53854.181544,53854.196708,53854.246709
R378:53854.193805,0.050000,53854.193848,53854.246784,53854.296785
R379:53854.394582,0.050000,53854.394630,53854.394659,53854.444660
R380:53854.522356,0.050000,53854.522548,53854.522558,53854.572559
R381:53854.527532,0.050000,53854.527595,53854.572613,53854.622614
R382:53854.587287,0.050000,53854.587401,53854.622756,53854.672759
R383:53855.017687,0.050000,53855.017788,53855.017800,53855.067801
R384:53855.140938,0.050000,53855.141135,53855.141150,53855.191151
R385:53855.164756,0.050000,53855.164817,53855.191286,53855.241287
R386:53855.229110,0.050000,53855.229180,53855.241340,53855.291341
R387:53855.429661,0.050000,53855.429742,53855.429969,53855.479970
R388:53855.439745,0.050000,53855.470337,53855.480010,53855.530025
R389:53855.450345,0.050000,53855.470341,53855.530106,53855.580107
R390:53855.498684,0.050000,53855.498748,53855.580204,53855.630205
R391:53855.534729,0.050000,53855.534782,53855.630239,53855.680242
R392:53855.641880,0.050000,53855.641930,53855.680336,53855.730337
R393:53855.807592,0.050000,53855.807660,53855.807717,53855.857718
R394:53855.821857,0.050000,53855.848173,53855.857778,53855.907779
R395:53855.827234,0.050000,53855.848177,53855.907855,53855.957856
R396:53855.832783,0.050000,53855.848184,53855.957910,53856.007911
R397:53855.894041,0.050000,53855.894092,53856.007981,53856.057981
R398:53856.045964,0.050000,53856.046012,53856.058051,53856.108051
R399:53856.164264,0.050000,53856.164325,53856.164383,53856.215140
R400:53856.222913,0.050000,53856.222980,53856.223107,53856.273108
R401:53856.235789,0.050000,53856.235835,53856.273174,53856.323175
R402:53856.325232,0.050000,53856.325273,53856.325506,53856.375511
R403:53856.411892,0.050000,53856.411959,53856.412064,53856.462065
R404:53856.487569,0.050000,53856.487665,53856.487784,53856.537785
R405:53856.579183,0.050000,53856.579231,53856.579334,53856.629384
R406:53856.624265,0.050000,53856.624352,53856.629441,53856.679442
R407:53856.660706,0.050000,53856.660767,53856.679506,53856.729507
R408:53856.880434,0.050000,53856.880486,53856.880574,53856.930575
R409:53856.945327,0.050000,53856.945370,53856.945467,53856.995467
R410:53856.964121,0.050000,53856.964182,53856.995522,53857.045522
R411:53857.058427,0.050000,53857.058471,53857.058559,53857.108560
R412:53857.133243,0.050000,53857.133345,53857.133462,53857.183463
R413:53857.229937,0.050000,53857.229997,53857.230029,53857.280030
R414:53857.320749,0.050000,53857.320917,53857.320927,53857.370929
R415:53857.347497,0.050000,53857.347570,53857.370967,53857.420968
R416:53857.524722,0.050000,53857.524773,53857.525315,53857.575316
R417:53857.532127,0.050000,53857.565230,53857.575376,53857.625377
R418:53857.542604,0.050000,53857.565238,53857.625435,53857.675436
R419:53857.800015,0.050000,53857.800065,53857.800200,53857.850201
R420:53857.818791,0.050000,53857.840330,53857.850248,53857.900249
R421:53857.885286,0.050000,53857.885393,53857.900300,53857.950301
R422:53857.911686,0.050000,53857.911748,53857.950361,53858.000361
R423:53858.087237,0.050000,53858.087270,53858.087798,53858.137798
R424:53858.121766,0.050000,53858.129293,53858.137847,53858.188046
R425:53858.166037,0.050000,53858.166100,53858.188074,53858.238075
R426:53858.377116,0.050000,53858.377155,53858.383838,53858.433909
R427:53858.425456,0.050000,53858.425504,53858.433970,53858.484046
R428:53858.594292,0.050000,53858.594377,53858.594502,53858.644503
R429:53858.702244,0.050000,53858.702295,53858.702305,53858.752306
R430:53858.706160,0.050000,53858.706221,53858.752358,53858.802359
R431:53858.736059,0.050000,53858.736093,53858.802441,53858.852442
R432:53858.886781,0.050000,53858.886834,53858.887368,53858.937369
R433:53858.985268,0.050000,53858.985366,53858.985460,53859.035461
R434:53859.166366,0.050000,53859.166552,53859.166563,53859.216564
R435:53859.203352,0.050000,53859.203414,53859.216616,53859.266617
R436:53859.228469,0.050000,53859.228528,53859.266700,53859.317014
R437:53859.250698,0.050000,53859.266687,53859.317958,53859.367958
R438:53859.345728,0.050000,53859.345791,53859.367989,53859.417990
R439:53859.357879,0.050000,53859.357924,53859.418084,53859.468116
R440:53859.470403,0.050000,53859.470539,53859.470546,53859.520553
R441:53859.623349,0.050000,53859.623929,53859.623939,53859.673940
R442:53859.750590,0.050000,53859.751277,53859.751287,53859.801288
R443:53859.773132,0.050000,53859.773184,53859.801342,53859.851343
R444:53859.824536,0.050000,53859.824586,53859.851397,53859.901398
R445:53859.862612,0.050000,53859.862701,53859.901452,53859.951452
R446:53859.919701,0.050000,53859.919755,53859.951534,53860.001552
R447:53859.946092,0.050000,53859.951521,53860.001604,53860.051605
R448:53859.994901,0.050000,53859.994937,53860.051657,53860.101665
R449:53860.071125,0.050000,53860.071173,53860.101730,53860.151731
R450:53860.088039,0.050000,53860.101719,53860.151779,53860.201779
R451:53860.169194,0.050000,53860.169244,53860.201840,53860.251841
R452:53860.170756,0.050000,53860.170779,53860.251893,53860.301893
R453:53860.218685,0.050000,53860.218734,53860.301948,53860.351949
R454:53860.266967,0.050000,53860.267027,53860.352000,53860.402001
R455:53860.303522,0.050000,53860.303555,53860.402047,53860.452048
R456:53860.437344,0.050000,53860.437406,53860.452200,53860.502201
R457:53860.467629,0.050000,53860.467662,53860.502262,53860.552263
R458:53860.572613,0.050000,53860.572669,53860.572783,53860.622783
R459:53860.653141,0.050000,53860.653260,53860.653376,53860.703377
R460:53860.905524,0.050000,53860.905583,53860.905661,53860.955662
R461:53861.021515,0.050000,53861.021599,53861.021732,53861.071732
R462:53861.187714,0.050000,53861.187757,53861.187829,53861.237830
R463:53861.307511,0.050000,53861.307578,53861.307731,53861.357732
R464:53861.345076,0.050000,53861.345134,53861.357794,53861.407795
R465:53861.449035,0.050000,53861.449099,53861.449473,53861.499474
R466:53861.449773,0.050000,53861.489308,53861.499534,53861.549535
R467:53861.525976,0.050000,53861.526061,53861.549595,53861.599596
R468:53861.711862,0.050000,53861.711918,53861.712520,53861.762520
R469:53861.808546,0.050000,53861.808722,53861.808861,53861.858862
R470:53861.911785,0.050000,53861.912405,53861.912603,53861.962604
R471:53861.985069,0.050000,53861.985847,53861.985971,53862.035983
R472:53862.036525,0.050000,53862.036620,53862.036648,53862.086650
R473:53862.081702,0.050000,53862.081755,53862.086694,53862.136695
R474:53862.208760,0.050000,53862.208798,53862.208830,53862.258830
R475:53862.370804,0.050000,53862.370871,53862.370962,53862.420963
R476:53862.484459,0.050000,53862.484758,53862.484950,53862.534983
R477:53862.501540,0.050000,53862.501625,53862.535035,53862.585036
R478:53862.505058,0.050000,53862.505101,53862.585092,53862.635093
R479:53862.511723,0.050000,53862.511767,53862.635141,53862.685142
R480:53862.627576,0.050000,53862.627627,53862.685205,53862.735205
R481:53862.648474,0.050000,53862.648527,53862.735250,53862.785251
R482:53862.745462,0.050000,53862.745495,53862.785301,53862.835301
R483:53862.866165,0.050000,53862.866220,53862.866313,53862.916335
R484:53862.950188,0.050000,53862.950242,53862.951227,53863.001228
R485:53862.950508,0.050000,53862.950565,53863.001281,53863.051282
R486:53862.951225,0.050000,53862.951254,53863.051329,53863.101329
R487:53862.987739,0.050000,53862.987794,53863.101387,53863.151388
R488:53863.018646,0.050000,53863.018695,53863.151439,53863.201439
R489:53863.125465,0.050000,53863.125493,53863.201490,53863.251491
R490:53863.320709,0.050000,53863.320842,53863.321345,53863.371346
R491:53863.340963,0.050000,53863.361284,53863.371389,53863.421390
R492:53863.382828,0.050000,53863.382917,53863.421441,53863.471442
R493:53863.493143,0.050000,53863.493187,53863.493301,53863.543302
R494:53863.704538,0.050000,53863.704631,53863.704777,53863.754778
R495:53863.810682,0.050000,53863.810776,53863.810947,53863.860947
R496:53863.848422,0.050000,53863.848478,53863.860999,53863.911000
R497:53864.064857,0.050000,53864.064909,53864.064959,53864.114960
R498:53864.085605,0.050000,53864.105197,53864.115008,53864.165009
R499:53864.102764,0.050000,53864.105201,53864.166065,53864.216066
R500:53864.172837,0.050000,53864.172880,53864.216118,53864.266119
R501:53864.349540,0.050000,53864.349632,53864.350170,53864.400171
R502:53864.462309,0.050000,53864.462384,53864.462434,53864.512912
R503:53864.696999,0.050000,53864.697055,53864.697614,53864.747616
R504:53864.718328,0.050000,53864.718385,53864.747677,53864.797679
R505:53864.768647,0.050000,53864.768704,53864.797761,53864.847762
R506:53864.891283,0.050000,53864.891364,53864.891497,53864.941498
R507:53865.094668,0.050000,53865.094728,53865.094781,53865.144782
R508:53865.174234,0.050000,53865.174325,53865.174468,53865.224469
R509:53865.308742,0.050000,53865.308803,53865.308886,53865.358887
R510:53865.578462,0.050000,53865.578582,53865.578671,53865.628671
R511:53865.605262,0.050000,53865.605316,53865.628738,53865.678739
R512:53865.866527,0.050000,53865.866611,53865.867101,53865.917102
R513:53865.946902,0.050000,53865.946997,53865.947593,53865.997686
R514:53866.218008,0.050000,53866.218176,53866.218186,53866.268224
R515:53866.286403,0.050000,53866.286592,53866.287430,53866.337431
R516:53866.367000,0.050000,53866.367163,53866.367521,53866.417522
R517:53866.647033,0.050000,53866.647096,53866.647622,53866.697623
R518:53866.807900,0.050000,53866.808120,53866.808582,53866.858583
R519:53866.976335,0.050000,53866.976458,53866.977131,53867.027132
R520:53867.066744,0.050000,53867.066938,53867.067559,53867.117560
R521:53867.173972,0.050000,53867.174030,53867.174469,53867.224469
R522:53867.710209,0.050000,53867.710332,53867.710428,53867.760429
R523:53867.985068,0.050000,53867.985134,53867.985760,53868.035761
R524:53868.024471,0.050000,53868.024527,53868.035820,53868.089371
R525:53868.231990,0.050000,53868.232043,53868.232423,53868.282424
R526:53868.321231,0.050000,53868.321292,53868.321722,53868.371887
R527:53868.422937,0.050000,53868.422997,53868.423473,53868.473476
R528:53868.565514,0.050000,53868.565568,53868.566187,53868.616188
R529:53868.714995,0.050000,53868.715170,53868.715243,53868.765243
R530:53868.873712,0.050000,53868.874510,53868.874825,53868.924826
R531:53868.904427,0.050000,53868.904481,53868.924884,53868.974885
R532:53868.997303,0.050000,53868.997997,53868.998006,53869.048007
R533:53869.061024,0.050000,53869.061182,53869.061625,53869.111626
R534:53869.079640,0.050000,53869.079701,53869.111685,53869.161686
R535:53869.238484,0.050000,53869.238810,53869.239236,53869.289247
R536:53869.438923,0.050000,53869.439092,53869.439103,53869.489104
R537:53869.645473,0.050000,53869.645898,53869.646026,53869.696027
R538:53869.754820,0.050000,53869.754881,53869.754930,53869.804931
R539:53869.808174,0.050000,53869.808296,53869.808320,53869.858321
R540:53869.903044,0.050000,53869.903266,53869.903277,53869.953277
R541:53869.994037,0.050000,53869.994286,53869.994296,53870.044297
R542:53870.097922,0.050000,53870.098109,53870.098119,53870.148120
R543:53870.175385,0.050000,53870.175584,53870.175594,53870.225595
R544:53870.191584,0.050000,53870.191641,53870.225648,53870.275649
R545:53870.278286,0.050000,53870.278358,53870.278719,53870.328719
R546:53870.281873,0.050000,53870.319414,53870.328761,53870.378762
R547:53870.403112,0.050000,53870.403155,53870.403444,53870.453451
R548:53870.476398,0.050000,53870.476452,53870.476777,53870.526777
R549:53870.655311,0.050000,53870.655398,53870.655524,53870.705525
R550:53870.727868,0.050000,53870.727955,53870.728070,53870.778071
R551:53870.740023,0.050000,53870.740074,53870.778119,53870.828120
R552:53870.807427,0.050000,53870.807463,53870.828223,53870.878224
R553:53870.878889,0.050000,53870.878910,53870.879002,53870.929003
R554:53870.883972,0.050000,53870.919195,53870.929056,53870.979057
R555:53871.052429,0.050000,53871.052571,53871.052582,53871.102583
R556:53871.101117,0.050000,53871.101192,53871.102637,53871.152638
R557:53871.202830,0.050000,53871.203028,53871.203039,53871.253040
R558:53871.263189,0.050000,53871.263550,53871.263562,53871.313563
R559:53871.278862,0.050000,53871.278923,53871.313618,53871.363619
R560:53871.332303,0.050000,53871.332365,53871.363675,53871.413675
R561:53871.360806,0.050000,53871.363661,53871.414388,53871.464389
R562:53871.413091,0.050000,53871.413145,53871.464441,53871.514441
R563:53871.414980,0.050000,53871.415068,53871.514490,53871.564491
R564:53871.541628,0.050000,53871.541680,53871.564548,53871.614549
R565:53871.627015,0.050000,53871.627097,53871.627615,53871.677615
R566:53871.794834,0.050000,53871.795533,53871.795626,53871.845627
R567:53871.882381,0.050000,53871.882443,53871.882613,53871.932613
R568:53871.941708,0.050000,53871.941769,53871.942450,53871.992451
R569:53872.006719,0.050000,53872.006800,53872.006931,53872.056932
R570:53872.540087,0.050000,53872.540148,53872.540656,53872.590657
R571:53872.546336,0.050000,53872.546357,53872.590728,53872.640729
R572:53872.554150,0.050000,53872.554192,53872.640780,53872.690781
R573:53872.656805,0.050000,53872.656863,53872.690835,53872.740836
R574:53872.748071,0.050000,53872.748113,53872.748175,53872.798175
R575:53872.773796,0.050000,53872.789360,53872.798251,53872.848251
R576:53872.798782,0.050000,53872.798818,53872.848325,53872.898326
R577:53872.898924,0.050000,53872.898952,53872.899000,53872.949001
R578:53873.156479,0.050000,53873.156570,53873.156784,53873.206785
R579:53873.290572,0.050000,53873.290636,53873.290895,53873.340896
R580:53873.352928,0.050000,53873.353010,53873.354240,53873.404267
R581:53873.410804,0.050000,53873.410855,53873.410953,53873.460954
R582:53873.601029,0.050000,53873.601083,53873.601640,53873.651641
R583:53873.906326,0.050000,53873.906388,53873.906404,53873.956405
R584:53874.203972,0.050000,53874.204112,53874.205364,53874.255478
R585:53874.433557,0.050000,53874.433602,53874.433625,53874.483626
R586:53874.579349,0.050000,53874.579552,53874.579559,53874.629559
R587:53874.620117,0.050000,53874.620173,53874.629618,53874.679619
R588:53874.697294,0.050000,53874.697347,53874.697388,53874.747389
R589:53874.722171,0.050000,53874.738166,53874.747443,53874.797444
R590:53874.787177,0.050000,53874.787278,53874.797500,53874.847500
R591:53875.086577,0.050000,53875.086643,53875.086697,53875.136698
R592:53875.149509,0.050000,53875.149567,53875.150003,53875.200004
R593:53875.365329,0.050000,53875.365871,53875.365937,53875.415938
R594:53875.707500,0.050000,53875.707558,53875.707623,53875.757624
R595:53875.728001,0.050000,53875.728085,53875.757682,53875.807698
R596:53875.789590,0.050000,53875.789647,53875.807760,53875.857761
R597:53875.941339,0.050000,53875.941390,53875.941903,53875.991904
R598:53876.086914,0.050000,53876.086954,53876.087021,53876.137022
R599:53876.322233,0.050000,53876.322291,53876.322325,53876.372325
R600:53876.352189,0.050000,53876.352241,53876.372392,53876.422393
R601:53876.495717,0.050000,53876.495771,53876.495850,53876.545851
R602:53876.826895,0.050000,53876.826945,53876.827450,53876.878148
R603:53876.867363,0.050000,53876.867407,53876.878195,53876.928195
R604:53876.918957,0.050000,53876.918991,53876.928313,53876.978314
R605:53877.001340,0.050000,53877.001389,53877.001533,53877.051534
R606:53877.082477,0.050000,53877.082534,53877.082642,53877.132643
R607:53877.179975,0.050000,53877.180061,53877.180202,53877.230203
R608:53877.201363,0.050000,53877.201421,53877.230263,53877.280264
R609:53877.266504,0.050000,53877.266550,53877.280349,53877.330350
R610:53877.311262,0.050000,53877.311312,53877.330407,53877.380408
R611:53877.417499,0.050000,53877.417578,53877.417825,53877.467826
R612:53877.665992,0.050000,53877.666060,53877.666105,53877.716106
R613:53877.689884,0.050000,53877.689955,53877.716144,53877.766145
R614:53877.783365,0.050000,53877.783412,53877.783896,53877.833897
R615:53877.984179,0.050000,53877.984234,53877.984251,53878.034252
R616:53877.996180,0.050000,53877.996259,53878.034375,53878.084376
R617:53878.043140,0.050000,53878.043186,53878.084409,53878.134409
R618:53878.065516,0.050000,53878.083331,53878.134465,53878.184465
R619:53878.169580,0.050000,53878.169633,53878.184524,53878.234524
R620:53878.259512,0.050000,53878.259562,53878.259648,53878.309649
R621:53878.372547,0.050000,53878.372731,53878.372742,53878.422743
R622:53878.463429,0.050000,53878.463626,53878.463637,53878.513638
R623:53878.469645,0.050000,53878.469697,53878.514251,53878.564252
R624:53878.552110,0.050000,53878.552169,53878.564309,53878.614310
R625:53878.638052,0.050000,53878.638085,53878.647357,53878.697376
R626:53878.669561,0.050000,53878.678275,53878.697432,53878.747433
R627:53878.671747,0.050000,53878.678283,53878.747489,53878.797489
R628:53878.713966,0.050000,53878.714018,53878.797544,53878.847545
R629:53878.715011,0.050000,53878.747505,53878.847591,53878.897592
R630:53878.972420,0.050000,53878.972480,53878.972516,53879.022517
R631:53879.064541,0.050000,53879.064705,53879.064720,53879.114721
R632:53879.211955,0.050000,53879.212083,53879.212096,53879.262097
R633:53879.430350,0.050000,53879.430942,53879.430951,53879.480952
R634:53879.701213,0.050000,53879.701258,53879.701897,53879.751898
R635:53879.720355,0.050000,53879.720419,53879.751954,53879.801955
R636:53879.779901,0.050000,53879.779950,53879.802001,53879.852002
R637:53879.847368,0.050000,53879.847433,53879.852091,53879.902093
R638:53880.006291,0.050000,53880.006335,53880.006345,53880.056347
R639:53880.109247,0.050000,53880.109301,53880.109336,53880.159337
R640:53880.446581,0.050000,53880.446641,53880.446689,53880.496690
R641:53880.463643,0.050000,53880.463694,53880.496753,53880.546754
R642:53880.498429,0.050000,53880.498464,53880.546794,53880.596795
R643:53880.712423,0.050000,53880.712482,53880.713002,53880.763013
R644:53880.758171,0.050000,53880.758221,53880.763084,53880.813084
R645:53880.987982,0.050000,53880.988069,53880.988163,53881.038184
R646:53881.125918,0.050000,53881.126015,53881.126151,53881.176152
R647:53881.190780,0.050000,53881.190831,53881.191383,53881.241384
R648:53881.222800,0.050000,53881.222851,53881.241452,53881.291453
R649:53881.515989,0.050000,53881.516042,53881.516092,53881.566093
R650:53881.529204,0.050000,53881.557336,53881.566218,53881.616219
R651:53881.730038,0.050000,53881.730094,53881.730147,53881.780148
R652:53881.827826,0.050000,53881.827885,53881.828010,53881.878011
R653:53881.954805,0.050000,53881.955009,53881.955250,53882.005251
R654:53882.213387,0.050000,53882.213457,53882.214393,53882.264394
R655:53882.233869,0.050000,53882.233924,53882.264457,53882.314482
R656:53882.267139,0.050000,53882.267166,53882.314525,53882.364526
R657:53882.285577,0.050000,53882.308264,53882.364593,53882.414594
R658:53882.308547,0.050000,53882.308585,53882.414670,53882.464671
R659:53882.407132,0.050000,53882.407164,53882.464743,53882.514744
R660:53882.426949,0.050000,53882.426990,53882.514831,53882.564832
R661:53882.440857,0.050000,53882.464729,53882.564887,53882.614888
R662:53882.466944,0.050000,53882.506197,53882.614949,53882.664949
R663:53882.760901,0.050000,53882.760945,53882.761008,53882.811008
R664:53882.762440,0.050000,53882.801404,53882.811080,53882.861081
R665:53882.780106,0.050000,53882.801407,53882.861162,53882.911177
R666:53882.793031,0.050000,53882.801409,53882.911240,53882.961240
R667:53882.855075,0.050000,53882.855115,53882.961272,53883.011273
R668:53882.959945,0.050000,53882.960017,53883.011336,53883.061337
R669:53883.207080,0.050000,53883.207220,53883.207429,53883.257430
R670:53883.217917,0.050000,53883.247300,53883.257468,53883.307469
R671:53883.313233,0.050000,53883.313292,53883.313618,53883.363619
R672:53883.320701,0.050000,53883.354266,53883.363676,53883.413677
R673:53883.370843,0.050000,53883.370890,53883.413705,53883.463706
R674:53883.439563,0.050000,53883.439661,53883.463762,53883.513762
R675:53883.497142,0.050000,53883.497204,53883.513821,53883.563822
R676:53883.531967,0.050000,53883.532012,53883.563886,53883.613887
R677:53883.560257,0.050000,53883.563873,53883.613935,53883.663936
R678:53883.803848,0.050000,53883.803908,53883.803957,53883.853958
R679:53883.887514,0.050000,53883.887709,53883.887787,53883.937787
R680:53883.908876,0.050000,53883.908930,53883.937847,53883.987848
R681:53883.912550,0.050000,53883.912604,53883.987885,53884.037886
R682:53883.969231,0.050000,53883.969281,53884.037927,53884.087928
R683:53884.137524,0.050000,53884.137574,53884.137625,53884.187626
R684:53884.279643,0.050000,53884.279806,53884.279831,53884.329857
R685:53884.323905,0.050000,53884.323966,53884.331490,53884.381491
R686:53884.943988,0.050000,53884.944018,53884.944092,53884.994093
R687:53884.947815,0.050000,53884.984316,53884.994141,53885.044142
R688:53885.022259,0.050000,53885.022320,53885.044202,53885.094225
R689:53885.044974,0.050000,53885.044996,53885.094273,53885.144273
R690:53885.153893,0.050000,53885.153937,53885.154236,53885.204237
R691:53885.274415,0.050000,53885.274475,53885.274976,53885.324977
R692:53885.314324,0.050000,53885.314388,53885.325030,53885.375031
R693:53885.534599,0.050000,53885.534794,53885.534805,53885.584806
R694:53885.638808,0.050000,53885.638890,53885.639882,53885.689882
R695:53885.680742,0.050000,53885.680792,53885.689921,53885.739921
R696:53885.685987,0.050000,53885.686020,53885.739996,53885.789996
R697:53885.831647,0.050000,53885.831699,53885.832205,53885.882205
R698:53885.994399,0.050000,53885.994460,53885.994516,53886.044517
R699:53886.114551,0.050000,53886.114607,53886.114765,53886.164766
R700:53886.229268,0.050000,53886.229329,53886.229843,53886.279843
R701:53886.463969,0.050000,53886.464032,53886.464122,53886.514146
R702:53886.501662,0.050000,53886.501714,53886.514253,53886.564254
R703:53886.641433,0.050000,53886.641485,53886.641544,53886.691545
R704:53886.676947,0.050000,53886.684706,53886.691598,53886.741599
R705:53886.842754,0.050000,53886.842965,53886.842976,53886.892977
R706:53886.863877,0.050000,53886.883318,53886.893031,53886.943031
R707:53886.953380,0.050000,53886.953517,53886.953530,53887.003531
R708:53886.959191,0.050000,53886.994146,53887.003589,53887.053590
R709:53886.969972,0.050000,53886.994149,53887.053668,53887.103669
R710:53886.987196,0.050000,53886.994151,53887.103712,53887.153713
R711:53887.015279,0.050000,53887.015320,53887.153769,53887.203771
R712:53887.030084,0.050000,53887.053656,53887.203825,53887.253825
R713:53887.119230,0.050000,53887.119293,53887.253874,53887.303875
R714:53887.125337,0.050000,53887.125385,53887.303932,53887.353933
R715:53887.345924,0.050000,53887.345970,53887.353992,53887.403993
R716:53887.637032,0.050000,53887.637172,53887.637184,53887.687185
R717:53887.642931,0.050000,53887.678305,53887.687241,53887.737242
R718:53887.902322,0.050000,53887.902379,53887.903004,53887.953005
R719:53887.965758,0.050000,53887.965810,53887.966127,53888.016331
R720:53887.995819,0.050000,53887.995872,53888.016369,53888.066370
R721:53888.084424,0.050000,53888.084474,53888.084697,53888.134697
R722:53888.103116,0.050000,53888.123161,53888.134738,53888.184739
R723:53888.191356,0.050000,53888.191402,53888.191497,53888.241498
R724:53888.256361,0.050000,53888.256408,53888.256796,53888.306797
R725:53888.425523,0.050000,53888.425583,53888.426163,53888.476164
R726:53888.686114,0.050000,53888.686271,53888.686727,53888.736728
R727:53888.761071,0.050000,53888.761214,53888.761906,53888.811906
R728:53888.848552,0.050000,53888.848735,53888.849357,53888.899358
R729:53888.979401,0.050000,53888.979517,53888.979926,53889.029927
R730:53889.005059,0.050000,53889.005111,53889.029987,53889.079988
R731:53889.035904,0.050000,53889.036096,53889.080031,53889.130032
R732:53889.136421,0.050000,53889.136621,53889.136663,53889.186664
R733:53889.213876,0.050000,53889.213936,53889.214003,53889.264004
R734:53889.215707,0.050000,53889.215735,53889.264055,53889.314077
R735:53889.483931,0.050000,53889.484135,53889.484243,53889.534244
R736:53889.526803,0.050000,53889.526864,53889.534330,53889.584330
R737:53889.549966,0.050000,53889.550017,53889.584369,53889.634369
R738:53889.624120,0.050000,53889.624172,53889.634421,53889.684456
R739:53889.675480,0.050000,53889.675506,53889.684521,53889.734522
R740:53889.712320,0.050000,53889.712359,53889.734560,53889.784560
R741:53889.826346,0.050000,53889.826586,53889.826596,53889.876597
R742:53889.930140,0.050000,53889.930200,53889.930539,53889.980541
R743:53889.988876,0.050000,53889.989048,53889.989058,53890.039059
R744:53890.020341,0.050000,53890.020396,53890.039119,53890.089120
R745:53890.141926,0.050000,53890.142097,53890.142107,53890.192108
R746:53890.182537,0.050000,53890.182570,53890.192164,53890.242165
R747:53890.206832,0.050000,53890.206972,53890.243117,53890.293118
R748:53890.349420,0.050000,53890.349460,53890.349561,53890.399562
R749:53890.379492,0.050000,53890.390273,53890.399608,53890.449609
R750:53890.494626,0.050000,53890.494668,53890.494820,53890.544821
R751:53890.496345,0.050000,53890.535218,53890.544863,53890.594863
R752:53890.682920,0.050000,53890.682975,53890.683487,53890.733487
R753:53890.874376,0.050000,53890.874468,53890.874916,53890.924928
R754:53890.966359,0.050000,53890.966454,53890.966571,53891.016571
R755:53891.005351,0.050000,53891.005401,53891.016634,53891.066635
R756:53891.115716,0.050000,53891.115771,53891.116213,53891.166215
R757:53891.190698,0.050000,53891.190794,53891.190923,53891.240924
R758:53891.379284,0.050000,53891.379904,53891.380032,53891.430032
R759:53891.408314,0.050000,53891.408369,53891.430133,53891.480173
R760:53891.438038,0.050000,53891.438134,53891.480215,53891.530248
R761:53891.445828,0.050000,53891.479388,53891.530296,53891.580296
R762:53891.518276,0.050000,53891.518317,53891.580359,53891.630360
R763:53891.738975,0.050000,53891.739024,53891.739059,53891.789060
R764:53891.833615,0.050000,53891.833670,53891.834062,53891.884063
R765:53891.909556,0.050000,53891.909654,53891.909702,53891.959702
R766:53892.081940,0.050000,53892.082023,53892.082091,53892.132092
R767:53892.401430,0.050000,53892.401479,53892.401528,53892.451529
R768:53892.535065,0.050000,53892.535176,53892.535640,53892.585641
R769:53892.577425,0.050000,53892.577478,53892.585707,53892.635708
R770:53892.622162,0.050000,53892.622209,53892.635789,53892.685790
R771:53892.626745,0.050000,53892.635774,53892.685845,53892.735882
R772:53892.629331,0.050000,53892.635776,53892.735918,53892.785918
R773:53892.629969,0.050000,53892.635778,53892.785973,53892.835974
R774:53892.696985,0.050000,53892.697071,53892.836020,53892.886022
R775:53892.731950,0.050000,53892.732003,53892.886211,53892.936240
R776:53892.855331,0.050000,53892.855385,53892.936283,53892.986284
R777:53893.027005,0.050000,53893.027082,53893.027214,53893.077215
R778:53893.097987,0.050000,53893.098042,53893.098176,53893.148177
R779:53893.161146,0.050000,53893.161219,53893.161249,53893.211293
R780:53893.169469,0.050000,53893.169542,53893.211370,53893.261388
R781:53893.190837,0.050000,53893.190988,53893.261446,53893.311447
R782:53893.257165,0.050000,53893.257197,53893.311497,53893.361498
R783:53893.514154,0.050000,53893.514244,53893.514311,53893.564312
R784:53893.518781,0.050000,53893.554098,53893.564362,53893.614363
R785:53893.527647,0.050000,53893.554101,53893.614419,53893.664420
R786:53893.555898,0.050000,53893.555915,53893.664478,53893.714479
R787:53893.680512,0.050000,53893.680623,53893.714522,53893.764523
R788:53893.775518,0.050000,53893.775599,53893.775945,53893.825977
R789:53893.785525,0.050000,53893.816373,53893.826081,53893.876081
R790:53894.111499,0.050000,53894.111639,53894.111715,53894.161716
R791:53894.313699,0.050000,53894.313911,53894.313972,53894.363974
R792:53894.332011,0.050000,53894.332070,53894.364037,53894.414037
R793:53894.396744,0.050000,53894.396792,53894.414098,53894.464099
R794:53894.538467,0.050000,53894.538535,53894.538568,53894.588569
R795:53894.688894,0.050000,53894.688956,53894.690165,53894.740196
R796:53894.689688,0.050000,53894.689722,53894.740228,53894.790229
R797:53894.776202,0.050000,53894.776284,53894.790287,53894.840287
R798:53894.909704,0.050000,53894.909755,53894.910150,53894.960151
R799:53895.045961,0.050000,53895.046000,53895.046112,53895.096112
R800:53895.301910,0.050000,53895.301968,53895.302018,53895.352019
R801:53895.312199,0.050000,53895.312249,53895.352080,53895.402081
R802:53895.467287,0.050000,53895.467340,53895.467828,53895.517852
R803:53895.760223,0.050000,53895.760320,53895.761066,53895.811066
R804:53895.771164,0.050000,53895.771215,53895.811113,53895.861114
R805:53895.803423,0.050000,53895.803457,53895.861173,53895.911173
R806:53895.830871,0.050000,53895.830923,53895.911219,53895.961234
R807:53895.996933,0.050000,53895.996985,53895.997145,53896.047169
R808:53896.007516,0.050000,53896.037225,53896.047227,53896.097228
R809:53896.144983,0.050000,53896.145067,53896.145103,53896.195104
R810:53896.177602,0.050000,53896.185136,53896.195153,53896.245154
R811:53896.196711,0.050000,53896.196734,53896.245209,53896.295210
R812:53896.474466,0.050000,53896.474535,53896.474593,53896.524594
R813:53896.617743,0.050000,53896.617798,53896.617912,53896.667913
R814:53896.628227,0.050000,53896.628309,53896.667974,53896.717974
R815:53897.025301,0.050000,53897.025389,53897.025445,53897.075445
R816:53897.217170,0.050000,53897.217257,53897.217781,53897.267782
R817:53897.259194,0.050000,53897.259293,53897.267821,53897.317822
R818:53897.377391,0.050000,53897.377444,53897.380116,53897.430116
R819:53897.438989,0.050000,53897.439130,53897.439181,53897.489181
R820:53897.497130,0.050000,53897.497183,53897.497518,53897.547519
R821:53897.603692,0.050000,53897.603746,53897.604138,53897.654139
R822:53897.642968,0.050000,53897.643024,53897.654190,53897.704191
R823:53897.734926,0.050000,53897.735011,53897.735131,53897.785131
R824:53897.749134,0.050000,53897.775270,53897.785222,53897.835224
R825:53897.757657,0.050000,53897.775293,53897.835304,53897.885305
R826:53897.805190,0.050000,53897.805222,53897.885366,53897.935367
R827:53897.820012,0.050000,53897.835280,53897.935416,53897.985417
R828:53897.928064,0.050000,53897.928104,53897.985451,53898.035452
R829:53897.940476,0.050000,53897.940514,53898.035491,53898.089297
R830:53898.153243,0.050000,53898.153295,53898.157339,53898.207340
R831:53898.240850,0.050000,53898.240896,53898.240917,53898.290918
R832:53898.264852,0.050000,53898.264911,53898.290977,53898.340978
R833:53898.375359,0.050000,53898.375413,53898.375797,53898.425798
R834:53898.450751,0.050000,53898.451255,53898.451263,53898.501264
R835:53898.488406,0.050000,53898.488473,53898.501319,53898.551320
R836:53898.775398,0.050000,53898.775443,53898.775498,53898.825524
R837:53898.921731,0.050000,53898.922099,53898.922107,53898.972108
R838:53898.934920,0.050000,53898.934983,53898.973437,53899.023438
R839:53898.938954,0.050000,53898.939017,53899.023504,53899.073505
R840:53899.011527,0.050000,53899.011588,53899.073556,53899.123557
R841:53899.062683,0.050000,53899.062768,53899.123622,53899.173714
R842:53899.087377,0.050000,53899.087418,53899.173787,53899.223788
R843:53899.149235,0.050000,53899.149290,53899.223835,53899.273836
R844:53899.168041,0.050000,53899.173774,53899.273924,53899.323924
R845:53899.206114,0.050000,53899.214146,53899.324016,53899.374017
R846:53899.264150,0.050000,53899.264177,53899.374220,53899.424221
R847:53899.265765,0.050000,53899.273908,53899.424268,53899.474269
R848:53899.371279,0.050000,53899.371331,53899.474351,53899.524352
R849:53899.384884,0.050000,53899.384930,53899.524395,53899.574396
R850:53899.446973,0.050000,53899.447021,53899.574447,53899.624452
R851:53899.455875,0.050000,53899.474337,53899.624517,53899.674518
R852:53899.607590,0.050000,53899.607636,53899.674571,53899.724571
R853:53899.761942,0.050000,53899.761992,53899.762011,53899.812012
R854:53899.877523,0.050000,53899.877585,53899.877667,53899.927667
R855:53900.118703,0.050000,53900.118765,53900.119343,53900.169344
R856:53900.320734,0.050000,53900.321729,53900.321740,53900.371741
R857:53900.327384,0.050000,53900.327445,53900.371809,53900.421810
R858:53900.332390,0.050000,53900.332560,53900.421871,53900.471908
R859:53900.407692,0.050000,53900.407740,53900.471981,53900.521982
R860:53900.427303,0.050000,53900.427333,53900.522022,53900.572023
R861:53900.690318,0.050000,53900.690386,53900.690485,53900.740486
R862:53900.702127,0.050000,53900.702158,53900.740553,53900.790554
R863:53900.751310,0.050000,53900.751348,53900.790615,53900.840616
R864:53900.842080,0.050000,53900.842141,53900.842256,53900.892257
R865:53900.944025,0.050000,53900.944108,53900.944265,53900.994266
R866:53901.064741,0.050000,53901.064824,53901.065291,53901.115292
R867:53901.142438,0.050000,53901.142518,53901.143028,53901.193029
R868:53901.194776,0.050000,53901.194806,53901.195107,53901.245108
R869:53901.367709,0.050000,53901.367768,53901.368361,53901.418362
R870:53901.454034,0.050000,53901.454131,53901.454724,53901.504725
R871:53901.708774,0.050000,53901.708978,53901.709538,53901.759539
R872:53901.734011,0.050000,53901.734234,53901.759600,53901.809601
R873:53901.889905,0.050000,53901.889961,53901.890506,53901.940507
R874:53901.936923,0.050000,53901.936953,53901.940554,53901.990555
R875:53901.985185,0.050000,53901.985257,53901.990616,53902.040617
R876:53901.995748,0.050000,53901.995795,53902.040669,53902.090670
R877:53902.160951,0.050000,53902.161027,53902.161084,53902.211085
R878:53902.210150,0.050000,53902.210219,53902.211123,53902.261138
R879:53902.347830,0.050000,53902.347873,53902.347923,53902.397924
R880:53902.620057,0.050000,53902.620116,53902.620198,53902.670215
R881:53902.809441,0.050000,53902.809852,53902.810030,53902.860031
R882:53902.987636,0.050000,53902.987732,53902.987893,53903.037894
R883:53903.113213,0.050000,53903.113273,53903.113323,53903.163324
R884:53903.214226,0.050000,53903.214263,53903.214610,53903.264611
R885:53903.286950,0.050000,53903.287005,53903.287465,53903.337466
R886:53903.385331,0.050000,53903.385383,53903.385879,53903.435880
R887:53903.455263,0.050000,53903.455354,53903.455815,53903.505817
R888:53903.542011,0.050000,53903.542297,53903.543113,53903.593174
R889:53903.653827,0.050000,53903.653890,53903.654610,53903.704611
R890:53903.656931,0.050000,53903.656956,53903.704661,53903.754662
R891:53903.798049,0.050000,53903.798280,53903.798390,53903.848391
R892:53903.889701,0.050000,53903.889771,53903.890822,53903.940822
R893:53903.904811,0.050000,53903.904865,53903.940877,53903.990878
R894:53903.920479,0.050000,53903.920538,53903.990936,53904.040938
R895:53903.942409,0.050000,53903.942430,53904.041048,53904.091049
R896:53904.092732,0.050000,53904.092828,53904.092940,53904.142941
R897:53904.278891,0.050000,53904.279061,53904.279089,53904.329090
R898:53904.411938,0.050000,53904.412178,53904.412188,53904.462190
R899:53904.432432,0.050000,53904.432488,53904.462270,53904.512271
R900:53904.542459,0.050000,53904.542545,53904.542588,53904.592589
R901:53904.580158,0.050000,53904.583231,53904.592731,53904.642732
R902:53904.591398,0.050000,53904.591457,53904.642788,53904.692789
R903:53904.810836,0.050000,53904.810888,53904.811015,53904.861015
R904:53904.821791,0.050000,53904.851212,53904.861064,53904.911065
R905:53904.887237,0.050000,53904.887289,53904.911121,53904.961121
R906:53904.918886,0.050000,53904.918927,53904.961186,53905.011187
R907:53904.941327,0.050000,53904.959288,53905.011240,53905.061241
R908:53904.975351,0.050000,53904.975400,53905.061282,53905.111283
R909:53905.082656,0.050000,53905.082700,53905.111357,53905.161358
R910:53905.376515,0.050000,53905.376561,53905.382175,53905.432176
R911:53905.401753,0.050000,53905.417181,53905.432231,53905.482231
R912:53905.472533,0.050000,53905.472591,53905.482289,53905.532290
R913:53905.623402,0.050000,53905.623452,53905.623577,53905.673578
R914:53905.898998,0.050000,53905.899089,53905.899475,53905.949495
R915:53905.914516,0.050000,53905.914569,53905.949556,53905.999557
R916:53905.949560,0.050000,53905.949585,53905.999629,53906.049630
R917:53906.032007,0.050000,53906.032106,53906.049724,53906.099724
R918:53906.136326,0.050000,53906.136368,53906.136394,53906.186403
R919:53906.343709,0.050000,53906.343773,53906.343887,53906.393888
R920:53906.370406,0.050000,53906.370459,53906.393949,53906.443950
R921:53906.482623,0.050000,53906.482677,53906.483201,53906.533202
R922:53906.581999,0.050000,53906.582075,53906.582129,53906.632130
R923:53906.760859,0.050000,53906.760956,53906.760997,53906.810998
R924:53906.928756,0.050000,53906.928823,53906.928972,53906.978973
R925:53907.077308,0.050000,53907.077398,53907.077684,53907.127685
R926:53907.080400,0.050000,53907.080448,53907.127746,53907.177747
R927:53907.169767,0.050000,53907.169819,53907.177795,53907.227796
R928:53907.266002,0.050000,53907.266044,53907.266454,53907.316456
R929:53907.410403,0.050000,53907.410463,53907.410963,53907.460964
R930:53907.559460,0.050000,53907.559504,53907.560347,53907.610347
R931:53907.593011,0.050000,53907.593080,53907.610383,53907.660384
R932:53907.601100,0.050000,53907.601447,53907.660443,53907.710444
R933:53907.813560,0.050000,53907.813682,53907.813695,53907.863696
R934:53907.832651,0.050000,53907.854167,53907.863760,53907.913761
R935:53907.852452,0.050000,53907.854172,53907.913820,53907.963821
R936:53907.897115,0.050000,53907.897162,53907.963878,53908.013879
R937:53907.955896,0.050000,53907.955928,53908.013931,53908.063932
R938:53908.003860,0.050000,53908.003901,53908.063982,53908.113983
R939:53908.109067,0.050000,53908.109164,53908.114035,53908.164035
R940:53908.121407,0.050000,53908.121447,53908.164062,53908.214063
R941:53908.162511,0.050000,53908.162534,53908.214116,53908.264117
R942:53908.366321,0.050000,53908.366403,53908.366413,53908.416413
R943:53908.460566,0.050000,53908.460788,53908.460800,53908.530457
R944:53908.471754,0.050000,53908.471816,53908.530524,53908.580525
R945:53908.635789,0.050000,53908.636188,53908.636483,53908.686484
R946:53908.774450,0.050000,53908.774537,53908.774681,53908.824681
R947:53908.825519,0.050000,53908.825555,53908.825874,53908.875875
R948:53908.871631,0.050000,53908.871680,53908.875960,53908.925961
R949:53908.922784,0.050000,53908.922915,53908.926010,53908.976011
R950:53908.955348,0.050000,53908.955640,53908.976118,53909.026119
R951:53909.047625,0.050000,53909.047681,53909.047797,53909.097798
R952:53909.054914,0.050000,53909.088260,53909.097855,53909.147856
R953:53909.286807,0.050000,53909.286859,53909.287345,53909.337345
R954:53909.343566,0.050000,53909.343605,53909.344070,53909.394071
R955:53909.556769,0.050000,53909.556802,53909.557119,53909.607119
R956:53909.669273,0.050000,53909.669807,53909.670328,53909.720340
R957:53909.731256,0.050000,53909.731422,53909.732770,53909.782771
R958:53909.795296,0.050000,53909.795354,53909.795565,53909.845566
R959:53909.830017,0.050000,53909.830075,53909.845634,53909.895684
R960:53909.855552,0.050000,53909.855595,53909.895733,53909.945734
R961:53909.884120,0.050000,53909.895721,53909.945787,53909.995788
R962:53909.970591,0.050000,53909.970635,53909.995845,53910.045846
R963:53910.007006,0.050000,53910.007182,53910.045926,53910.095927
R964:53910.021486,0.050000,53910.045913,53910.095983,53910.145984
R965:53910.160661,0.050000,53910.160889,53910.160900,53910.210901
R966:53910.226559,0.050000,53910.226748,53910.226759,53910.276760
R967:53910.293341,0.050000,53910.293488,53910.293499,53910.343499
R968:53910.314836,0.050000,53910.314876,53910.343554,53910.393555
R969:53910.510741,0.050000,53910.510955,53910.510965,53910.560966
R970:53910.525235,0.050000,53910.552326,53910.560996,53910.610997
R971:53910.559996,0.050000,53910.560021,53910.611078,53910.661079
R972:53910.580488,0.050000,53910.580536,53910.661112,53910.711113
R973:53910.580832,0.050000,53910.611065,53910.711166,53910.761204
R974:53910.811924,0.050000,53910.812104,53910.812113,53910.862114
R975:53910.846179,0.050000,53910.846237,53910.862166,53910.912235
R976:53911.011668,0.050000,53911.012244,53911.012290,53911.062291
R977:53911.117001,0.050000,53911.117061,53911.117111,53911.167112
R978:53911.233505,0.050000,53911.233568,53911.234437,53911.284438
R979:53911.252963,0.050000,53911.253029,53911.284493,53911.334504
R980:53911.257657,0.050000,53911.257692,53911.334636,53911.384643
R981:53911.578937,0.050000,53911.579069,53911.579080,53911.629081
R982:53911.728298,0.050000,53911.728530,53911.728562,53911.778563
R983:53911.740478,0.050000,53911.740533,53911.778602,53911.828603
R984:53911.938113,0.050000,53911.938667,53911.938675,53911.988676
R985:53911.961468,0.050000,53911.979483,53911.988719,53912.038720
R986:53912.476452,0.050000,53912.476601,53912.476613,53912.526614
R987:53912.553369,0.050000,53912.553408,53912.553777,53912.603778
R988:53912.663705,0.050000,53912.663748,53912.664287,53912.714287
R989:53912.726508,0.050000,53912.726547,53912.726904,53912.776905
R990:53912.902962,0.050000,53912.903025,53912.903679,53912.953680
R991:53913.125960,0.050000,53913.126021,53913.126559,53913.176560
R992:53913.250538,0.050000,53913.250602,53913.251149,53913.301150
R993:53913.302643,0.050000,53913.302711,53913.303256,53913.353257
R994:53913.324457,0.050000,53913.324511,53913.353405,53913.403406
R995:53913.506577,0.050000,53913.506619,53913.507111,53913.557112
R996:53913.523496,0.050000,53913.548004,53913.557153,53913.607153
R997:53913.635537,0.050000,53913.635625,53913.635772,53913.685773
R998:53913.674855,0.050000,53913.677229,53913.685814,53913.735815
R999:53913.717561,0.050000,53913.717596,53913.735867,53913.785868
R1000:53913.793680,0.050000,53913.793710,53913.793841,53913.843842
R1001:53913.854872,0.050000,53913.854938,53913.855135,53913.905136
R1002:53913.957377,0.050000,53913.957460,53913.957605,53914.007606
R1003:53914.083818,0.050000,53914.084042,53914.084053,53914.134053
R1004:53914.145684,0.050000,53914.146303,53914.146322,53914.196323
R1005:53914.223712,0.050000,53914.223765,53914.223837,53914.273837
R1006:53914.224459,0.050000,53914.224485,53914.273891,53914.323892
R1007:53914.255828,0.050000,53914.255863,53914.323932,53914.373933
R1008:53914.277190,0.050000,53914.277227,53914.373993,53914.423994
R1009:53914.395562,0.050000,53914.395651,53914.424028,53914.474029
R1010:53914.454433,0.050000,53914.454486,53914.474080,53914.524081
R1011:53914.481503,0.050000,53914.481546,53914.524120,53914.574121
R1012:53914.587471,0.050000,53914.587521,53914.587613,53914.637614
R1013:53914.612413,0.050000,53914.612482,53914.637672,53914.687673
R1014:53914.655529,0.050000,53914.655580,53914.687729,53914.737730
R1015:53914.727865,0.050000,53914.727910,53914.737790,53914.787791
R1016:53914.783595,0.050000,53914.783631,53914.787827,53914.837827
R1017:53914.825806,0.050000,53914.825850,53914.837891,53914.887892
R1018:53914.831143,0.050000,53914.837879,53914.887945,53914.937946
R1019:53914.841127,0.050000,53914.879920,53914.937981,53914.987982
R1020:53915.006929,0.050000,53915.006965,53915.007321,53915.057322
R1021:53915.218235,0.050000,53915.218295,53915.218905,53915.268906
R1022:53915.649966,0.050000,53915.650021,53915.650106,53915.700107
R1023:53915.723809,0.050000,53915.723989,53915.724000,53915.774001
R1024:53915.757421,0.050000,53915.757482,53915.774062,53915.824062
R1025:53915.777392,0.050000,53915.777421,53915.824092,53915.874093
R1026:53915.822001,0.050000,53915.822042,53915.874140,53915.924141
R1027:53915.880190,0.050000,53915.880255,53915.924181,53915.974245
R1028:53916.072704,0.050000,53916.072759,53916.072807,53916.122808
R1029:53916.187766,0.050000,53916.187819,53916.202590,53916.254507
R1030:53916.342153,0.050000,53916.342208,53916.342282,53916.392283
R1031:53916.391141,0.050000,53916.391196,53916.392315,53916.442315
R1032:53916.406443,0.050000,53916.406597,53916.442373,53916.492374
R1033:53916.462319,0.050000,53916.462372,53916.492420,53916.542421
R1034:53916.473354,0.050000,53916.492409,53916.542458,53916.592459
R1035:53916.565538,0.050000,53916.565585,53916.592549,53916.642549
R1036:53916.908976,0.050000,53916.909121,53916.909133,53916.959134
R1037:53916.920683,0.050000,53916.950333,53916.959171,53917.009171
R1038:53917.124080,0.050000,53917.124282,53917.124293,53917.174293
R1039:53917.141586,0.050000,53917.165305,53917.174377,53917.224378
R1040:53917.303909,0.050000,53917.304126,53917.304137,53917.354137
R1041:53917.341667,0.050000,53917.344113,53917.354198,53917.404199
R1042:53917.392220,0.050000,53917.392250,53917.404258,53917.454259
R1043:53917.453517,0.050000,53917.453557,53917.454290,53917.504291
R1044:53917.529686,0.050000,53917.529770,53917.530064,53917.580065
R1045:53917.666550,0.050000,53917.666756,53917.666766,53917.716767
R1046:53918.017476,0.050000,53918.017910,53918.017920,53918.067921
R1047:53918.336464,0.050000,53918.336655,53918.336666,53918.386667
R1048:53918.345900,0.050000,53918.345950,53918.386730,53918.436730
R1049:53918.348062,0.050000,53918.348079,53918.436771,53918.486772
R1050:53918.353585,0.050000,53918.353624,53918.486832,53918.536833
R1051:53918.581855,0.050000,53918.581918,53918.582019,53918.632020
R1052:53918.811813,0.050000,53918.812653,53918.812748,53918.862749
R1053:53918.815994,0.050000,53918.816024,53918.862814,53918.912815
R1054:53918.870418,0.050000,53918.870482,53918.912885,53918.962886
R1055:53918.890860,0.050000,53918.890909,53918.962928,53919.012929
R1056:53918.915786,0.050000,53918.915814,53919.013605,53919.063606
R1057:53919.066545,0.050000,53919.066609,53919.066764,53919.116765
R1058:53919.164218,0.050000,53919.164310,53919.164458,53919.214458
R1059:53919.172056,0.050000,53919.172131,53919.214518,53919.264519
R1060:53919.234109,0.050000,53919.234142,53919.264569,53919.314596
R1061:53919.286796,0.050000,53919.286850,53919.314671,53919.364672
R1062:53919.348517,0.050000,53919.348563,53919.364738,53919.414738
R1063:53919.440711,0.050000,53919.440796,53919.440960,53919.490961
R1064:53919.621429,0.050000,53919.621915,53919.621975,53919.671976
R1065:53919.704456,0.050000,53919.705108,53919.705193,53919.755194
R1066:53919.727229,0.050000,53919.727265,53919.755243,53919.805244
R1067:53919.889968,0.050000,53919.890055,53919.890225,53919.940226
R1068:53920.001794,0.050000,53920.001847,53920.001893,53920.051894
R1069:53920.009331,0.050000,53920.009368,53920.051953,53920.101954
R1070:53920.337909,0.050000,53920.338109,53920.338120,53920.388121
R1071:53920.402543,0.050000,53920.402695,53920.402707,53920.452707
R1072:53920.451281,0.050000,53920.451338,53920.452740,53920.502741
R1073:53920.495991,0.050000,53920.496030,53920.502786,53920.552786
R1074:53920.763280,0.050000,53920.763476,53920.763521,53920.813522
R1075:53921.012143,0.050000,53921.012192,53921.012303,53921.062303
R1076:53921.023138,0.050000,53921.023174,53921.062352,53921.112353
R1077:53921.254391,0.050000,53921.254436,53921.254863,53921.304864
R1078:53921.462930,0.050000,53921.463240,53921.463249,53921.513250
R1079:53921.484384,0.050000,53921.484435,53921.513472,53921.563473
R1080:53921.738848,0.050000,53921.738969,53921.738981,53921.788982
R1081:53922.003026,0.050000,53922.003084,53922.003331,53922.053331
R1082:53922.012567,0.050000,53922.012615,53922.053385,53922.103386
R1083:53922.184679,0.050000,53922.184731,53922.185217,53922.235218
R1084:53922.530337,0.050000,53922.530402,53922.530967,53922.580967
R1085:53922.601591,0.050000,53922.601651,53922.602644,53922.652645
R1086:53922.602146,0.050000,53922.602190,53922.652706,53922.702707
R1087:53922.623196,0.050000,53922.623241,53922.702748,53922.752749
R1088:53922.657138,0.050000,53922.657163,53922.752790,53922.802791
R1089:53922.756076,0.050000,53922.756103,53922.802848,53922.852848
R1090:53922.786711,0.050000,53922.786762,53922.852898,53922.902899
R1091:53922.924967,0.050000,53922.925053,53922.925165,53922.975166
R1092:53922.928905,0.050000,53922.967169,53922.975237,53923.025238
R1093:53923.056922,0.050000,53923.057100,53923.057112,53923.107112
R1094:53923.100231,0.050000,53923.100264,53923.107146,53923.157172
R1095:53923.305926,0.050000,53923.306002,53923.306076,53923.356076
R1096:53923.339726,0.050000,53923.348815,53923.356112,53923.406113
R1097:53923.420355,0.050000,53923.420396,53923.420545,53923.470546
R1098:53923.532959,0.050000,53923.533003,53923.533704,53923.583705
R1099:53923.849417,0.050000,53923.849482,53923.849517,53923.899518
R1100:53923.947385,0.050000,53923.947443,53923.947525,53923.997526
R1101:53924.049125,0.050000,53924.049254,53924.049267,53924.099268
R1102:53924.105967,0.050000,53924.106127,53924.106136,53924.156137
R1103:53924.106953,0.050000,53924.106973,53924.156252,53924.206253
R1104:53924.660229,0.050000,53924.660411,53924.660455,53924.710456
R1105:53924.705602,0.050000,53924.705653,53924.710504,53924.760504
R1106:53924.965289,0.050000,53924.965348,53924.965587,53925.015588
R1107:53924.975895,0.050000,53925.007175,53925.015647,53925.065648
R1108:53925.006700,0.050000,53925.007178,53925.065681,53925.115682
R1109:53925.168255,0.050000,53925.168320,53925.168430,53925.218431
R1110:53925.202820,0.050000,53925.209282,53925.218476,53925.268477
R1111:53925.223463,0.050000,53925.223514,53925.268515,53925.318516
R1112:53925.354507,0.050000,53925.354565,53925.354707,53925.404707
R1113:53925.402559,0.050000,53925.402620,53925.404739,53925.454740
R1114:53925.403370,0.050000,53925.403396,53925.454780,53925.504781
R1115:53925.523223,0.050000,53925.523270,53925.523334,53925.573335
R1116:53925.743668,0.050000,53925.743872,53925.743884,53925.793884
R1117:53925.745029,0.050000,53925.745052,53925.794518,53925.844518
R1118:53925.962574,0.050000,53925.962770,53925.962816,53926.012817
R1119:53925.982194,0.050000,53925.982286,53926.012878,53926.062878
R1120:53926.084292,0.050000,53926.084330,53926.084823,53926.134824
R1121:53926.100441,0.050000,53926.126284,53926.134862,53926.184863
R1122:53926.360048,0.050000,53926.360082,53926.360198,53926.410227
R1123:53926.472796,0.050000,53926.472891,53926.472998,53926.523000
R1124:53926.677055,0.050000,53926.677303,53926.677311,53926.727311
R1125:53926.709540,0.050000,53926.709593,53926.727374,53926.777375
R1126:53926.789026,0.050000,53926.789282,53926.789296,53926.839297
R1127:53926.806067,0.050000,53926.829362,53926.839347,53926.889348
R1128:53926.982531,0.050000,53926.982588,53926.982636,53927.032637
R1129:53927.007902,0.050000,53927.023367,53927.032670,53927.082671
R1130:53927.019938,0.050000,53927.023382,53927.082720,53927.132721
R1131:53927.080336,0.050000,53927.080398,53927.132770,53927.182771
R1132:53927.277636,0.050000,53927.278053,53927.278155,53927.328156
R1133:53927.356708,0.050000,53927.356773,53927.356867,53927.406868
R1134:53927.418774,0.050000,53927.418856,53927.419023,53927.469024
R1135:53927.613377,0.050000,53927.613441,53927.614110,53927.664111
R1136:53927.853770,0.050000,53927.853845,53927.854164,53927.904184
R1137:53927.902839,0.050000,53927.902872,53927.904219,53927.954220
R1138:53928.215545,0.050000,53928.215584,53928.215640,53928.265641
R1139:53928.234808,0.050000,53928.256106,53928.265690,53928.315691
R1140:53928.255665,0.050000,53928.256110,53928.315740,53928.365741
R1141:53928.284124,0.050000,53928.284172,53928.365802,53928.415803
R1142:53928.329288,0.050000,53928.329429,53928.415849,53928.465850
R1143:53928.578934,0.050000,53928.579059,53928.579208,53928.629209
R1144:53928.677920,0.050000,53928.678740,53928.678879,53928.728880
R1145:53928.723795,0.050000,53928.724086,53928.728934,53928.778935
R1146:53928.819489,0.050000,53928.819711,53928.819723,53928.869724
R1147:53928.892490,0.050000,53928.892584,53928.892848,53928.942849
R1148:53928.940279,0.050000,53928.940343,53928.942882,53928.992883
R1149:53929.010086,0.050000,53929.010130,53929.010304,53929.060305
R1150:53929.128676,0.050000,53929.128741,53929.129398,53929.179399
R1151:53929.130628,0.050000,53929.130668,53929.179452,53929.229453
R1152:53929.235716,0.050000,53929.235780,53929.236010,53929.286011
R1153:53929.332466,0.050000,53929.332522,53929.333012,53929.383013
R1154:53929.450905,0.050000,53929.450997,53929.451490,53929.501491
R1155:53929.524485,0.050000,53929.524537,53929.524953,53929.574953
R1156:53929.750289,0.050000,53929.750329,53929.750673,53929.800674
R1157:53929.778046,0.050000,53929.778097,53929.800730,53929.850730
R1158:53929.890677,0.050000,53929.890755,53929.891390,53929.941391
R1159:53930.019550,0.050000,53930.019604,53930.019658,53930.069658
R1160:53930.082131,0.050000,53930.082210,53930.082310,53930.132311
R1161:53930.237569,0.050000,53930.237659,53930.237779,53930.287780
R1162:53930.257223,0.050000,53930.257272,53930.287824,53930.337825
R1163:53930.296659,0.050000,53930.296694,53930.337850,53930.387851
R1164:53930.337423,0.050000,53930.337480,53930.387903,53930.437904
R1165:53930.439145,0.050000,53930.439177,53930.439242,53930.489243
R1166:53930.459360,0.050000,53930.480219,53930.489284,53930.539285
R1167:53930.487323,0.050000,53930.487349,53930.539324,53930.589325
R1168:53930.489931,0.050000,53930.489952,53930.589389,53930.639390
R1169:53930.505005,0.050000,53930.530277,53930.639426,53930.689427
R1170:53930.559415,0.050000,53930.559462,53930.689515,53930.739516
R1171:53930.583533,0.050000,53930.589376,53930.739574,53930.789574
R1172:53930.632448,0.050000,53930.632484,53930.789626,53930.839627
R1173:53930.783126,0.050000,53930.783170,53930.839694,53930.889695
R1174:53930.797294,0.050000,53930.797317,53930.889754,53930.939754
R1175:53930.798769,0.050000,53930.838991,53930.939808,53930.989809
R1176:53930.814638,0.050000,53930.839001,53930.989870,53931.039871
R1177:53930.951536,0.050000,53930.951573,53931.039922,53931.089922
R1178:53931.027407,0.050000,53931.027458,53931.089972,53931.139973
R1179:53931.101831,0.050000,53931.101863,53931.140574,53931.190575
R1180:53931.130317,0.050000,53931.140028,53931.190615,53931.240616
R1181:53931.155920,0.050000,53931.180368,53931.240669,53931.290669
R1182:53931.234391,0.050000,53931.234539,53931.290726,53931.340727
R1183:53931.462251,0.050000,53931.462336,53931.462413,53931.512414
R1184:53931.648308,0.050000,53931.648345,53931.648391,53931.698392
R1185:53931.675289,0.050000,53931.675351,53931.698445,53931.748446
R1186:53931.729409,0.050000,53931.729463,53931.748497,53931.798498
R1187:53931.864028,0.050000,53931.864098,53931.864181,53931.914183
R1188:53931.928988,0.050000,53931.929044,53931.929124,53931.979125
R1189:53931.938877,0.050000,53931.938927,53931.979183,53932.029184
R1190:53932.001283,0.050000,53932.001338,53932.029268,53932.079268
R1191:53932.284857,0.050000,53932.284899,53932.285069,53932.335070
R1192:53932.497626,0.050000,53932.497664,53932.497712,53932.547713
R1193:53932.599954,0.050000,53932.600013,53932.600127,53932.650128
R1194:53932.631104,0.050000,53932.631156,53932.650186,53932.700187
R1195:53932.655384,0.050000,53932.655417,53932.700229,53932.750229
R1196:53932.688424,0.050000,53932.696252,53932.750272,53932.800273
R1197:53932.748367,0.050000,53932.748393,53932.800333,53932.850334
R1198:53932.810103,0.050000,53932.810146,53932.850369,53932.900370
R1199:53932.846577,0.050000,53932.850273,53932.900434,53932.950434
R1200:53932.935293,0.050000,53932.935332,53932.950482,53933.000483
R1201:53933.144121,0.050000,53933.144172,53933.144245,53933.194246
R1202:53933.216630,0.050000,53933.216688,53933.216832,53933.266833
R1203:53933.573664,0.050000,53933.573755,53933.574139,53933.624140
R1204:53933.680039,0.050000,53933.680313,53933.680578,53933.730579
R1205:53933.783635,0.050000,53933.783732,53933.783807,53933.833808
R1206:53934.203680,0.050000,53934.203763,53934.203824,53934.253825
R1207:53934.364226,0.050000,53934.364259,53934.364381,53934.414382
R1208:53934.413746,0.050000,53934.413812,53934.414424,53934.464425
R1209:53934.486351,0.050000,53934.486402,53934.486692,53934.536693
R1210:53934.525396,0.050000,53934.527254,53934.536733,53934.586734
R1211:53934.626708,0.050000,53934.626888,53934.626938,53934.676938
R1212:53934.761615,0.050000,53934.761669,53934.762372,53934.812372
R1213:53934.961415,0.050000,53934.961604,53934.961812,53935.011813
R1214:53935.037929,0.050000,53935.038166,53935.038358,53935.088359
R1215:53935.125828,0.050000,53935.126175,53935.126385,53935.176386
R1216:53935.136466,0.050000,53935.136574,53935.176441,53935.226442
R1217:53935.437943,0.050000,53935.438365,53935.438380,53935.488381
R1218:53935.477229,0.050000,53935.477283,53935.488439,53935.538440
R1219:53935.563268,0.050000,53935.563304,53935.563560,53935.613561
R1220:53935.567793,0.050000,53935.604258,53935.613616,53935.663617
R1221:53935.722594,0.050000,53935.722644,53935.722693,53935.772694
R1222:53935.795689,0.050000,53935.795754,53935.796301,53935.846302
R1223:53936.053692,0.050000,53936.053743,53936.054164,53936.104164
R1224:53936.109610,0.050000,53936.109648,53936.109716,53936.159717
R1225:53936.263107,0.050000,53936.263327,53936.263334,53936.314054
R1226:53936.278163,0.050000,53936.278245,53936.314108,53936.364109
R1227:53936.400517,0.050000,53936.400878,53936.400946,53936.450975
R1228:53936.427144,0.050000,53936.441196,53936.451010,53936.501011
R1229:53936.518179,0.050000,53936.518329,53936.518338,53936.568339
R1230:53936.519097,0.050000,53936.559284,53936.568376,53936.618377
R1231:53936.690149,0.050000,53936.690201,53936.690680,53936.740681
R1232:53936.754351,0.050000,53936.754400,53936.754996,53936.804997
R1233:53936.828441,0.050000,53936.828498,53936.829062,53936.879063
R1234:53936.985099,0.050000,53936.985191,53936.985327,53937.035328
R1235:53936.998865,0.050000,53936.998905,53937.035367,53937.085368
R1236:53937.017260,0.050000,53937.017307,53937.085419,53937.135420
R1237:53937.166930,0.050000,53937.166974,53937.167092,53937.217093
R1238:53937.426808,0.050000,53937.426902,53937.427025,53937.477026
R1239:53937.508399,0.050000,53937.508491,53937.508625,53937.558626
R1240:53937.543106,0.050000,53937.543159,53937.559294,53937.609295
R1241:53937.571737,0.050000,53937.571780,53937.609360,53937.659361
R1242:53937.593353,0.050000,53937.609345,53937.659414,53937.709414
R1243:53937.596609,0.050000,53937.609347,53937.709495,53937.759584
R1244:53937.608545,0.050000,53937.609349,53937.759635,53937.809636
R1245:53937.738526,0.050000,53937.738570,53937.809675,53937.859676
R1246:53937.834711,0.050000,53937.834815,53937.859753,53937.909753
R1247:53937.859097,0.050000,53937.859735,53937.909802,53937.959802
R1248:53937.972729,0.050000,53937.972889,53937.972902,53938.022903
R1249:53938.253658,0.050000,53938.253754,53938.253789,53938.303799
R1250:53938.409078,0.050000,53938.409185,53938.409243,53938.459245
R1251:53938.537174,0.050000,53938.537262,53938.537931,53938.587932
R1252:53938.667098,0.050000,53938.667185,53938.667603,53938.717604
R1253:53938.703782,0.050000,53938.703840,53938.717656,53938.767657
R1254:53938.807650,0.050000,53938.807734,53938.807853,53938.857854
R1255:53938.824570,0.050000,53938.848141,53938.857905,53938.907906
R1256:53938.834081,0.050000,53938.848146,53938.907961,53938.957962
R1257:53938.987608,0.050000,53938.987640,53938.988255,53939.038256
R1258:53939.183919,0.050000,53939.183973,53939.184464,53939.234465
R1259:53939.223034,0.050000,53939.223090,53939.234519,53939.284519
R1260:53939.271291,0.050000,53939.271325,53939.284552,53939.334577
R1261:53939.473373,0.050000,53939.473420,53939.473951,53939.523952
R1262:53939.488773,0.050000,53939.516446,53939.523990,53939.573990
R1263:53939.681695,0.050000,53939.681744,53939.682211,53939.732212
R1264:53939.731254,0.050000,53939.731325,53939.732243,53939.782244
R1265:53940.001308,0.050000,53940.001427,53940.001548,53940.051549
R1266:53940.400310,0.050000,53940.400381,53940.400530,53940.450531
R1267:53940.482006,0.050000,53940.482099,53940.482221,53940.532221
R1268:53940.605588,0.050000,53940.605674,53940.605800,53940.655801
R1269:53940.843247,0.050000,53940.843339,53940.843470,53940.893471
R1270:53940.855565,0.050000,53940.855619,53940.893533,53940.943534
R1271:53940.855662,0.050000,53940.855676,53940.943610,53940.993611
R1272:53940.872570,0.050000,53940.872627,53940.993667,53941.043667
R1273:53940.909475,0.050000,53940.909525,53941.043718,53941.093719
R1274:53940.912811,0.050000,53940.943597,53941.093770,53941.143771
R1275:53940.943922,0.050000,53940.985199,53941.143798,53941.193799
R1276:53940.947538,0.050000,53940.985203,53941.193837,53941.243837
R1277:53941.052122,0.050000,53941.052154,53941.243874,53941.293875
R1278:53941.117711,0.050000,53941.117754,53941.293936,53941.343937
R1279:53941.242747,0.050000,53941.242800,53941.343995,53941.393996
R1280:53941.331859,0.050000,53941.331908,53941.394029,53941.444030
R1281:53941.363340,0.050000,53941.363438,53941.444088,53941.494089
R1282:53941.420751,0.050000,53941.420805,53941.494146,53941.544146
R1283:53941.458601,0.050000,53941.458635,53941.544175,53941.594176
R1284:53941.543886,0.050000,53941.543917,53941.594244,53941.644245
R1285:53941.552404,0.050000,53941.552440,53941.644302,53941.694303
R1286:53941.615730,0.050000,53941.615798,53941.694338,53941.744339
R1287:53941.724783,0.050000,53941.724830,53941.744406,53941.794407
R1288:53941.925070,0.050000,53941.925215,53941.925228,53941.975229
R1289:53941.965050,0.050000,53941.966233,53941.975269,53942.025270
R1290:53942.391600,0.050000,53942.391649,53942.391697,53942.441698
R1291:53942.420078,0.050000,53942.432184,53942.441768,53942.491769
R1292:53942.441939,0.050000,53942.441974,53942.491802,53942.541803
R1293:53942.455704,0.050000,53942.482268,53942.541844,53942.591845
R1294:53942.466427,0.050000,53942.482273,53942.591911,53942.641912
R1295:53942.554433,0.050000,53942.554471,53942.641942,53942.691942
R1296:53942.560765,0.050000,53942.591896,53942.691987,53942.741988
R1297:53942.569442,0.050000,53942.591899,53942.742035,53942.792036
R1298:53942.584850,0.050000,53942.591900,53942.792091,53942.842092
R1299:53942.731480,0.050000,53942.731531,53942.842147,53942.892148
R1300:53943.187624,0.050000,53943.187809,53943.187820,53943.237821
R1301:53943.217414,0.050000,53943.228278,53943.238460,53943.288461
R1302:53943.364067,0.050000,53943.364223,53943.364234,53943.414235
R1303:53943.379825,0.050000,53943.405176,53943.414287,53943.464287
R1304:53943.462963,0.050000,53943.463015,53943.464327,53943.514328
R1305:53943.624451,0.050000,53943.624650,53943.624661,53943.674662
R1306:53943.677616,0.050000,53943.677647,53943.677973,53943.727974
R1307:53943.769223,0.050000,53943.769270,53943.769427,53943.819428
R1308:53943.828828,0.050000,53943.828923,53943.829456,53943.879457
R1309:53944.050120,0.050000,53944.050177,53944.050705,53944.100705
R1310:53944.087738,0.050000,53944.087785,53944.100748,53944.150871
R1311:53944.091483,0.050000,53944.091544,53944.150991,53944.200991
R1312:53944.108754,0.050000,53944.108786,53944.201098,53944.251099
R1313:53944.246387,0.050000,53944.246452,53944.251148,53944.301149
R1314:53944.289537,0.050000,53944.289588,53944.301237,53944.351238
R1315:53944.420882,0.050000,53944.420919,53944.421097,53944.471098
R1316:53944.596869,0.050000,53944.597040,53944.597051,53944.647052
R1317:53944.767230,0.050000,53944.767266,53944.767315,53944.817316
R1318:53944.817392,0.050000,53944.817416,53944.817747,53944.867748
R1319:53944.935404,0.050000,53944.935460,53944.935923,53944.985924
R1320:53944.951258,0.050000,53944.951307,53944.985982,53945.035982
R1321:53944.999162,0.050000,53944.999262,53945.036066,53945.086067
R1322:53945.278957,0.050000,53945.279015,53945.279961,53945.329962
R1323:53945.320728,0.050000,53945.320758,53945.330068,53945.380085
R1324:53945.391662,0.050000,53945.391702,53945.392041,53945.442042
R1325:53945.395912,0.050000,53945.432156,53945.442080,53945.492081
R1326:53945.655437,0.050000,53945.655522,53945.655647,53945.705648
R1327:53945.739573,0.050000,53945.739635,53945.739728,53945.789729
R1328:53945.752813,0.050000,53945.752856,53945.789786,53945.839787
R1329:53945.759910,0.050000,53945.759958,53945.839865,53945.889866
R1330:53945.801140,0.050000,53945.801222,53945.889899,53945.939900
R1331:53945.813265,0.050000,53945.839852,53945.939965,53945.989966
R1332:53945.852511,0.050000,53945.881284,53945.990005,53946.040005
R1333:53945.863815,0.050000,53945.881287,53946.040059,53946.090059
R1334:53945.893537,0.050000,53945.893584,53946.090235,53946.140237
R1335:53946.113001,0.050000,53946.113054,53946.140330,53946.190331
R1336:53946.350717,0.050000,53946.350766,53946.350880,53946.400881
R1337:53946.461303,0.050000,53946.461350,53946.461405,53946.511405
R1338:53946.528368,0.050000,53946.528434,53946.528489,53946.578489
R1339:53946.572721,0.050000,53946.572830,53946.578532,53946.628533
R1340:53946.654738,0.050000,53946.654790,53946.655244,53946.705245
R1341:53946.815895,0.050000,53946.815947,53946.816452,53946.866453
R1342:53946.865586,0.050000,53946.865631,53946.866480,53946.916481
R1343:53946.991639,0.050000,53946.991685,53946.992174,53947.042175
R1344:53947.071072,0.050000,53947.071126,53947.071891,53947.121892
R1345:53947.206073,0.050000,53947.206124,53947.206596,53947.256597
R1346:53947.265403,0.050000,53947.265456,53947.266006,53947.316007
R1347:53947.312517,0.050000,53947.312562,53947.316038,53947.366038
R1348:53947.394456,0.050000,53947.394500,53947.394799,53947.444799
R1349:53947.578363,0.050000,53947.578419,53947.578925,53947.628926
R1350:53947.585492,0.050000,53947.585532,53947.629216,53947.679237
R1351:53947.707410,0.050000,53947.707463,53947.707547,53947.757548
R1352:53947.732520,0.050000,53947.732574,53947.757582,53947.807583
R1353:53947.733282,0.050000,53947.733383,53947.807640,53947.857641
R1354:53947.737954,0.050000,53947.737979,53947.857698,53947.907699
R1355:53947.868372,0.050000,53947.868422,53947.907779,53947.957780
R1356:53947.873247,0.050000,53947.907766,53947.957813,53948.007814
R1357:53948.221377,0.050000,53948.221991,53948.222000,53948.272001
R1358:53948.256672,0.050000,53948.256729,53948.272052,53948.322053
R1359:53948.275309,0.050000,53948.275335,53948.322105,53948.372106
R1360:53948.279200,0.050000,53948.314114,53948.372165,53948.422200
R1361:53948.379756,0.050000,53948.379794,53948.422245,53948.472246
R1362:53948.413052,0.050000,53948.420397,53948.473088,53948.523104
R1363:53948.458485,0.050000,53948.458538,53948.523230,53948.573230
R1364:53948.593320,0.050000,53948.593388,53948.593397,53948.643402
R1365:53948.671995,0.050000,53948.672060,53948.672639,53948.722639
R1366:53948.700807,0.050000,53948.700864,53948.722750,53948.772750
R1367:53948.805005,0.050000,53948.805049,53948.805523,53948.855523
R1368:53948.828249,0.050000,53948.845281,53948.855574,53948.905575
R1369:53948.961859,0.050000,53948.961903,53948.962540,53949.012540
R1370:53948.962182,0.050000,53949.003291,53949.012567,53949.062568
R1371:53949.107056,0.050000,53949.107127,53949.107245,53949.157245
R1372:53949.184213,0.050000,53949.184275,53949.185164,53949.235199
R1373:53949.234335,0.050000,53949.234393,53949.235237,53949.285238
R1374:53949.300066,0.050000,53949.300115,53949.300177,53949.350178
R1375:53949.309004,0.050000,53949.340205,53949.350255,53949.400256
R1376:53949.323408,0.050000,53949.340215,53949.400314,53949.450314
R1377:53949.586616,0.050000,53949.586660,53949.586750,53949.636751
R1378:53949.648229,0.050000,53949.648286,53949.648427,53949.698428
R1379:53949.774190,0.050000,53949.774432,53949.777544,53949.827546
R1380:53949.921000,0.050000,53949.921100,53949.921329,53949.971330
R1381:53949.996052,0.050000,53949.996163,53949.996274,53950.046275
R1382:53950.046631,0.050000,53950.046678,53950.046719,53950.096720
R1383:53950.502217,0.050000,53950.502333,53950.502404,53950.552405
R1384:53950.578631,0.050000,53950.578691,53950.579329,53950.629329
R1385:53950.636590,0.050000,53950.636632,53950.637088,53950.687089
R1386:53950.763229,0.050000,53950.763283,53950.763822,53950.813825
R1387:53950.850115,0.050000,53950.850219,53950.851981,53950.901982
R1388:53950.902763,0.050000,53950.902854,53950.903686,53950.953686
R1389:53950.904371,0.050000,53950.904418,53950.953754,53951.003754
R1390:53951.042722,0.050000,53951.042828,53951.044166,53951.094167
R1391:53951.101836,0.050000,53951.101902,53951.103777,53951.153778
R1392:53951.206328,0.050000,53951.206411,53951.208417,53951.258417
R1393:53951.209557,0.050000,53951.209600,53951.258469,53951.308469
R1394:53951.373787,0.050000,53951.373839,53951.373990,53951.424151
R1395:53951.423633,0.050000,53951.423701,53951.424201,53951.475458
R1396:53951.508402,0.050000,53951.508483,53951.508781,53951.558782
R1397:53951.514418,0.050000,53951.549345,53951.558840,53951.608841
R1398:53951.518619,0.050000,53951.549354,53951.608903,53951.658933
R1399:53951.667869,0.050000,53951.667928,53951.668032,53951.718033
R1400:53951.825248,0.050000,53951.825342,53951.825548,53951.875549
R1401:53951.829251,0.050000,53951.829323,53951.875597,53951.925597
R1402:53951.906984,0.050000,53951.907040,53951.925647,53951.975648
R1403:53951.947078,0.050000,53951.947127,53951.975699,53952.025699
R1404:53952.003413,0.050000,53952.003461,53952.025770,53952.075770
R1405:53952.005647,0.050000,53952.025758,53952.075815,53952.125835
R1406:53952.059134,0.050000,53952.067166,53952.125894,53952.175895
R1407:53952.142382,0.050000,53952.142452,53952.175949,53952.225951
R1408:53952.439634,0.050000,53952.439781,53952.439792,53952.489793
R1409:53952.646217,0.050000,53952.646377,53952.646387,53952.696387
R1410:53952.675858,0.050000,53952.675963,53952.696455,53952.746455
R1411:53952.802463,0.050000,53952.802646,53952.802658,53952.852660
R1412:53952.853753,0.050000,53952.853906,53952.853919,53952.903920
R1413:53952.958970,0.050000,53952.959090,53952.959107,53953.009108
R1414:53953.081868,0.050000,53953.082032,53953.082042,53953.132043
R1415:53953.352578,0.050000,53953.352646,53953.352766,53953.402767
R1416:53953.362143,0.050000,53953.362182,53953.402829,53953.452830
R1417:53953.417570,0.050000,53953.417619,53953.452883,53953.502884
R1418:53953.489747,0.050000,53953.489787,53953.502986,53953.552987
R1419:53953.558775,0.050000,53953.558900,53953.558993,53953.608994
R1420:53953.616781,0.050000,53953.616826,53953.616944,53953.666945
R1421:53953.647300,0.050000,53953.647352,53953.666993,53953.716994
R1422:53953.934037,0.050000,53953.934118,53953.934661,53953.984662
R1423:53953.943285,0.050000,53953.976288,53953.985756,53954.035757
R1424:53953.977912,0.050000,53953.977930,53954.035817,53954.085818
R1425:53954.116379,0.050000,53954.116425,53954.116997,53954.166998
R1426:53954.180835,0.050000,53954.180888,53954.181454,53954.231455
R1427:53954.378038,0.050000,53954.378097,53954.378602,53954.428603
R1428:53954.541518,0.050000,53954.541613,53954.541734,53954.591735
R1429:53954.612718,0.050000,53954.612777,53954.612909,53954.662910
R1430:53954.713742,0.050000,53954.713796,53954.713856,53954.763857
R1431:53954.804741,0.050000,53954.804804,53954.805320,53954.855321
R1432:53954.883595,0.050000,53954.883676,53954.884436,53954.934556
R1433:53954.902965,0.050000,53954.903018,53954.934627,53954.984628
R1434:53955.163850,0.050000,53955.164029,53955.164047,53955.214048
R1435:53955.530948,0.050000,53955.531023,53955.531085,53955.581091
R1436:53955.552922,0.050000,53955.552978,53955.581154,53955.631155
R1437:53955.594832,0.050000,53955.594893,53955.631239,53955.681240
R1438:53955.672363,0.050000,53955.672391,53955.681285,53955.731286
R1439:53955.688151,0.050000,53955.688221,53955.731322,53955.781323
R1440:53955.712493,0.050000,53955.729317,53955.781382,53955.831383
R1441:53955.869902,0.050000,53955.869960,53955.870377,53955.920378
R1442:53956.067943,0.050000,53956.068002,53956.068108,53956.118109
R1443:53956.163008,0.050000,53956.163049,53956.163466,53956.213467
R1444:53956.221588,0.050000,53956.221714,53956.222240,53956.272241
R1445:53956.305817,0.050000,53956.306036,53956.306142,53956.356143
R1446:53956.385024,0.050000,53956.385119,53956.385265,53956.435265
R1447:53956.461699,0.050000,53956.461787,53956.461937,53956.511961
R1448:53956.965936,0.050000,53956.966138,53956.966150,53957.016151
R1449:53956.972272,0.050000,53956.972322,53957.016214,53957.066214
R1450:53956.975424,0.050000,53956.975455,53957.066300,53957.116319
R1451:53957.032188,0.050000,53957.032237,53957.116432,53957.166433
R1452:53957.071012,0.050000,53957.071063,53957.166488,53957.216488
R1453:53957.432860,0.050000,53957.433053,53957.433064,53957.483065
R1454:53957.508959,0.050000,53957.509094,53957.509108,53957.559109
R1455:53957.604385,0.050000,53957.604459,53957.604869,53957.654869
R1456:53957.732738,0.050000,53957.732942,53957.732956,53957.782957
R1457:53958.230701,0.050000,53958.230893,53958.230904,53958.280905
R1458:53958.295177,0.050000,53958.295364,53958.295374,53958.345375
R1459:53958.370250,0.050000,53958.370376,53958.370387,53958.420388
R1460:53958.440018,0.050000,53958.440143,53958.440154,53958.490155
R1461:53958.451727,0.050000,53958.451787,53958.490256,53958.540257
R1462:53958.465103,0.050000,53958.465160,53958.540339,53958.590340
R1463:53958.469993,0.050000,53958.470060,53958.590392,53958.640393
R1464:53958.503544,0.050000,53958.503595,53958.640477,53958.690478
R1465:53958.508816,0.050000,53958.540323,53958.690537,53958.740538
R1466:53958.510973,0.050000,53958.540328,53958.740596,53958.790596
R1467:53958.576322,0.050000,53958.581323,53958.790645,53958.840646
R1468:53958.626767,0.050000,53958.626821,53958.840697,53958.890698
R1469:53958.710082,0.050000,53958.710122,53958.890744,53958.940745
R1470:53958.809506,0.050000,53958.809549,53958.940805,53958.990806
R1471:53958.903226,0.050000,53958.903321,53958.990892,53959.040912
R1472:53958.947191,0.050000,53958.947242,53959.040949,53959.090949
R1473:53959.013785,0.050000,53959.013962,53959.091002,53959.141003
R1474:53959.040543,0.050000,53959.040589,53959.141081,53959.191082
R1475:53959.199096,0.050000,53959.199135,53959.199333,53959.249333
R1476:53959.204884,0.050000,53959.241284,53959.249379,53959.299418
R1477:53959.348856,0.050000,53959.348968,53959.349675,53959.400309
R1478:53959.388666,0.050000,53959.390300,53959.400352,53959.450353
R1479:53959.393728,0.050000,53959.393745,53959.450416,53959.500417
R1480:53959.566369,0.050000,53959.566458,53959.566603,53959.616604
R1481:53959.610589,0.050000,53959.610617,53959.616648,53959.666649
R1482:53959.676220,0.050000,53959.676264,53959.676417,53959.726418
R1483:53959.691787,0.050000,53959.718161,53959.726465,53959.776466
R1484:53959.731806,0.050000,53959.731856,53959.776931,53959.826932
R1485:53960.450417,0.050000,53960.450545,53960.450691,53960.500692
R1486:53960.591794,0.050000,53960.591852,53960.591989,53960.641990
R1487:53960.597244,0.050000,53960.597279,53960.642033,53960.692035
R1488:53961.084703,0.050000,53961.084826,53961.084838,53961.134839
R1489:53961.110970,0.050000,53961.111026,53961.134906,53961.184907
R1490:53961.197532,0.050000,53961.197752,53961.197763,53961.247764
R1491:53961.265802,0.050000,53961.265892,53961.265951,53961.315952
R1492:53961.307415,0.050000,53961.307471,53961.316002,53961.366003
R1493:53961.428826,0.050000,53961.428908,53961.429015,53961.479016
R1494:53961.506701,0.050000,53961.506745,53961.506865,53961.556866
R1495:53961.604381,0.050000,53961.604414,53961.604531,53961.654532
R1496:53961.744324,0.050000,53961.744386,53961.744436,53961.794437
R1497:53961.826819,0.050000,53961.826907,53961.827557,53961.877558
R1498:53961.837812,0.050000,53961.837876,53961.877615,53961.927616
R1499:53961.853408,0.050000,53961.853462,53961.927664,53961.977665
