R0:53793.086305,0.025075,53793.086450,53793.086476,53793.111552
R1:53793.269788,0.080083,53793.269952,53793.269988,53793.350072
R2:53793.422811,0.011004,53793.423011,53793.423093,53793.434099
R3:53793.665608,0.073100,53793.665838,53793.665986,53793.739087
R4:53793.706600,0.040368,53793.706753,53793.739149,53793.779536
R5:53793.739318,0.049560,53793.739385,53793.779602,53793.829164
R6:53793.804313,0.036016,53793.804527,53793.829279,53793.865295
R7:53793.849920,0.123963,53793.850053,53793.865353,53793.989318
R8:53794.154218,0.063168,53794.154404,53794.154506,53794.217675
R9:53794.255322,0.046693,53794.255495,53794.255753,53794.302447
R10:53794.270792,0.013912,53794.270937,53794.302496,53794.316409
R11:53794.272578,0.081527,53794.272802,53794.316471,53794.397999
R12:53794.287452,0.025620,53794.287576,53794.398073,53794.423694
R13:53794.304581,0.005760,53794.304639,53794.423725,53794.429486
R14:53794.318561,0.012311,53794.318776,53794.429514,53794.441826
R15:53795.002248,0.091352,53795.002389,53795.002402,53795.093755
R16:53795.074386,0.017551,53795.074493,53795.093810,53795.111362
R17:53795.169361,0.037147,53795.169503,53795.169515,53795.206663
R18:53795.270982,0.180181,53795.271135,53795.271221,53795.451403
R19:53795.339238,0.073780,53795.339298,53795.451446,53795.525244
R20:53795.373993,0.073465,53795.374346,53795.525305,53795.598770
R21:53795.448937,0.111064,53795.449358,53795.598837,53795.709902
R22:53795.500255,0.021729,53795.501130,53795.709949,53795.731679
R23:53795.533693,0.125682,53795.533928,53795.731739,53795.857433
R24:53795.698740,0.149118,53795.698858,53795.857500,53796.006619
R25:53795.706172,0.004499,53795.706351,53796.006679,53796.011179
R26:53795.781089,0.054417,53795.781176,53796.011243,53796.065661
R27:53795.802620,0.021454,53795.822519,53796.065825,53796.087280
R28:53796.023657,0.001011,53796.023706,53796.087307,53796.088319
R29:53796.030402,0.003259,53796.064528,53796.088333,53796.091592
R30:53796.091656,0.176396,53796.091825,53796.091834,53796.268230
R31:53796.119010,0.095164,53796.119171,53796.268297,53796.363461
R32:53796.351739,0.038800,53796.351930,53796.363546,53796.402347
R33:53796.382950,0.071408,53796.383141,53796.402406,53796.473815
R34:53796.430168,0.055089,53796.430256,53796.473855,53796.528945
R35:53796.502314,0.002004,53796.502413,53796.529003,53796.531007
R36:53796.578318,0.134291,53796.578490,53796.578598,53796.712890
R37:53796.636030,0.063819,53796.636111,53796.712948,53796.776767
R38:53796.903266,0.067073,53796.903448,53796.903564,53796.970638
R39:53796.936895,0.021852,53796.937064,53796.970700,53796.992552
R40:53797.039245,0.009075,53797.039407,53797.039530,53797.048606
R41:53797.155861,0.106045,53797.156031,53797.156142,53797.262190
R42:53797.213983,0.020049,53797.214192,53797.262279,53797.282329
R43:53797.390873,0.111921,53797.391078,53797.391218,53797.503140
R44:53797.417092,0.058025,53797.417152,53797.503259,53797.561291
R45:53797.460380,0.044414,53797.460439,53797.561351,53797.605767
R46:53797.773932,0.097835,53797.774143,53797.774217,53797.872053
R47:53797.881132,0.128831,53797.881318,53797.881384,53798.010257
R48:53797.939157,0.084307,53797.939314,53798.010348,53798.094656
R49:53797.990267,0.120940,53797.990453,53798.094746,53798.215687
R50:53798.105736,0.012156,53798.105849,53798.215746,53798.227903
R51:53798.171749,0.126367,53798.171871,53798.227933,53798.354300
R52:53798.472007,0.106458,53798.472189,53798.472252,53798.578710
R53:53798.488180,0.028278,53798.488339,53798.578768,53798.607046
R54:53798.590892,0.016499,53798.591000,53798.607108,53798.623608
R55:53798.687748,0.018369,53798.687958,53798.687971,53798.706353
R56:53798.842170,0.012816,53798.842369,53798.842382,53798.855199
R57:53798.901698,0.016164,53798.901899,53798.902002,53798.918260
R58:53798.922593,0.026936,53798.922822,53798.922893,53798.949829
R59:53799.004098,0.118652,53799.004231,53799.004317,53799.122971
R60:53799.022947,0.006738,53799.045341,53799.123022,53799.129761
R61:53799.033906,0.071455,53799.045346,53799.129907,53799.201373
R62:53799.102398,0.136671,53799.102484,53799.201436,53799.338108
R63:53799.520906,0.024160,53799.521100,53799.521235,53799.545395
R64:53799.636377,0.022996,53799.636621,53799.636729,53799.659726
R65:53799.775151,0.013215,53799.775262,53799.775274,53799.788491
R66:53799.810149,0.014013,53799.810325,53799.810432,53799.824445
R67:53799.898124,0.065866,53799.898296,53799.898399,53799.964266
R68:53799.914811,0.078866,53799.939289,53799.964310,53800.043217
R69:53799.928293,0.068339,53799.939295,53800.043275,53800.111615
R70:53799.946299,0.149891,53799.946450,53800.111673,53800.261564
R71:53799.954379,0.036862,53799.954593,53800.261613,53800.298475
R72:53799.959930,0.013726,53799.960092,53800.298504,53800.312231
R73:53799.979456,0.065961,53799.979600,53800.312279,53800.378240
R74:53800.139453,0.171180,53800.139637,53800.378322,53800.549503
R75:53800.246484,0.071301,53800.246670,53800.549550,53800.620852
R76:53800.348722,0.007246,53800.348938,53800.620902,53800.628162
R77:53800.358707,0.004073,53800.378407,53800.628186,53800.632260
R78:53800.432252,0.011449,53800.432436,53800.632281,53800.643730
R79:53800.439641,0.085650,53800.439805,53800.643753,53800.729404
R80:53800.501641,0.070444,53800.501838,53800.729463,53800.799908
R81:53800.586966,0.008587,53800.587169,53800.799961,53800.808555
R82:53800.592496,0.011428,53800.592669,53800.808617,53800.820046
R83:53801.788356,0.006703,53801.788581,53801.788683,53801.795387
R84:53802.009322,0.002779,53802.009470,53802.009572,53802.012351
R85:53802.621360,0.003754,53802.621554,53802.621566,53802.625321
R86:53802.825924,0.128242,53802.826165,53802.826177,53802.954421
R87:53802.826419,0.009945,53802.866378,53802.954484,53802.964433
R88:53802.916608,0.024854,53802.916701,53802.964575,53802.989430
R89:53802.934681,0.085655,53802.934748,53802.989480,53803.075137
R90:53803.179051,0.040202,53803.179332,53803.179408,53803.219642
R91:53803.223779,0.030127,53803.223957,53803.224024,53803.254179
R92:53803.310510,0.005248,53803.310749,53803.310769,53803.316018
R93:53803.427033,0.070795,53803.427227,53803.427318,53803.498115
R94:53803.502823,0.242864,53803.502875,53803.502943,53803.745814
R95:53803.539207,0.105029,53803.539590,53803.745869,53803.850909
R96:53803.625510,0.049566,53803.625698,53803.850966,53803.900532
R97:53803.763443,0.068877,53803.763833,53803.900569,53803.969447
R98:53803.767214,0.129765,53803.767665,53803.969540,53804.099320
R99:53803.946596,0.088904,53803.946897,53804.099441,53804.188346
R100:53804.153365,0.068092,53804.153546,53804.188408,53804.256501
R101:53804.541946,0.205511,53804.542146,53804.542158,53804.747670
R102:53804.775778,0.034384,53804.775963,53804.775974,53804.810358
R103:53804.885971,0.088601,53804.886258,53804.886380,53804.974982
R104:53804.904138,0.004006,53804.927258,53804.975042,53804.979079
R105:53805.123989,0.014254,53805.124182,53805.124196,53805.138451
R106:53805.229126,0.013012,53805.229354,53805.229365,53805.242395
R107:53805.328617,0.019053,53805.328844,53805.328855,53805.347909
R108:53805.449625,0.013161,53805.449872,53805.450016,53805.463178
R109:53805.489767,0.050130,53805.489894,53805.489996,53805.540127
R110:53805.497714,0.052653,53805.530207,53805.540268,53805.592922
R111:53805.523102,0.177832,53805.530215,53805.592978,53805.770812
R112:53805.594632,0.039495,53805.594670,53805.770861,53805.810356
R113:53805.627590,0.006011,53805.635403,53805.810380,53805.816392
R114:53805.754692,0.044891,53805.754889,53805.816438,53805.861329
R115:53805.818611,0.029975,53805.818815,53805.861400,53805.891376
R116:53806.107554,0.094090,53806.107738,53806.107823,53806.201913
R117:53806.148715,0.000162,53806.148770,53806.201969,53806.202131
R118:53806.205827,0.045625,53806.205945,53806.205955,53806.251585
R119:53806.248295,0.013322,53806.248349,53806.251638,53806.264960
R120:53806.427567,0.032981,53806.427738,53806.427874,53806.460856
R121:53806.540252,0.018189,53806.540401,53806.540430,53806.558620
R122:53806.606187,0.010079,53806.606357,53806.606438,53806.616517
R123:53806.730891,0.002086,53806.731030,53806.731125,53806.733212
R124:53806.828352,0.059534,53806.828581,53806.828927,53806.888461
R125:53806.881984,0.050756,53806.882145,53806.888582,53806.939379
R126:53806.994232,0.010205,53806.994432,53806.994526,53807.004732
R127:53807.037012,0.049330,53807.037201,53807.037340,53807.086671
R128:53807.131085,0.019903,53807.131275,53807.131376,53807.151280
R129:53807.262410,0.011296,53807.262648,53807.262767,53807.274120
R130:53807.397462,0.057721,53807.397641,53807.397849,53807.455598
R131:53807.651308,0.014871,53807.651536,53807.651674,53807.666545
R132:53807.757356,0.004586,53807.757539,53807.757553,53807.762140
R133:53807.833590,0.104935,53807.833853,53807.834008,53807.938944
R134:53807.864002,0.004921,53807.874395,53807.939002,53807.943924
R135:53807.979946,0.022440,53807.980134,53807.980205,53808.002646
R136:53807.991874,0.044973,53807.992061,53808.002697,53808.047671
R137:53808.078013,0.017039,53808.078324,53808.078338,53808.095377
R138:53808.188037,0.017011,53808.188170,53808.188218,53808.205230
R139:53808.337667,0.010521,53808.337830,53808.337872,53808.348393
R140:53808.377992,0.000179,53808.378128,53808.378138,53808.378317
R141:53808.793992,0.020134,53808.794175,53808.794278,53808.814413
R142:53808.969911,0.028679,53808.970087,53808.970103,53808.998783
R143:53808.991111,0.125622,53808.998937,53808.999012,53809.124636
R144:53809.309751,0.060045,53809.309977,53809.310093,53809.370139
R145:53809.454717,0.057884,53809.454906,53809.454991,53809.515810
R146:53809.467814,0.074422,53809.467937,53809.516203,53809.590626
R147:53809.518703,0.124010,53809.518769,53809.590676,53809.714686
R148:53809.805393,0.011379,53809.805579,53809.805606,53809.816986
R149:53810.003574,0.039708,53810.003691,53810.003828,53810.043537
R150:53810.161522,0.117658,53810.161690,53810.161816,53810.279475
R151:53810.196934,0.103565,53810.202476,53810.279527,53810.383093
R152:53810.437404,0.042925,53810.437629,53810.437929,53810.480854
R153:53810.506499,0.016004,53810.506677,53810.507025,53810.523030
R154:53810.524372,0.033903,53810.524459,53810.524467,53810.558371
R155:53810.724418,0.094505,53810.724622,53810.724702,53810.819233
R156:53810.786872,0.017199,53810.787090,53810.819300,53810.836499
R157:53810.855550,0.057629,53810.855721,53810.855811,53810.913461
R158:53810.875568,0.007486,53810.896403,53810.913563,53810.921050
R159:53811.005663,0.033905,53811.005836,53811.005958,53811.039864
R160:53811.098323,0.064413,53811.098454,53811.098482,53811.162896
R161:53811.280559,0.012549,53811.280765,53811.280870,53811.293421
R162:53811.300306,0.006463,53811.300439,53811.300746,53811.307210
R163:53811.369488,0.022349,53811.369709,53811.370015,53811.392365
R164:53811.384592,0.134335,53811.392540,53811.392603,53811.526940
R165:53811.423969,0.048656,53811.434301,53811.526996,53811.575653
R166:53811.663177,0.085223,53811.663421,53811.663512,53811.748735
R167:53811.844780,0.020396,53811.844958,53811.845029,53811.865426
R168:53811.913507,0.053769,53811.913766,53811.913848,53811.967618
R169:53811.963903,0.014981,53811.964078,53811.967657,53811.982639
R170:53812.057970,0.003766,53812.058238,53812.058359,53812.062125
R171:53812.074513,0.052094,53812.074751,53812.074841,53812.126936
R172:53812.086110,0.017003,53812.115391,53812.126996,53812.144000
R173:53812.131355,0.004779,53812.131528,53812.144065,53812.148845
R174:53812.171763,0.136281,53812.171938,53812.172045,53812.308327
R175:53812.227669,0.015426,53812.227845,53812.308388,53812.323815
R176:53812.315421,0.071728,53812.315590,53812.323863,53812.395591
R177:53812.423073,0.008556,53812.423239,53812.423412,53812.431969
R178:53812.490021,0.049130,53812.490336,53812.490383,53812.539515
R179:53812.704907,0.011650,53812.705117,53812.705136,53812.716787
R180:53812.777983,0.027774,53812.778173,53812.778248,53812.806023
R181:53812.859743,0.025076,53812.859945,53812.860103,53812.885192
R182:53813.037183,0.019727,53813.037382,53813.037465,53813.057213
R183:53813.065322,0.050896,53813.065482,53813.065558,53813.116455
R184:53813.196184,0.020643,53813.196456,53813.196532,53813.217176
R185:53813.615337,0.007313,53813.615508,53813.615639,53813.622954
R186:53813.843376,0.000271,53813.843466,53813.843968,53813.844239
R187:53813.896440,0.074447,53813.896502,53813.896611,53813.971059
R188:53814.049523,0.006090,53814.049583,53814.050116,53814.056244
R189:53814.084448,0.063828,53814.084500,53814.085402,53814.149231
R190:53814.285269,0.029811,53814.285502,53814.285511,53814.315322
R191:53814.290477,0.061535,53814.290531,53814.315386,53814.376922
R192:53814.720889,0.032113,53814.720953,53814.721611,53814.753724
R193:53814.744726,0.004931,53814.753791,53814.754413,53814.759346
R194:53814.945188,0.024136,53814.945238,53814.945682,53814.969819
R195:53814.955791,0.053519,53814.970587,53814.970600,53815.024122
R196:53814.991781,0.007061,53815.010332,53815.024253,53815.031315
R197:53815.157445,0.002745,53815.157497,53815.158111,53815.160857
R198:53815.162842,0.075904,53815.162877,53815.163474,53815.239379
R199:53815.224180,0.029220,53815.224236,53815.239436,53815.268657
R200:53815.342117,0.044536,53815.342285,53815.342350,53815.386886
R201:53815.355004,0.037740,53815.383173,53815.386959,53815.424700
R202:53815.441496,0.022464,53815.441664,53815.441671,53815.464136
R203:53815.532059,0.109787,53815.532118,53815.532243,53815.642031
R204:53815.568590,0.009306,53815.573374,53815.642108,53815.651489
R205:53815.633441,0.037301,53815.633500,53815.651572,53815.688873
R206:53815.727658,0.045341,53815.727706,53815.727724,53815.773131
R207:53815.824973,0.088541,53815.825236,53815.825246,53815.913789
R208:53815.851789,0.005203,53815.851847,53815.913844,53815.919048
R209:53815.859173,0.009295,53815.859218,53815.919119,53815.928416
R210:53816.116642,0.012776,53816.116703,53816.117296,53816.130073
R211:53816.182537,0.017183,53816.182591,53816.183125,53816.200309
R212:53816.357991,0.105301,53816.358076,53816.358820,53816.464121
R213:53816.402347,0.084345,53816.402404,53816.464229,53816.548575
R214:53816.444697,0.001850,53816.444741,53816.548619,53816.550470
R215:53816.552464,0.075312,53816.552543,53816.552763,53816.628082
R216:53816.582430,0.090426,53816.593139,53816.628141,53816.718568
R217:53816.680857,0.012488,53816.680901,53816.718830,53816.731319
R218:53816.717832,0.047394,53816.718811,53816.731375,53816.778770
R219:53816.739991,0.056136,53816.740068,53816.778845,53816.834981
R220:53816.751803,0.063552,53816.778831,53816.835110,53816.898663
R221:53816.904419,0.025640,53816.904471,53816.904597,53816.930238
R222:53816.926921,0.028459,53816.926974,53816.930281,53816.958740
R223:53816.965003,0.024368,53816.965059,53816.965195,53816.989564
R224:53816.991506,0.008405,53816.991695,53816.991702,53817.000146
R225:53817.067808,0.000734,53817.067961,53817.067977,53817.068712
R226:53817.149014,0.024077,53817.149112,53817.149160,53817.173238
R227:53817.197081,0.066858,53817.197245,53817.197990,53817.264848
R228:53817.233804,0.052442,53817.239200,53817.264887,53817.317330
R229:53817.264104,0.126031,53817.264160,53817.317382,53817.443414
R230:53817.344619,0.082980,53817.344666,53817.443474,53817.526454
R231:53817.460562,0.018695,53817.460610,53817.526511,53817.545206
R232:53817.580385,0.000301,53817.580481,53817.580524,53817.580826
R233:53817.684500,0.092866,53817.684606,53817.684729,53817.777596
R234:53817.760842,0.051458,53817.760897,53817.777640,53817.829099
R235:53817.857311,0.025600,53817.857368,53817.857448,53817.883050
R236:53817.930530,0.063446,53817.930601,53817.930841,53817.994288
R237:53817.975669,0.056631,53817.975724,53817.994347,53818.050979
R238:53818.137683,0.001672,53818.137730,53818.137803,53818.139476
R239:53818.154487,0.057874,53818.154580,53818.154765,53818.212640
R240:53818.161224,0.048242,53818.196213,53818.212698,53818.260941
R241:53818.182100,0.041947,53818.196221,53818.260987,53818.302956
R242:53818.302742,0.000286,53818.302793,53818.303053,53818.303410
R243:53818.302954,0.015161,53818.303023,53818.303433,53818.318595
R244:53818.339463,0.097440,53818.339678,53818.339688,53818.437129
R245:53818.446256,0.020878,53818.446485,53818.446495,53818.467374
R246:53818.466423,0.105602,53818.467425,53818.467438,53818.573041
R247:53818.576694,0.018788,53818.576738,53818.576925,53818.595713
R248:53818.682774,0.010306,53818.682834,53818.682926,53818.693233
R249:53818.899250,0.035005,53818.899316,53818.899436,53818.934442
R250:53818.916538,0.056297,53818.934526,53818.935188,53818.991486
R251:53819.093206,0.010605,53819.093384,53819.093393,53819.103999
R252:53819.327904,0.061220,53819.328713,53819.328722,53819.389943
R253:53819.378300,0.039637,53819.378388,53819.390008,53819.429646
R254:53819.581701,0.134770,53819.581772,53819.581826,53819.716597
R255:53819.716449,0.130575,53819.716504,53819.716629,53819.847205
R256:53819.743965,0.135468,53819.744010,53819.847254,53819.982723
R257:53819.825732,0.040212,53819.825785,53819.982784,53820.022996
R258:53819.894755,0.080383,53819.894784,53820.023048,53820.103432
R259:53820.174782,0.045131,53820.174834,53820.174915,53820.220047
R260:53820.343258,0.268009,53820.343327,53820.344138,53820.612148
R261:53820.450512,0.019618,53820.450571,53820.612238,53820.631857
R262:53820.725293,0.044477,53820.725379,53820.725498,53820.769976
R263:53820.932875,0.071215,53820.932935,53820.933331,53821.004547
R264:53821.042327,0.079215,53821.042415,53821.042633,53821.121849
R265:53821.191956,0.046365,53821.192017,53821.192195,53821.238561
R266:53821.222568,0.009133,53821.222628,53821.238629,53821.247763
R267:53821.286301,0.100156,53821.286379,53821.286523,53821.386685
R268:53821.445246,0.054594,53821.445300,53821.445411,53821.500006
R269:53821.651829,0.047335,53821.651913,53821.652030,53821.699366
R270:53821.705204,0.051867,53821.705260,53821.705395,53821.757262
R271:53821.796303,0.008029,53821.796369,53821.796443,53821.804472
R272:53821.873788,0.001676,53821.873868,53821.874167,53821.875844
R273:53821.960519,0.036506,53821.960605,53821.960984,53821.997491
R274:53822.081393,0.036185,53822.081430,53822.081843,53822.118029
R275:53822.260232,0.033649,53822.260313,53822.260741,53822.294391
R276:53822.272331,0.002486,53822.294457,53822.295101,53822.297587
R277:53822.343802,0.024279,53822.343873,53822.344394,53822.368674
R278:53822.512315,0.030085,53822.512370,53822.512909,53822.543039
R279:53822.613984,0.026643,53822.614068,53822.614562,53822.641206
R280:53822.629683,0.026108,53822.641258,53822.641270,53822.667379
R281:53822.658151,0.063221,53822.667454,53822.667474,53822.730696
R282:53822.659993,0.083818,53822.667459,53822.730766,53822.814585
R283:53822.745800,0.029597,53822.745857,53822.814643,53822.844241
R284:53822.833518,0.266592,53822.833570,53822.844297,53823.110890
R285:53822.898694,0.003858,53822.898744,53823.110936,53823.114795
R286:53822.904952,0.045476,53822.940251,53823.114855,53823.160331
R287:53823.007540,0.012409,53823.007592,53823.160383,53823.172793
R288:53823.032984,0.128532,53823.033034,53823.172817,53823.301349
R289:53823.132783,0.031074,53823.132838,53823.301417,53823.332492
R290:53823.266962,0.095052,53823.267004,53823.332551,53823.427604
R291:53823.325009,0.148709,53823.325047,53823.427664,53823.576374
R292:53823.630378,0.072839,53823.630434,53823.630448,53823.703288
R293:53823.859882,0.038474,53823.859977,53823.860015,53823.898489
R294:53823.900632,0.032461,53823.900680,53823.901132,53823.933594
R295:53823.925515,0.031384,53823.933657,53823.933671,53823.965071
R296:53824.224805,0.170984,53824.225507,53824.225515,53824.396500
R297:53824.440669,0.030628,53824.440825,53824.440835,53824.471465
R298:53824.461162,0.072717,53824.461214,53824.471523,53824.544245
R299:53824.612816,0.014892,53824.612871,53824.612924,53824.627817
R300:53824.848157,0.165529,53824.848207,53824.848296,53825.013826
R301:53824.991694,0.025740,53824.991758,53825.013880,53825.039621
R302:53825.032144,0.040422,53825.032187,53825.039683,53825.080106
R303:53825.114559,0.010600,53825.114606,53825.114708,53825.125335
R304:53825.212073,0.022323,53825.212134,53825.212327,53825.234651
R305:53825.277327,0.124159,53825.277428,53825.277510,53825.401670
R306:53825.383640,0.046639,53825.383704,53825.401727,53825.448367
R307:53825.407448,0.005814,53825.407497,53825.448420,53825.454234
R308:53825.608137,0.011095,53825.608191,53825.608260,53825.619355
R309:53825.655134,0.044909,53825.655223,53825.655345,53825.700256
R310:53825.759409,0.045359,53825.759545,53825.759867,53825.807405
R311:53825.872532,0.041148,53825.872592,53825.872664,53825.913813
R312:53825.878755,0.013895,53825.878813,53825.914908,53825.928804
R313:53825.961832,0.021068,53825.961920,53825.962410,53825.983479
R314:53825.963889,0.128649,53825.983543,53825.984182,53826.112831
R315:53825.964849,0.073633,53825.983547,53826.112877,53826.193425
R316:53826.057045,0.135357,53826.057097,53826.193484,53826.328842
R317:53826.275619,0.029709,53826.275714,53826.328900,53826.358609
R318:53826.295618,0.079294,53826.295684,53826.358671,53826.441453
R319:53826.362815,0.168604,53826.362906,53826.441516,53826.610121
R320:53826.476340,0.017328,53826.476408,53826.610188,53826.627518
R321:53826.493492,0.022788,53826.493553,53826.627550,53826.650338
R322:53826.707602,0.068844,53826.707654,53826.708144,53826.776989
R323:53826.937403,0.015941,53826.937446,53826.937825,53826.953815
R324:53827.002246,0.006524,53827.002290,53827.002393,53827.008919
R325:53827.295472,0.048801,53827.295529,53827.295578,53827.344380
R326:53827.496410,0.129207,53827.496474,53827.496560,53827.625768
R327:53827.623399,0.016584,53827.623460,53827.625806,53827.642391
R328:53827.643872,0.011344,53827.643931,53827.644050,53827.655394
R329:53827.662349,0.009694,53827.662472,53827.662571,53827.672308
R330:53827.761019,0.012910,53827.761101,53827.761187,53827.774098
R331:53827.774730,0.000698,53827.774753,53827.774834,53827.775532
R332:53828.068480,0.006391,53828.068529,53828.068654,53828.075046
R333:53828.086206,0.052284,53828.086240,53828.086437,53828.138721
R334:53828.148315,0.005316,53828.148422,53828.149148,53828.154465
R335:53828.395239,0.003658,53828.395309,53828.395637,53828.399296
R336:53828.490712,0.034302,53828.490759,53828.491254,53828.525556
R337:53828.540920,0.017349,53828.540997,53828.541808,53828.559157
R338:53828.598451,0.121743,53828.598501,53828.599086,53828.720831
R339:53828.626546,0.010580,53828.639196,53828.720886,53828.731466
R340:53828.710448,0.028268,53828.710488,53828.731491,53828.759760
R341:53828.714416,0.069996,53828.714456,53828.759783,53828.830542
R342:53828.882751,0.309983,53828.882808,53828.882867,53829.192852
R343:53828.926971,0.037069,53828.927023,53829.192918,53829.229988
R344:53828.930785,0.054205,53828.930838,53829.230049,53829.284255
R345:53828.953364,0.019846,53828.953422,53829.284298,53829.304145
R346:53829.073829,0.052024,53829.073880,53829.304191,53829.356215
R347:53829.294081,0.002574,53829.294150,53829.356263,53829.358837
R348:53829.336032,0.081311,53829.336075,53829.358862,53829.440174
R349:53829.481675,0.057273,53829.481710,53829.482111,53829.539385
R350:53829.601772,0.018767,53829.601823,53829.601922,53829.620694
R351:53829.836437,0.017686,53829.836503,53829.836994,53829.854681
R352:53829.976278,0.010478,53829.976408,53829.976668,53829.987147
R353:53830.142221,0.002746,53830.142305,53830.142650,53830.145397
R354:53830.231837,0.008556,53830.232218,53830.232643,53830.241199
R355:53830.242931,0.007319,53830.242982,53830.243280,53830.250626
R356:53830.271065,0.002990,53830.271123,53830.271531,53830.274522
R357:53830.360220,0.145479,53830.360299,53830.360617,53830.506097
R358:53830.580706,0.129660,53830.580760,53830.581408,53830.711070
R359:53830.586666,0.014851,53830.586707,53830.711134,53830.725985
R360:53830.650241,0.009246,53830.650285,53830.726038,53830.735286
R361:53830.738972,0.032347,53830.739181,53830.739795,53830.772143
R362:53830.827258,0.130230,53830.827314,53830.827406,53830.957637
R363:53830.996493,0.043644,53830.996558,53830.996711,53831.040355
R364:53831.071429,0.012760,53831.071487,53831.071628,53831.084388
R365:53831.202267,0.050199,53831.202502,53831.202635,53831.252836
R366:53831.233127,0.000840,53831.243300,53831.252886,53831.253726
R367:53831.310488,0.021351,53831.310854,53831.311012,53831.332364
R368:53831.578775,0.036973,53831.578828,53831.578843,53831.615818
R369:53831.601980,0.018348,53831.616324,53831.616432,53831.634854
R370:53831.653293,0.051801,53831.653957,53831.654177,53831.705978
R371:53831.767326,0.015669,53831.767904,53831.768004,53831.783674
R372:53831.826126,0.020240,53831.826492,53831.826710,53831.846961
R373:53831.947753,0.071191,53831.947887,53831.948105,53832.019297
R374:53831.972204,0.057533,53831.988284,53832.019349,53832.076883
R375:53832.002224,0.093256,53832.002312,53832.077663,53832.170920
R376:53832.004003,0.045910,53832.004124,53832.170975,53832.216885
R377:53832.195659,0.055125,53832.195726,53832.216942,53832.280996
R378:53832.234595,0.094194,53832.234633,53832.281042,53832.375236
R379:53832.309556,0.014801,53832.309636,53832.375298,53832.390115
R380:53832.338584,0.036117,53832.338647,53832.390150,53832.426302
R381:53832.346346,0.047262,53832.346405,53832.426389,53832.473651
R382:53832.567032,0.086111,53832.567301,53832.567326,53832.653438
R383:53832.642962,0.066732,53832.643019,53832.653509,53832.720242
R384:53832.962425,0.022310,53832.962677,53832.962686,53832.984997
R385:53833.004762,0.001208,53833.004962,53833.004971,53833.006179
R386:53833.009385,0.033399,53833.009700,53833.009759,53833.043159
R387:53833.010007,0.061595,53833.043222,53833.043235,53833.104831
R388:53833.044708,0.035404,53833.085442,53833.104892,53833.140296
R389:53833.216334,0.004074,53833.216610,53833.216707,53833.220782
R390:53833.279500,0.033048,53833.279802,53833.280005,53833.313054
R391:53833.300850,0.002218,53833.313299,53833.313314,53833.315532
R392:53833.557801,0.014042,53833.557880,53833.558528,53833.572572
R393:53833.566763,0.047240,53833.572630,53833.572643,53833.619883
R394:53833.691083,0.162940,53833.691145,53833.691592,53833.854533
R395:53833.700965,0.009082,53833.701008,53833.854594,53833.863676
R396:53833.903191,0.070793,53833.903286,53833.903385,53833.974202
R397:53833.968028,0.000350,53833.968085,53833.974300,53833.974672
R398:53834.118462,0.066678,53834.118907,53834.118939,53834.185618
R399:53834.205036,0.127920,53834.205164,53834.206081,53834.334003
R400:53834.341384,0.077474,53834.341499,53834.341690,53834.419165
R401:53834.351756,0.005350,53834.351813,53834.419228,53834.424584
R402:53834.644553,0.013677,53834.644598,53834.644964,53834.658642
R403:53834.676810,0.004993,53834.676866,53834.677299,53834.682294
R404:53834.842872,0.016232,53834.842927,53834.843487,53834.859720
R405:53834.980395,0.138801,53834.980485,53834.980866,53835.119668
R406:53834.999584,0.005084,53835.021258,53835.119731,53835.124815
R407:53835.142757,0.093305,53835.142853,53835.142991,53835.236297
R408:53835.539884,0.058958,53835.540535,53835.540687,53835.599646
R409:53835.581849,0.028493,53835.581998,53835.599701,53835.628195
R410:53835.642984,0.019577,53835.643233,53835.643243,53835.662821
R411:53835.749552,0.006962,53835.749609,53835.749726,53835.756688
R412:53835.841481,0.023741,53835.841530,53835.846489,53835.870231
R413:53835.850092,0.053922,53835.870290,53835.870304,53835.924663
R414:53835.864882,0.106299,53835.870292,53835.924769,53836.031069
R415:53835.877142,0.011841,53835.912264,53836.031134,53836.042976
R416:53835.964666,0.037633,53835.964700,53836.043002,53836.080635
R417:53836.075314,0.143430,53836.075366,53836.080682,53836.224113
R418:53836.113080,0.006510,53836.113128,53836.224204,53836.230715
R419:53836.259451,0.036174,53836.259515,53836.259722,53836.295897
R420:53836.263598,0.011885,53836.263632,53836.296005,53836.307892
R421:53836.314657,0.008727,53836.314739,53836.315041,53836.323769
R422:53836.375401,0.028437,53836.375525,53836.375622,53836.404060
R423:53836.412615,0.052461,53836.412671,53836.413588,53836.466050
R424:53836.413245,0.030990,53836.454305,53836.466108,53836.497099
R425:53836.426825,0.075763,53836.454309,53836.497127,53836.572892
R426:53836.435688,0.057708,53836.454317,53836.572954,53836.630662
R427:53836.589920,0.100945,53836.589968,53836.630704,53836.731650
R428:53836.831118,0.002417,53836.831275,53836.831366,53836.833783
R429:53836.837912,0.009748,53836.838556,53836.838564,53836.848313
R430:53836.913081,0.005800,53836.913169,53836.913312,53836.919113
R431:53837.176178,0.045341,53837.176215,53837.176594,53837.221936
R432:53837.225400,0.060255,53837.225566,53837.225992,53837.286248
R433:53837.327381,0.026096,53837.327433,53837.327832,53837.353929
R434:53837.405036,0.043099,53837.405094,53837.405581,53837.448681
R435:53837.578046,0.012534,53837.578120,53837.578226,53837.590761
R436:53837.832772,0.023436,53837.832851,53837.832982,53837.856419
R437:53837.988676,0.005129,53837.988742,53837.988802,53837.993932
R438:53838.036983,0.024496,53838.037068,53838.037138,53838.061635
R439:53838.202195,0.136042,53838.202249,53838.202297,53838.338340
R440:53838.339890,0.089030,53838.339927,53838.340035,53838.429065
R441:53838.529243,0.050421,53838.529302,53838.529441,53838.579863
R442:53838.654715,0.048996,53838.654759,53838.654922,53838.703919
R443:53838.727448,0.043234,53838.727507,53838.728179,53838.771413
R444:53838.797449,0.001496,53838.797503,53838.797928,53838.799425
R445:53838.909122,0.045778,53838.909188,53838.909483,53838.955262
R446:53839.051089,0.007771,53839.051144,53839.051152,53839.058924
R447:53839.068262,0.075121,53839.068973,53839.068983,53839.144105
R448:53839.090268,0.066460,53839.109188,53839.144172,53839.210635
R449:53839.276406,0.054937,53839.276470,53839.277000,53839.331938
R450:53839.296881,0.005579,53839.317241,53839.331994,53839.337573
R451:53839.334479,0.005392,53839.334519,53839.337625,53839.343040
R452:53839.553898,0.015757,53839.553980,53839.554418,53839.570177
R453:53839.619438,0.016965,53839.619498,53839.620410,53839.637377
R454:53839.641870,0.146874,53839.641939,53839.642037,53839.791386
R455:53839.749259,0.035354,53839.749320,53839.791507,53839.826861
R456:53839.775112,0.137717,53839.775323,53839.826883,53839.964630
R457:53839.926749,0.017450,53839.926797,53839.964733,53839.983479
R458:53839.942620,0.051714,53839.964713,53839.983594,53840.035309
R459:53840.025435,0.013254,53840.025539,53840.035378,53840.048632
R460:53840.234033,0.049626,53840.234191,53840.234359,53840.283986
R461:53840.346375,0.083831,53840.346437,53840.346575,53840.430410
R462:53840.525247,0.001443,53840.525307,53840.525380,53840.526823
R463:53840.673820,0.048062,53840.673997,53840.674342,53840.722405
R464:53840.763266,0.074457,53840.763324,53840.763921,53840.838379
R465:53840.907689,0.003993,53840.907754,53840.908261,53840.912255
R466:53840.941441,0.009481,53840.941662,53840.943015,53840.952502
R467:53841.153804,0.022298,53841.153860,53841.154364,53841.176663
R468:53841.173793,0.023798,53841.176709,53841.177006,53841.200805
R469:53841.232431,0.005306,53841.232494,53841.233395,53841.238702
R470:53841.336843,0.101796,53841.336932,53841.337424,53841.439226
R471:53841.376445,0.005500,53841.377120,53841.439285,53841.444787
R472:53841.470065,0.069259,53841.470133,53841.470340,53841.539599
R473:53841.634293,0.022848,53841.634387,53841.635104,53841.657953
R474:53841.685364,0.015886,53841.685401,53841.685832,53841.701719
R475:53841.735618,0.003534,53841.735672,53841.736071,53841.739605
R476:53841.827284,0.028299,53841.827340,53841.828257,53841.856557
R477:53842.059258,0.056173,53842.059319,53842.060132,53842.116306
R478:53842.272441,0.031899,53842.272485,53842.272902,53842.304802
R479:53842.334319,0.012707,53842.334539,53842.335380,53842.348088
R480:53842.369305,0.042986,53842.369362,53842.369892,53842.412894
R481:53842.397680,0.006738,53842.411167,53842.412938,53842.419677
R482:53842.433585,0.032711,53842.433639,53842.434095,53842.466807
R483:53842.572227,0.010690,53842.572375,53842.572977,53842.583668
R484:53842.638885,0.007158,53842.638941,53842.639687,53842.646846
R485:53842.834817,0.010202,53842.835004,53842.835404,53842.845608
R486:53842.869675,0.115517,53842.869737,53842.870460,53842.985978
R487:53842.870081,0.082674,53842.910635,53842.986037,53843.068711
R488:53842.904236,0.058162,53842.910641,53843.068784,53843.126946
R489:53843.009559,0.002288,53843.009616,53843.127001,53843.129293
R490:53843.029130,0.074596,53843.029215,53843.129361,53843.203958
R491:53843.350481,0.098759,53843.350563,53843.350687,53843.449447
R492:53843.362659,0.257460,53843.391270,53843.449510,53843.706971
R493:53843.386012,0.055117,53843.391274,53843.707058,53843.765791
R494:53843.462891,0.088172,53843.462947,53843.765844,53843.854016
R495:53843.525716,0.062223,53843.525769,53843.854080,53843.916304
R496:53843.749466,0.010752,53843.749524,53843.916368,53843.927124
R497:53843.802583,0.008404,53843.802644,53843.927184,53843.935589
R498:53843.985635,0.019567,53843.985692,53843.986154,53844.005733
R499:53844.097751,0.038019,53844.097799,53844.097849,53844.135869
R500:53844.140566,0.051134,53844.140626,53844.141472,53844.192606
R501:53844.201895,0.030816,53844.201943,53844.202450,53844.233272
R502:53844.328337,0.000293,53844.328408,53844.328524,53844.328818
R503:53844.406441,0.010637,53844.406492,53844.406669,53844.417306
R504:53844.437939,0.029358,53844.438037,53844.438160,53844.467519
R505:53844.556388,0.052934,53844.556442,53844.556664,53844.609599
R506:53844.583530,0.021487,53844.598151,53844.609668,53844.631156
R507:53844.608343,0.027792,53844.608406,53844.631232,53844.659025
R508:53844.680725,0.002589,53844.680772,53844.681368,53844.683958
R509:53844.722953,0.082867,53844.723043,53844.723196,53844.806064
R510:53844.733085,0.215788,53844.763274,53844.806120,53845.021909
R511:53844.944847,0.016723,53844.944893,53845.021959,53845.038683
R512:53845.019022,0.022256,53845.019120,53845.038755,53845.061012
R513:53845.039071,0.096134,53845.039103,53845.061099,53845.157233
R514:53845.097122,0.077133,53845.097175,53845.157328,53845.234461
R515:53845.212239,0.007561,53845.212342,53845.234525,53845.242086
R516:53845.261209,0.005457,53845.261240,53845.261545,53845.267003
R517:53845.316954,0.171625,53845.317041,53845.317162,53845.488788
R518:53845.408891,0.101662,53845.408965,53845.488858,53845.590521
R519:53845.420602,0.081127,53845.420654,53845.590578,53845.671706
R520:53845.438385,0.025183,53845.438463,53845.671764,53845.696947
R521:53845.476102,0.038001,53845.476155,53845.697004,53845.735005
R522:53845.537041,0.175398,53845.537091,53845.735032,53845.910431
R523:53845.673830,0.004635,53845.673915,53845.910483,53845.915221
R524:53845.992841,0.002727,53845.992930,53845.993070,53845.995800
R525:53845.995084,0.114890,53845.995841,53845.995854,53846.110745
R526:53846.223356,0.027163,53846.224200,53846.224227,53846.251391
R527:53846.227684,0.012414,53846.227898,53846.251438,53846.263879
R528:53846.248766,0.048748,53846.248841,53846.263964,53846.314685
R529:53846.399611,0.030947,53846.399666,53846.399877,53846.430825
R530:53846.407404,0.030803,53846.430893,53846.430905,53846.461709
R531:53846.460098,0.090252,53846.461766,53846.461814,53846.552072
R532:53846.552275,0.011297,53846.552302,53846.552388,53846.563685
R533:53846.635410,0.055823,53846.635498,53846.635946,53846.691843
R534:53846.798213,0.164239,53846.798271,53846.799221,53846.963484
R535:53846.805737,0.024267,53846.805787,53846.963552,53846.987820
R536:53846.870341,0.133577,53846.870420,53846.987903,53847.121481
R537:53846.914906,0.005449,53846.914993,53847.121586,53847.127035
R538:53847.163952,0.104214,53847.164013,53847.164442,53847.268657
R539:53847.395385,0.127172,53847.395455,53847.395753,53847.522926
R540:53847.416847,0.004697,53847.416899,53847.522989,53847.527716
R541:53847.681021,0.172722,53847.681137,53847.681184,53847.853906
R542:53847.853377,0.000237,53847.853431,53847.853941,53847.854178
R543:53847.924647,0.016927,53847.924709,53847.924805,53847.941733
R544:53847.945646,0.015183,53847.945700,53847.945744,53847.964124
R545:53848.046071,0.001859,53848.046131,53848.046374,53848.048378
R546:53848.184304,0.021578,53848.184354,53848.188955,53848.210534
R547:53848.312435,0.016784,53848.312506,53848.316309,53848.333094
R548:53848.519124,0.056236,53848.519189,53848.520778,53848.577015
R549:53848.599836,0.048916,53848.600031,53848.600651,53848.652345
R550:53848.918519,0.028359,53848.918596,53848.918670,53848.947029
R551:53849.020313,0.276595,53849.020389,53849.021282,53849.304787
R552:53849.021317,0.129794,53849.061187,53849.304870,53849.434665
R553:53849.066662,0.015369,53849.066807,53849.434722,53849.450126
R554:53849.077408,0.017199,53849.077457,53849.450189,53849.467388
R555:53849.239024,0.065411,53849.239075,53849.467437,53849.533178
R556:53849.267570,0.000349,53849.267644,53849.533222,53849.533572
R557:53849.319881,0.110142,53849.319935,53849.533587,53849.643730
R558:53849.440759,0.108729,53849.440862,53849.643895,53849.752898
R559:53849.442378,0.050971,53849.442437,53849.752954,53849.803927
R560:53849.462982,0.129766,53849.463028,53849.804008,53849.934666
R561:53849.479919,0.102031,53849.479972,53849.936568,53850.038600
R562:53849.592914,0.039673,53849.592975,53850.038666,53850.078877
R563:53849.625949,0.088194,53849.626168,53850.079018,53850.167213
R564:53849.643861,0.005991,53849.644056,53850.167274,53850.174877
R565:53849.670551,0.098587,53849.685357,53850.174935,53850.282720
R566:53849.732799,0.030925,53849.733166,53850.282780,53850.313706
R567:53849.813257,0.120127,53849.813341,53850.313767,53850.433895
R568:53850.009827,0.156304,53850.009904,53850.433953,53850.592475
R569:53850.058882,0.010394,53850.058946,53850.592538,53850.602933
R570:53850.078191,0.022327,53850.078939,53850.602987,53850.625315
R571:53850.106673,0.049427,53850.121230,53850.625388,53850.674816
R572:53850.356179,0.047789,53850.359565,53850.674876,53850.722670
R573:53850.405500,0.023805,53850.405615,53850.723330,53850.747152
R574:53850.481172,0.059223,53850.481227,53850.747230,53850.806507
R575:53850.551743,0.052500,53850.551956,53850.806599,53850.871093
R576:53850.553900,0.059158,53850.553955,53850.871117,53850.930559
R577:53850.650649,0.112858,53850.650693,53850.930620,53851.043479
R578:53850.725953,0.056246,53850.726080,53851.043556,53851.102754
R579:53850.755010,0.031218,53850.755064,53851.102872,53851.134090
R580:53850.886315,0.009719,53850.886475,53851.134120,53851.143840
R581:53851.043627,0.020324,53851.043666,53851.143870,53851.164200
R582:53851.084213,0.010045,53851.084278,53851.166123,53851.176503
R583:53851.186116,0.001244,53851.186224,53851.186233,53851.187512
R584:53851.216390,0.027035,53851.216569,53851.216582,53851.243618
R585:53851.231679,0.024330,53851.243721,53851.243736,53851.268102
R586:53851.255771,0.006944,53851.268642,53851.268651,53851.275596
R587:53851.406350,0.007830,53851.406419,53851.406755,53851.414585
R588:53851.407784,0.037810,53851.414902,53851.414918,53851.452729
R589:53851.544564,0.014184,53851.544621,53851.544908,53851.559278
R590:53851.619107,0.039016,53851.619157,53851.619318,53851.658336
R591:53851.644683,0.092931,53851.658424,53851.659037,53851.751969
R592:53851.872105,0.026993,53851.872170,53851.872298,53851.899292
R593:53851.899143,0.032394,53851.899249,53851.899321,53851.931716
R594:53852.033851,0.031129,53852.033986,53852.035845,53852.066975
R595:53852.043861,0.106316,53852.068237,53852.068258,53852.174575
R596:53852.327350,0.015491,53852.327503,53852.327534,53852.343026
R597:53852.430823,0.016287,53852.430881,53852.431050,53852.453225
R598:53852.456728,0.030649,53852.456825,53852.456884,53852.487559
R599:53852.516410,0.044159,53852.516690,53852.516753,53852.560927
R600:53852.552984,0.036165,53852.557100,53852.560992,53852.597158
R601:53852.761758,0.053031,53852.761815,53852.762385,53852.815813
R602:53853.118796,0.209917,53853.118874,53853.119742,53853.329661
R603:53853.222439,0.024687,53853.222518,53853.329724,53853.354413
R604:53853.382888,0.019464,53853.382992,53853.383066,53853.402531
R605:53853.455607,0.067387,53853.455742,53853.455754,53853.523163
R606:53853.556990,0.038148,53853.557051,53853.557657,53853.595806
R607:53853.756783,0.005247,53853.757010,53853.757106,53853.762354
R608:53853.844683,0.019560,53853.844717,53853.844767,53853.864328
R609:53854.146236,0.002217,53854.147165,53854.147208,53854.149426
R610:53854.232320,0.036462,53854.232375,53854.232895,53854.269388
R611:53854.387214,0.027869,53854.387881,53854.387956,53854.415827
R612:53854.645264,0.007474,53854.645334,53854.646076,53854.653551
R613:53854.798729,0.013235,53854.799475,53854.799540,53854.812776
R614:53854.921158,0.000396,53854.921221,53854.922046,53854.922523
R615:53855.012252,0.032032,53855.012302,53855.012420,53855.044452
R616:53855.183405,0.078252,53855.183462,53855.183971,53855.262223
R617:53855.257528,0.009151,53855.257613,53855.262818,53855.272096
R618:53855.271477,0.129855,53855.271518,53855.272132,53855.401988
R619:53855.421219,0.017225,53855.421322,53855.421368,53855.438595
R620:53855.502703,0.010757,53855.502741,53855.503303,53855.514060
R621:53855.531308,0.005948,53855.531367,53855.532581,53855.538530
R622:53855.534729,0.047842,53855.538600,53855.539267,53855.587110
R623:53855.664741,0.056685,53855.664842,53855.665918,53855.722604
R624:53855.688714,0.077621,53855.688762,53855.722673,53855.800295
R625:53855.969580,0.064886,53855.969632,53855.969704,53856.034591
R626:53856.097582,0.051873,53856.097645,53856.098127,53856.150051
R627:53856.134306,0.004723,53856.134371,53856.150139,53856.154863
R628:53856.151191,0.098107,53856.151255,53856.154894,53856.253001
R629:53856.304799,0.024031,53856.304853,53856.310334,53856.334366
R630:53856.343900,0.007646,53856.343944,53856.344367,53856.352013
R631:53856.545987,0.024719,53856.546172,53856.546451,53856.571171
R632:53856.738988,0.199373,53856.739104,53856.739543,53856.938917
R633:53857.008991,0.061656,53857.009048,53857.009599,53857.071255
R634:53857.090651,0.006063,53857.090709,53857.091308,53857.097372
R635:53857.328250,0.008417,53857.328288,53857.328777,53857.337194
R636:53857.328333,0.001608,53857.337245,53857.337257,53857.338865
R637:53857.365176,0.001783,53857.365263,53857.365739,53857.367523
R638:53857.396446,0.032588,53857.396539,53857.397312,53857.429901
R639:53857.500903,0.044239,53857.501050,53857.501455,53857.545695
R640:53857.625890,0.028523,53857.625925,53857.626486,53857.655010
R641:53857.657066,0.042563,53857.657156,53857.657998,53857.700562
R642:53857.694944,0.031573,53857.699229,53857.700603,53857.732177
R643:53857.703407,0.100077,53857.703515,53857.732262,53857.832340
R644:53857.813529,0.213244,53857.813585,53857.832407,53858.045651
R645:53857.853958,0.010842,53857.853988,53858.045707,53858.056550
R646:53857.882823,0.005330,53857.895293,53858.056576,53858.061907
R647:53857.896868,0.003118,53857.896899,53858.061919,53858.065038
R648:53857.985592,0.007674,53857.985640,53858.065073,53858.072748
R649:53857.994647,0.228016,53857.994679,53858.072771,53858.300805
R650:53858.141645,0.073293,53858.141788,53858.300873,53858.374182
R651:53858.171697,0.041535,53858.171748,53858.374332,53858.415868
R652:53858.187663,0.026513,53858.187705,53858.415933,53858.442447
R653:53858.349229,0.029740,53858.349410,53858.442482,53858.472243
R654:53858.441267,0.018734,53858.441308,53858.472276,53858.491011
R655:53858.662572,0.008572,53858.662627,53858.662726,53858.671299
R656:53858.669362,0.021506,53858.671475,53858.671492,53858.692998
R657:53858.806984,0.087901,53858.807039,53858.807135,53858.895037
R658:53858.938365,0.025038,53858.938411,53858.938710,53858.963749
R659:53859.108762,0.007855,53859.108996,53859.109008,53859.116863
R660:53859.226836,0.139814,53859.226894,53859.226945,53859.366760
R661:53859.274803,0.035425,53859.274859,53859.366813,53859.402239
R662:53859.316572,0.129726,53859.316623,53859.402308,53859.532035
R663:53859.321011,0.006543,53859.321135,53859.532087,53859.538631
R664:53859.405594,0.020560,53859.405706,53859.538655,53859.559216
R665:53859.413415,0.019585,53859.413442,53859.559252,53859.578838
R666:53859.425836,0.014831,53859.425917,53859.578889,53859.593721
R667:53859.437456,0.118783,53859.437562,53859.593767,53859.712551
R668:53859.657289,0.033436,53859.657393,53859.712698,53859.746141
R669:53859.767927,0.040895,53859.767976,53859.768080,53859.808976
R670:53859.812107,0.024788,53859.812145,53859.812182,53859.836970
R671:53859.973292,0.039633,53859.973340,53859.973527,53860.013163
R672:53860.099357,0.029609,53860.099410,53860.099951,53860.129560
R673:53860.234371,0.040845,53860.234424,53860.235137,53860.275983
R674:53860.281508,0.003492,53860.281568,53860.282351,53860.285844
R675:53860.465396,0.012467,53860.465448,53860.465979,53860.478446
R676:53860.587129,0.002244,53860.587261,53860.588621,53860.590866
R677:53860.587982,0.002381,53860.590937,53860.591035,53860.593417
R678:53860.718359,0.017575,53860.718422,53860.719392,53860.737056
R679:53861.066651,0.001876,53861.066709,53861.066844,53861.068720
R680:53861.085364,0.016521,53861.085668,53861.085984,53861.102530
R681:53861.186028,0.067314,53861.186348,53861.186359,53861.253674
R682:53861.230949,0.014335,53861.230989,53861.253737,53861.268072
R683:53861.308248,0.011551,53861.308284,53861.308591,53861.320143
R684:53861.412450,0.000111,53861.412501,53861.412608,53861.412766
R685:53861.546120,0.038505,53861.546169,53861.546285,53861.584791
R686:53861.691109,0.032805,53861.691338,53861.691347,53861.724153
R687:53861.741202,0.007167,53861.741332,53861.742214,53861.749381
R688:53861.750287,0.030751,53861.750421,53861.751131,53861.781883
R689:53862.013601,0.073225,53862.014117,53862.014128,53862.087353
R690:53862.131414,0.025152,53862.131981,53862.131991,53862.157144
R691:53862.206374,0.038098,53862.206495,53862.206506,53862.244605
R692:53862.661972,0.063253,53862.662031,53862.662585,53862.725839
R693:53862.719953,0.026248,53862.720020,53862.725889,53862.752138
R694:53862.806782,0.069104,53862.806836,53862.807409,53862.876513
R695:53862.808328,0.052160,53862.848330,53862.876629,53862.928789
R696:53862.867346,0.082033,53862.867381,53862.928895,53863.010929
R697:53862.870707,0.042010,53862.870777,53863.010971,53863.052982
R698:53862.920306,0.001745,53862.920355,53863.053014,53863.054761
R699:53862.926145,0.078586,53862.928838,53863.054782,53863.133368
R700:53863.075739,0.038781,53863.075851,53863.133475,53863.172257
R701:53863.081231,0.028072,53863.081316,53863.172287,53863.200360
R702:53863.122422,0.026699,53863.122472,53863.200407,53863.227107
R703:53863.124989,0.148511,53863.125059,53863.227167,53863.375679
R704:53863.208975,0.014712,53863.209026,53863.375712,53863.390425
R705:53863.416223,0.025535,53863.416266,53863.416711,53863.442247
R706:53863.542810,0.061378,53863.542851,53863.543453,53863.604847
R707:53863.647965,0.004684,53863.648058,53863.648200,53863.652885
R708:53863.918700,0.035969,53863.918753,53863.918951,53863.954920
R709:53863.974154,0.028895,53863.974249,53863.974419,53864.003315
R710:53864.043325,0.143307,53864.043436,53864.043445,53864.186752
R711:53864.073823,0.017280,53864.085085,53864.186799,53864.204080
R712:53864.082959,0.032129,53864.085089,53864.204107,53864.236236
R713:53864.221794,0.081646,53864.221885,53864.236266,53864.317913
R714:53864.419543,0.050427,53864.419749,53864.419760,53864.470241
R715:53864.490740,0.039360,53864.490804,53864.491834,53864.531195
R716:53864.581744,0.130383,53864.582356,53864.582451,53864.712836
R717:53864.601146,0.010879,53864.601203,53864.712890,53864.723770
R718:53864.968167,0.038573,53864.968309,53864.968359,53865.006933
R719:53865.009900,0.011984,53865.010033,53865.010090,53865.022091
R720:53865.025635,0.098938,53865.025844,53865.025852,53865.124791
R721:53865.183104,0.029241,53865.183154,53865.183614,53865.212855
R722:53865.278287,0.039507,53865.278377,53865.278399,53865.317907
R723:53865.362483,0.252011,53865.362662,53865.362921,53865.614933
R724:53865.438604,0.001526,53865.438709,53865.614990,53865.616556
R725:53865.445120,0.019360,53865.445231,53865.616581,53865.635942
R726:53865.502344,0.036599,53865.502464,53865.635998,53865.672598
R727:53865.864712,0.064074,53865.864974,53865.864985,53865.929108
R728:53865.959957,0.032108,53865.960017,53865.960474,53865.992582
R729:53866.458017,0.034806,53866.458145,53866.458156,53866.492963
R730:53866.533115,0.006618,53866.533328,53866.533338,53866.539956
R731:53866.544955,0.016698,53866.545064,53866.545074,53866.561773
R732:53866.549824,0.001054,53866.562487,53866.562615,53866.563670
R733:53866.555026,0.024739,53866.562589,53866.563709,53866.588449
R734:53866.620379,0.048869,53866.620600,53866.620626,53866.669496
R735:53866.702406,0.021623,53866.702538,53866.702549,53866.724173
R736:53866.795018,0.012196,53866.795235,53866.795246,53866.807443
R737:53866.861616,0.002787,53866.861791,53866.861802,53866.864589
R738:53867.019700,0.019733,53867.019866,53867.019877,53867.039612
R739:53867.163664,0.086254,53867.163909,53867.163921,53867.250176
R740:53867.168702,0.032715,53867.204176,53867.250239,53867.282955
R741:53867.212802,0.019972,53867.212851,53867.283010,53867.302983
R742:53867.229047,0.070559,53867.229255,53867.303048,53867.373607
R743:53867.947716,0.243663,53867.947842,53867.947856,53868.191519
R744:53867.953224,0.043221,53867.988284,53868.191581,53868.234803
R745:53867.979452,0.020705,53867.988289,53868.234843,53868.255549
R746:53868.047603,0.038848,53868.047682,53868.255606,53868.294454
R747:53868.169062,0.069905,53868.169117,53868.295348,53868.365302
R748:53868.266856,0.005404,53868.266947,53868.365602,53868.371007
R749:53868.349477,0.006368,53868.349533,53868.371103,53868.389332
R750:53868.365365,0.068646,53868.365395,53868.389361,53868.458008
R751:53868.495408,0.011888,53868.495542,53868.495663,53868.507552
R752:53868.559267,0.015364,53868.559324,53868.559634,53868.574998
R753:53868.889357,0.064690,53868.889424,53868.889495,53868.954209
R754:53868.920426,0.018812,53868.930264,53868.954267,53868.973098
R755:53869.009910,0.146696,53869.009997,53869.010586,53869.157282
R756:53869.089398,0.058640,53869.089457,53869.157327,53869.215968
R757:53869.247387,0.078751,53869.247445,53869.247538,53869.326289
R758:53869.279918,0.019860,53869.279958,53869.326347,53869.346208
R759:53869.339281,0.056448,53869.339330,53869.346270,53869.402719
R760:53869.493354,0.016368,53869.493423,53869.493858,53869.510227
R761:53869.730667,0.046975,53869.730903,53869.730913,53869.777889
R762:53869.732426,0.050901,53869.771290,53869.777929,53869.828830
R763:53869.903585,0.023937,53869.903615,53869.904150,53869.928088
R764:53869.948642,0.035194,53869.948694,53869.949423,53869.984618
R765:53870.083908,0.031487,53870.083997,53870.084505,53870.115993
R766:53870.153424,0.176496,53870.153503,53870.154391,53870.330888
R767:53870.182602,0.012108,53870.194133,53870.330959,53870.343068
R768:53870.296720,0.144746,53870.296765,53870.343097,53870.487844
R769:53870.324355,0.087405,53870.324400,53870.487892,53870.575297
R770:53870.608007,0.033515,53870.608051,53870.608152,53870.641669
R771:53870.638064,0.002671,53870.641724,53870.641737,53870.644408
R772:53870.786285,0.002503,53870.786334,53870.786384,53870.788887
R773:53870.806145,0.049121,53870.806229,53870.806999,53870.856121
R774:53870.992738,0.049760,53870.992829,53870.993227,53871.042988
R775:53871.040187,0.016644,53871.040242,53871.043336,53871.059980
R776:53871.076330,0.019131,53871.076406,53871.077601,53871.096733
R777:53871.316737,0.065264,53871.316772,53871.317162,53871.382427
R778:53871.539696,0.014680,53871.539762,53871.540331,53871.555012
R779:53871.853614,0.059824,53871.853705,53871.854375,53871.914205
R780:53871.865368,0.046998,53871.894288,53871.914332,53871.961331
R781:53872.008075,0.000591,53872.008108,53872.008552,53872.009167
R782:53872.026234,0.092861,53872.026283,53872.026807,53872.119669
R783:53872.113116,0.084449,53872.113172,53872.119715,53872.204187
R784:53872.139537,0.009175,53872.139630,53872.204236,53872.213411
R785:53872.295205,0.002399,53872.295275,53872.295374,53872.297774
R786:53872.397836,0.026713,53872.397927,53872.398367,53872.425081
R787:53872.504765,0.090106,53872.504852,53872.504966,53872.595073
R788:53872.515359,0.143998,53872.545140,53872.595115,53872.739113
R789:53872.577549,0.091427,53872.577604,53872.739183,53872.830610
R790:53872.639408,0.071958,53872.639457,53872.830658,53872.902617
R791:53872.725609,0.033057,53872.725651,53872.902692,53872.935751
R792:53872.740115,0.000746,53872.740161,53872.935807,53872.936553
R793:53872.749664,0.001906,53872.782174,53872.936618,53872.938525
R794:53872.773723,0.019429,53872.782181,53872.938592,53872.958031
R795:53872.805289,0.001472,53872.805333,53872.958240,53872.959712
R796:53872.938905,0.115211,53872.938941,53872.959733,53873.074945
R797:53873.207821,0.035809,53873.207855,53873.207900,53873.243710
R798:53873.212217,0.015569,53873.243768,53873.243782,53873.259351
R799:53873.348563,0.038033,53873.348622,53873.348739,53873.386774
R800:53873.388287,0.171895,53873.388359,53873.388771,53873.560667
R801:53873.445564,0.004788,53873.445613,53873.560759,53873.565547
R802:53873.532399,0.056715,53873.532450,53873.565570,53873.622286
R803:53873.580685,0.093050,53873.580736,53873.622328,53873.715378
R804:53873.841724,0.024470,53873.841774,53873.841889,53873.866361
R805:53873.939251,0.010934,53873.939311,53873.943263,53873.957869
R806:53874.062670,0.082078,53874.062785,53874.063527,53874.145606
R807:53874.079043,0.013112,53874.104287,53874.145665,53874.158778
R808:53874.193226,0.111660,53874.193530,53874.193545,53874.305248
R809:53874.365518,0.004736,53874.365626,53874.365635,53874.370372
R810:53874.396862,0.000162,53874.397049,53874.397058,53874.397254
R811:53874.421201,0.007899,53874.421434,53874.421444,53874.429344
R812:53874.434081,0.008726,53874.434113,53874.434245,53874.442972
R813:53874.667912,0.052128,53874.667968,53874.668706,53874.720834
R814:53874.775217,0.207392,53874.775280,53874.776132,53874.983525
R815:53874.831209,0.099359,53874.831267,53874.983588,53875.082948
R816:53874.851185,0.071271,53874.851232,53875.083010,53875.154281
R817:53875.155168,0.020311,53875.155211,53875.155330,53875.175641
R818:53875.463696,0.106262,53875.463844,53875.463887,53875.570159
R819:53875.521461,0.003102,53875.521512,53875.570223,53875.573325
R820:53875.541273,0.099078,53875.541333,53875.573362,53875.672441
R821:53875.572585,0.027020,53875.572647,53875.672502,53875.699523
R822:53875.602387,0.138036,53875.602441,53875.699551,53875.837587
R823:53875.713504,0.033628,53875.713540,53875.837669,53875.871298
R824:53875.818767,0.123996,53875.818827,53875.871326,53875.995323
R825:53875.995932,0.002269,53875.995950,53875.996074,53875.998344
R826:53876.082863,0.060089,53876.083054,53876.083064,53876.143175
R827:53876.334947,0.086545,53876.335006,53876.335596,53876.422142
R828:53876.356282,0.094201,53876.356354,53876.422231,53876.516434
R829:53876.552678,0.016926,53876.552754,53876.552900,53876.569828
R830:53876.616401,0.052551,53876.616472,53876.616574,53876.669126
R831:53876.795089,0.076692,53876.795317,53876.795327,53876.872020
R832:53876.811519,0.005509,53876.811568,53876.872140,53876.877651
R833:53876.864424,0.094178,53876.864480,53876.877683,53876.971862
R834:53876.877145,0.017580,53876.877196,53876.971922,53876.989503
R835:53877.296779,0.014553,53877.296831,53877.296888,53877.311442
R836:53877.535646,0.008998,53877.536274,53877.536284,53877.545282
R837:53877.553126,0.087739,53877.553200,53877.553209,53877.640949
R838:53877.664091,0.019150,53877.664818,53877.664907,53877.684093
R839:53877.675007,0.133693,53877.675065,53877.684172,53877.817866
R840:53877.713452,0.113466,53877.713499,53877.817928,53877.931396
R841:53877.740457,0.008357,53877.754334,53877.931556,53877.939914
R842:53878.110953,0.009069,53878.111004,53878.111393,53878.120463
R843:53878.201708,0.030389,53878.201766,53878.206293,53878.236683
R844:53878.578181,0.029631,53878.578260,53878.578869,53878.608501
R845:53878.579741,0.093582,53878.608574,53878.609220,53878.702803
R846:53878.715524,0.111616,53878.715564,53878.716140,53878.827757
R847:53878.726079,0.035419,53878.726131,53878.827789,53878.863208
R848:53878.825917,0.069026,53878.825970,53878.863276,53878.932303
R849:53879.408749,0.200813,53879.408937,53879.408956,53879.609770
R850:53879.452847,0.015300,53879.453197,53879.609834,53879.625135
R851:53879.457900,0.011381,53879.457950,53879.625188,53879.636570
R852:53879.484729,0.117452,53879.484768,53879.636607,53879.754072
R853:53879.540750,0.037725,53879.540809,53879.754101,53879.791826
R854:53879.543962,0.021331,53879.543985,53879.791851,53879.813183
R855:53879.569275,0.030548,53879.569336,53879.813315,53879.843864
R856:53879.631158,0.028648,53879.631204,53879.843898,53879.872547
R857:53879.659273,0.091588,53879.659353,53879.872599,53879.964208
R858:53879.753858,0.044323,53879.753901,53879.964266,53880.008590
R859:53879.846177,0.047847,53879.846202,53880.008625,53880.056473
R860:53879.881510,0.001934,53879.881598,53880.056508,53880.058442
R861:53879.885406,0.007110,53879.922344,53880.058489,53880.065600
R862:53879.947508,0.004852,53879.947568,53880.065650,53880.070503
R863:53880.214501,0.131351,53880.214805,53880.214840,53880.346196
R864:53880.316858,0.271541,53880.316911,53880.346292,53880.617834
R865:53880.501422,0.108591,53880.501456,53880.617901,53880.726493
R866:53880.742218,0.007786,53880.742296,53880.742364,53880.750151
R867:53880.772478,0.058165,53880.772533,53880.772993,53880.831159
R868:53880.782041,0.006405,53880.813276,53880.831244,53880.837650
R869:53880.787241,0.015836,53880.813278,53880.837676,53880.853513
R870:53880.811844,0.056671,53880.813280,53880.853547,53880.910219
R871:53880.874936,0.062142,53880.874965,53880.911330,53880.973473
R872:53881.005506,0.020755,53881.005576,53881.006134,53881.026891
R873:53881.017813,0.062983,53881.026955,53881.027803,53881.090787
R874:53881.098024,0.093739,53881.098108,53881.098205,53881.191945
R875:53881.360819,0.164354,53881.360930,53881.361116,53881.525471
R876:53881.401420,0.079054,53881.401479,53881.525539,53881.604602
R877:53881.617463,0.084423,53881.617678,53881.617692,53881.702116
R878:53881.627772,0.066459,53881.627827,53881.702246,53881.768706
R879:53881.845690,0.065057,53881.845749,53881.846292,53881.911350
R880:53881.981647,0.052862,53881.981707,53881.982279,53882.035142
R881:53882.113080,0.231088,53882.113178,53882.113480,53882.344569
R882:53882.208394,0.060771,53882.208478,53882.344629,53882.405401
R883:53882.367909,0.093387,53882.367951,53882.405456,53882.498843
R884:53882.481777,0.112694,53882.481921,53882.498921,53882.611616
R885:53882.655874,0.017208,53882.655931,53882.656057,53882.673266
R886:53882.668539,0.093421,53882.673332,53882.673345,53882.766767
R887:53882.753846,0.058125,53882.753892,53882.766819,53882.824944
R888:53882.754306,0.040363,53882.754414,53882.824998,53882.865362
R889:53882.775038,0.005995,53882.775231,53882.865399,53882.871394
R890:53882.827240,0.066538,53882.827315,53882.871418,53882.937957
R891:53882.878805,0.016779,53882.878849,53882.938002,53882.954782
R892:53882.887140,0.009366,53882.887281,53882.954810,53882.964176
R893:53882.963064,0.026953,53882.963094,53882.964193,53882.991147
R894:53882.974489,0.092633,53882.974620,53882.991175,53883.083809
R895:53883.211564,0.050675,53883.211607,53883.212101,53883.262777
R896:53883.227273,0.071001,53883.253220,53883.262867,53883.333869
R897:53883.295809,0.017305,53883.295860,53883.333927,53883.351233
R898:53883.394600,0.018187,53883.394646,53883.395203,53883.413391
R899:53883.456700,0.016799,53883.456739,53883.457232,53883.474032
R900:53883.471663,0.014724,53883.474358,53883.474373,53883.489097
R901:53883.494037,0.074144,53883.494127,53883.494661,53883.568806
R902:53883.580216,0.043277,53883.580277,53883.580894,53883.624172
R903:53883.591053,0.016849,53883.591198,53883.624219,53883.641217
R904:53883.652968,0.099700,53883.653044,53883.655801,53883.755502
R905:53883.667436,0.038139,53883.667765,53883.755561,53883.793702
R906:53883.721128,0.032188,53883.721179,53883.793726,53883.825915
R907:53883.813237,0.006937,53883.813338,53883.825980,53883.832917
R908:53883.984337,0.125661,53883.984391,53883.984530,53884.110192
R909:53884.088248,0.040107,53884.088352,53884.110294,53884.150402
R910:53884.167601,0.058677,53884.167836,53884.168694,53884.227372
R911:53884.311605,0.014916,53884.311668,53884.311887,53884.326804
R912:53884.332875,0.084615,53884.332926,53884.333820,53884.418436
R913:53884.392596,0.120802,53884.392648,53884.418506,53884.539329
R914:53884.472674,0.058330,53884.472724,53884.539499,53884.597830
R915:53884.485719,0.019340,53884.514306,53884.597885,53884.617227
R916:53884.507673,0.074062,53884.514315,53884.617290,53884.691353
R917:53884.795425,0.002269,53884.795478,53884.795510,53884.797779
R918:53884.805417,0.040383,53884.805487,53884.805566,53884.845950
R919:53884.848942,0.033172,53884.848996,53884.849084,53884.882275
R920:53884.889249,0.065374,53884.889309,53884.889694,53884.955068
R921:53884.943573,0.000884,53884.943618,53884.955128,53884.956033
R922:53884.945567,0.090784,53884.945638,53884.956117,53885.046902
R923:53884.969708,0.094753,53884.969857,53885.046965,53885.141719
R924:53884.986932,0.059096,53884.986996,53885.141778,53885.200875
R925:53885.128720,0.036536,53885.128822,53885.200928,53885.237464
R926:53885.180547,0.044581,53885.180604,53885.237554,53885.282136
R927:53885.229318,0.089507,53885.229373,53885.282203,53885.371711
R928:53885.379498,0.019791,53885.379551,53885.379566,53885.399358
R929:53885.431907,0.037407,53885.431960,53885.432086,53885.469494
R930:53885.568233,0.140569,53885.568291,53885.568554,53885.709124
R931:53885.570155,0.159827,53885.610144,53885.709197,53885.869024
R932:53885.758540,0.141775,53885.758656,53885.869085,53886.010861
R933:53885.883992,0.003325,53885.884123,53886.012961,53886.016286
R934:53885.884508,0.020315,53885.884545,53886.016301,53886.036617
R935:53885.953010,0.122297,53885.953107,53886.036637,53886.158935
R936:53886.032970,0.041945,53886.033024,53886.159000,53886.200946
R937:53886.039714,0.015570,53886.039741,53886.201009,53886.216580
R938:53886.306996,0.004057,53886.307256,53886.307267,53886.311325
R939:53886.359253,0.008798,53886.359441,53886.359453,53886.368251
R940:53886.371851,0.036552,53886.372052,53886.372063,53886.408616
R941:53886.519480,0.008438,53886.520005,53886.520112,53886.528551
R942:53886.633481,0.030455,53886.634152,53886.634189,53886.664646
R943:53886.645188,0.036131,53886.664719,53886.664741,53886.700873
R944:53887.090506,0.065864,53887.090564,53887.091129,53887.156994
R945:53887.243467,0.080092,53887.243531,53887.243994,53887.324166
R946:53887.247811,0.109821,53887.247844,53887.324231,53887.434052
R947:53887.359613,0.024269,53887.359651,53887.434113,53887.458384
R948:53887.501456,0.071571,53887.501518,53887.502149,53887.573721
R949:53887.678886,0.019691,53887.678925,53887.678973,53887.698664
R950:53887.738627,0.314409,53887.738667,53887.738743,53888.053153
R951:53887.748710,0.008618,53887.780124,53888.053226,53888.061844
R952:53887.776163,0.009301,53887.780128,53888.061904,53888.071206
R953:53887.859694,0.177105,53887.859750,53888.071258,53888.248363
R954:53887.915410,0.039172,53887.915468,53888.248413,53888.287586
R955:53887.943997,0.000956,53887.944033,53888.287647,53888.288631
R956:53887.958288,0.083616,53887.958323,53888.288667,53888.372283
R957:53887.964752,0.009339,53887.964798,53888.372342,53888.381682
R958:53887.984371,0.008871,53887.984421,53888.381753,53888.390625
R959:53888.015732,0.002637,53888.015789,53888.390683,53888.393321
R960:53888.131618,0.064762,53888.131740,53888.393343,53888.458106
R961:53888.357455,0.041819,53888.357497,53888.458166,53888.499986
R962:53888.547289,0.046752,53888.547379,53888.547502,53888.594255
R963:53888.642920,0.029446,53888.643010,53888.643132,53888.672580
R964:53888.945305,0.025554,53888.945353,53888.945434,53888.970988
R965:53888.991407,0.031123,53888.991453,53888.991547,53889.022671
R966:53889.138768,0.000476,53889.139246,53889.139263,53889.139739
R967:53889.189716,0.166558,53889.189791,53889.189907,53889.356466
R968:53889.287095,0.002438,53889.287191,53889.356537,53889.358996
R969:53889.307129,0.027835,53889.307163,53889.359116,53889.386952
R970:53889.581229,0.003505,53889.581287,53889.581432,53889.584937
R971:53889.670739,0.052851,53889.670794,53889.671622,53889.724474
R972:53889.729895,0.048387,53889.729958,53889.730426,53889.778813
R973:53889.941955,0.008022,53889.942011,53889.942193,53889.950216
R974:53890.115208,0.035441,53890.115261,53890.117769,53890.153211
R975:53890.267949,0.056558,53890.268015,53890.268523,53890.325082
R976:53890.290351,0.002537,53890.290388,53890.325133,53890.327671
R977:53890.317147,0.094495,53890.317209,53890.327732,53890.422228
R978:53890.345535,0.010867,53890.345626,53890.422321,53890.433188
R979:53890.452703,0.001284,53890.452741,53890.452930,53890.454214
R980:53890.487624,0.003338,53890.488245,53890.488258,53890.491597
R981:53890.578297,0.253950,53890.578367,53890.578898,53890.832850
R982:53890.645529,0.005851,53890.645588,53890.832918,53890.838769
R983:53890.653343,0.014603,53890.653394,53890.838796,53890.853400
R984:53890.970548,0.111895,53890.970599,53890.970647,53891.082543
R985:53890.987914,0.069069,53890.987960,53891.082608,53891.151678
R986:53891.102022,0.006735,53891.102080,53891.151728,53891.158463
R987:53891.426598,0.091911,53891.426658,53891.426706,53891.518834
R988:53891.478054,0.012691,53891.478111,53891.518871,53891.531562
R989:53891.615287,0.037614,53891.615351,53891.615990,53891.653604
R990:53892.067634,0.010459,53892.067698,53892.067748,53892.078208
R991:53892.199427,0.168897,53892.199587,53892.199603,53892.368509
R992:53892.222629,0.029902,53892.240312,53892.368596,53892.398500
R993:53892.249909,0.112749,53892.249967,53892.398562,53892.511312
R994:53892.419492,0.005758,53892.419549,53892.511364,53892.517124
R995:53892.523471,0.013784,53892.523583,53892.523774,53892.537558
R996:53892.776829,0.026315,53892.776866,53892.777331,53892.803647
R997:53892.795966,0.014213,53892.803706,53892.803719,53892.817932
R998:53892.822771,0.010705,53892.822812,53892.823219,53892.833925
R999:53892.896198,0.056607,53892.896308,53892.897019,53892.953627
R1000:53892.965841,0.009977,53892.965906,53892.966386,53892.976363
R1001:53892.974973,0.002410,53892.975022,53892.976743,53892.979154
R1002:53893.030684,0.087927,53893.030741,53893.031496,53893.119424
R1003:53893.067472,0.002722,53893.078150,53893.119479,53893.122202
R1004:53893.286435,0.104819,53893.286497,53893.286952,53893.391772
R1005:53893.291884,0.076579,53893.291920,53893.391830,53893.468432
R1006:53893.379132,0.077495,53893.379189,53893.468535,53893.546031
R1007:53893.386079,0.018126,53893.386118,53893.546489,53893.564616
R1008:53893.525406,0.041561,53893.525449,53893.564646,53893.606232
R1009:53893.553735,0.107407,53893.553773,53893.606289,53893.713697
R1010:53893.577104,0.006373,53893.577153,53893.713762,53893.720136
R1011:53893.690083,0.093749,53893.690126,53893.720178,53893.813927
R1012:53893.705271,0.022232,53893.713749,53893.813999,53893.836232
R1013:53893.781475,0.002487,53893.781522,53893.836293,53893.838781
R1014:53893.791777,0.045166,53893.813984,53893.838799,53893.883987
R1015:53893.872423,0.050769,53893.872530,53893.884017,53893.934786
R1016:53894.002249,0.008280,53894.002343,53894.002426,53894.010707
R1017:53894.151877,0.004309,53894.151924,53894.152285,53894.156594
R1018:53894.267471,0.042521,53894.267564,53894.267942,53894.310464
R1019:53894.660478,0.001636,53894.660574,53894.661133,53894.662769
R1020:53894.675287,0.063155,53894.675337,53894.675572,53894.738728
R1021:53894.735263,0.036254,53894.735313,53894.738770,53894.775025
R1022:53894.904658,0.041699,53894.904870,53894.904886,53894.946587
R1023:53894.975121,0.067895,53894.975215,53894.975259,53895.043183
R1024:53895.146674,0.000959,53895.146761,53895.147313,53895.148272
R1025:53895.160803,0.081338,53895.160896,53895.161495,53895.242834
R1026:53895.259332,0.069382,53895.259387,53895.259590,53895.328973
R1027:53895.274447,0.055065,53895.274524,53895.329043,53895.384108
R1028:53895.379625,0.068158,53895.379678,53895.384148,53895.452307
R1029:53895.391377,0.054083,53895.391408,53895.452368,53895.506451
R1030:53895.517544,0.029195,53895.517578,53895.517792,53895.546988
R1031:53895.559073,0.006085,53895.559124,53895.559309,53895.565395
R1032:53895.594679,0.205211,53895.594765,53895.594961,53895.800173
R1033:53895.685281,0.042807,53895.685336,53895.800228,53895.843036
R1034:53895.707387,0.020226,53895.707447,53895.843080,53895.863307
R1035:53895.788766,0.000307,53895.788822,53895.863344,53895.863651
R1036:53895.882970,0.027528,53895.883200,53895.883425,53895.910954
R1037:53895.888996,0.040472,53895.911017,53895.911029,53895.951502
R1038:53895.963070,0.020899,53895.963106,53895.963309,53895.984209
R1039:53896.414800,0.006348,53896.414851,53896.415062,53896.421410
R1040:53896.450492,0.128714,53896.450616,53896.450864,53896.579579
R1041:53896.495444,0.034585,53896.495492,53896.579644,53896.614249
R1042:53896.751533,0.042518,53896.752291,53896.752382,53896.794901
R1043:53896.863828,0.076488,53896.864210,53896.864307,53896.940796
R1044:53896.882254,0.107248,53896.882859,53896.940860,53897.048110
R1045:53896.920519,0.053328,53896.921106,53897.048169,53897.101498
R1046:53896.979427,0.067949,53896.980072,53897.101562,53897.169512
R1047:53897.019069,0.126345,53897.020168,53897.169554,53897.295900
R1048:53897.166525,0.171431,53897.166620,53897.295957,53897.467388
R1049:53897.296532,0.016622,53897.296594,53897.467448,53897.484072
R1050:53897.364985,0.005417,53897.365102,53897.484102,53897.489521
R1051:53897.401734,0.021555,53897.401812,53897.489539,53897.511095
R1052:53897.436708,0.083245,53897.436845,53897.511138,53897.594384
R1053:53897.512066,0.036193,53897.512119,53897.594436,53897.630630
R1054:53897.747760,0.011332,53897.747852,53897.747862,53897.759195
R1055:53897.764523,0.035977,53897.764571,53897.764942,53897.800919
R1056:53897.865270,0.040710,53897.865323,53897.865744,53897.906454
R1057:53897.878929,0.080649,53897.906226,53897.906486,53897.987135
R1058:53897.880243,0.009870,53897.906229,53897.987206,53897.997077
R1059:53897.894194,0.029586,53897.906231,53897.997126,53898.026713
R1060:53897.982318,0.001446,53897.982411,53898.026758,53898.028205
R1061:53897.989108,0.024492,53897.989134,53898.028217,53898.052709
R1062:53898.000164,0.103116,53898.000195,53898.052734,53898.155851
R1063:53898.148271,0.034473,53898.148332,53898.155884,53898.190358
R1064:53898.185848,0.081142,53898.185916,53898.190418,53898.271560
R1065:53898.369950,0.007581,53898.370128,53898.370168,53898.377750
R1066:53898.521978,0.003626,53898.522488,53898.522497,53898.526123
R1067:53898.757826,0.028230,53898.758044,53898.758055,53898.786286
R1068:53898.825595,0.025208,53898.825646,53898.826292,53898.851501
R1069:53899.038344,0.001686,53899.038405,53899.038451,53899.041181
R1070:53899.331335,0.043479,53899.331475,53899.331487,53899.374966
R1071:53899.422796,0.064614,53899.422859,53899.423804,53899.488424
R1072:53899.502012,0.040876,53899.502072,53899.502588,53899.543464
R1073:53899.516972,0.015572,53899.517026,53899.543524,53899.559097
R1074:53899.591762,0.005837,53899.591816,53899.592409,53899.598247
R1075:53899.725716,0.080391,53899.725770,53899.726811,53899.807203
R1076:53899.851593,0.084823,53899.851688,53899.852218,53899.937041
R1077:53899.866727,0.120543,53899.866795,53899.937108,53900.057687
R1078:53899.887568,0.034092,53899.887614,53900.057712,53900.091806
R1079:53900.004643,0.037742,53900.004709,53900.091857,53900.129600
R1080:53900.057264,0.010499,53900.057314,53900.129664,53900.140194
R1081:53900.092571,0.011303,53900.092594,53900.140223,53900.151526
R1082:53900.203773,0.008807,53900.203826,53900.203927,53900.212735
R1083:53900.233996,0.007546,53900.234152,53900.234212,53900.241795
R1084:53900.334690,0.043406,53900.334757,53900.334853,53900.378260
R1085:53900.416405,0.008495,53900.416459,53900.416947,53900.425443
R1086:53900.435596,0.063541,53900.435639,53900.436091,53900.499633
R1087:53900.453387,0.017763,53900.476346,53900.499701,53900.517470
R1088:53900.666849,0.026185,53900.666976,53900.667138,53900.693324
R1089:53900.699518,0.000780,53900.699563,53900.700133,53900.700914
R1090:53900.783605,0.016484,53900.783665,53900.784291,53900.800776
R1091:53900.856685,0.053434,53900.856730,53900.857196,53900.911193
R1092:53901.025660,0.000106,53901.025869,53901.026462,53901.026799
R1093:53901.036122,0.077330,53901.036271,53901.036507,53901.113837
R1094:53901.119906,0.184876,53901.120094,53901.120323,53901.305200
R1095:53901.188648,0.078851,53901.188730,53901.305295,53901.384147
R1096:53901.226943,0.219290,53901.226999,53901.384205,53901.603496
R1097:53901.245205,0.027579,53901.245335,53901.603559,53901.631142
R1098:53901.791235,0.049641,53901.791294,53901.791367,53901.841009
R1099:53901.807497,0.061298,53901.807547,53901.841069,53901.902367
R1100:53901.890626,0.066831,53901.890663,53901.902414,53901.969246
R1101:53901.914409,0.023170,53901.914450,53901.969322,53901.992493
R1102:53902.113232,0.068205,53902.113306,53902.113358,53902.181564
R1103:53902.174379,0.066315,53902.174475,53902.181625,53902.247941
R1104:53902.285379,0.013491,53902.285537,53902.285569,53902.299064
R1105:53902.302009,0.055421,53902.302231,53902.302298,53902.357720
R1106:53902.440775,0.041642,53902.440961,53902.441032,53902.482675
R1107:53902.513788,0.047707,53902.514053,53902.514063,53902.561771
R1108:53902.553467,0.111867,53902.553622,53902.561822,53902.673690
R1109:53902.637531,0.003293,53902.637573,53902.673738,53902.677031
R1110:53902.689029,0.063440,53902.689076,53902.689141,53902.752582
R1111:53902.892032,0.001683,53902.892215,53902.892226,53902.893910
R1112:53903.086806,0.095825,53903.087123,53903.087234,53903.183061
R1113:53903.209503,0.096696,53903.210030,53903.210046,53903.306743
R1114:53903.270705,0.001066,53903.270763,53903.306804,53903.307870
R1115:53903.336673,0.058896,53903.336728,53903.336805,53903.395702
R1116:53903.419373,0.027645,53903.419428,53903.419765,53903.447410
R1117:53903.561561,0.012106,53903.561616,53903.561664,53903.573770
R1118:53903.568197,0.065991,53903.573832,53903.573861,53903.639867
R1119:53903.586766,0.019369,53903.614219,53903.639937,53903.659335
R1120:53903.885559,0.060133,53903.885608,53903.885738,53903.945872
R1121:53904.234082,0.033340,53904.234258,53904.234543,53904.267884
R1122:53904.706308,0.019103,53904.706368,53904.706496,53904.725600
R1123:53904.737246,0.089218,53904.737326,53904.737442,53904.826661
R1124:53904.748150,0.034998,53904.779332,53904.826705,53904.861806
R1125:53904.771892,0.004130,53904.779339,53904.861822,53904.865953
R1126:53904.998125,0.069912,53904.998216,53904.998790,53905.068703
R1127:53905.023459,0.131975,53905.023510,53905.068758,53905.200733
R1128:53905.035517,0.042132,53905.035565,53905.200790,53905.242923
R1129:53905.129038,0.004617,53905.129127,53905.242987,53905.247640
R1130:53905.282653,0.021230,53905.282719,53905.282803,53905.304034
R1131:53905.372133,0.021453,53905.372191,53905.372281,53905.393735
R1132:53905.523888,0.092649,53905.523947,53905.524664,53905.617314
R1133:53905.671332,0.140497,53905.671407,53905.673426,53905.813924
R1134:53905.754564,0.036025,53905.754657,53905.813997,53905.850023
R1135:53905.840544,0.039412,53905.840601,53905.850079,53905.889492
R1136:53905.870913,0.014521,53905.870968,53905.889552,53905.904097
R1137:53905.894985,0.032494,53905.895014,53905.904180,53905.936674
R1138:53905.898339,0.007165,53905.904162,53905.936734,53905.943900
R1139:53905.982680,0.075799,53905.982731,53905.983512,53906.059326
R1140:53906.019913,0.011522,53906.021313,53906.059411,53906.070933
R1141:53906.121325,0.097996,53906.121374,53906.121605,53906.219615
R1142:53906.317886,0.178882,53906.317973,53906.318216,53906.497099
R1143:53906.636963,0.041578,53906.637214,53906.637223,53906.678816
R1144:53906.792117,0.042403,53906.792179,53906.792780,53906.835183
R1145:53906.870275,0.007078,53906.870472,53906.870483,53906.877562
R1146:53906.976277,0.028380,53906.976354,53906.976630,53907.005011
R1147:53907.226290,0.058302,53907.226341,53907.226408,53907.284710
R1148:53907.291986,0.002292,53907.292027,53907.292391,53907.294683
R1149:53907.324481,0.095660,53907.324568,53907.325466,53907.421126
R1150:53907.423561,0.109981,53907.423605,53907.423865,53907.533846
R1151:53907.505406,0.073785,53907.505466,53907.533896,53907.607691
R1152:53907.556284,0.028084,53907.556332,53907.607726,53907.635811
R1153:53907.571606,0.062033,53907.598086,53907.635846,53907.697879
R1154:53907.600316,0.040964,53907.600385,53907.697939,53907.738961
R1155:53907.683524,0.011168,53907.683683,53907.738991,53907.750160
R1156:53907.752019,0.021609,53907.752137,53907.752157,53907.773766
R1157:53907.897278,0.064338,53907.897305,53907.897965,53907.962304
R1158:53907.903586,0.093876,53907.938143,53907.962366,53908.056242
R1159:53907.942666,0.099918,53907.942714,53908.056387,53908.156306
R1160:53907.976807,0.141765,53907.976851,53908.156363,53908.298129
R1161:53908.031580,0.020511,53908.031712,53908.298232,53908.318744
R1162:53908.595741,0.032440,53908.595821,53908.596013,53908.628453
R1163:53908.642818,0.052599,53908.642861,53908.643093,53908.695693
R1164:53908.645437,0.052935,53908.683165,53908.695738,53908.748673
R1165:53908.719350,0.004191,53908.719421,53908.748742,53908.752934
R1166:53908.789388,0.115579,53908.789414,53908.789535,53908.905115
R1167:53908.867680,0.057514,53908.867736,53908.905176,53908.962691
R1168:53909.058712,0.005327,53909.058771,53909.059610,53909.064938
R1169:53909.098991,0.112173,53909.099041,53909.100020,53909.212194
R1170:53909.149244,0.108348,53909.149312,53909.212256,53909.320605
R1171:53909.257469,0.027701,53909.257503,53909.320662,53909.348363
R1172:53909.267554,0.008325,53909.267590,53909.348411,53909.356737
R1173:53909.294801,0.040973,53909.294845,53909.356794,53909.397768
R1174:53909.311320,0.028783,53909.311374,53909.397800,53909.426584
R1175:53909.311488,0.027167,53909.311498,53909.426645,53909.453813
R1176:53909.366815,0.027255,53909.366858,53909.453838,53909.481094
R1177:53909.414706,0.069995,53909.414757,53909.481156,53909.551164
R1178:53909.555916,0.075842,53909.555958,53909.556036,53909.631879
R1179:53909.784095,0.027207,53909.784212,53909.784458,53909.811666
R1180:53909.836170,0.118911,53909.836246,53909.836775,53909.955687
R1181:53909.893207,0.186348,53909.893285,53909.955738,53910.142088
R1182:53909.963060,0.021682,53909.963170,53910.142146,53910.163829
R1183:53910.129420,0.007473,53910.129495,53910.163846,53910.171319
R1184:53910.237908,0.002757,53910.237957,53910.238423,53910.241180
R1185:53910.298354,0.006007,53910.298387,53910.298877,53910.304884
R1186:53910.301773,0.006780,53910.305141,53910.305154,53910.311934
R1187:53910.581722,0.009649,53910.581770,53910.582389,53910.592038
R1188:53910.659190,0.058200,53910.659230,53910.660021,53910.718268
R1189:53910.692171,0.016466,53910.700140,53910.718368,53910.734836
R1190:53910.825047,0.008635,53910.825098,53910.825835,53910.834470
R1191:53910.838583,0.035099,53910.838638,53910.839187,53910.874287
R1192:53910.959222,0.030392,53910.959278,53910.959311,53910.989704
R1193:53911.045849,0.032348,53911.045946,53911.046575,53911.078924
R1194:53911.075855,0.054223,53911.078981,53911.078993,53911.133217
R1195:53911.102860,0.055397,53911.120239,53911.133268,53911.188666
R1196:53911.329291,0.025217,53911.329361,53911.330160,53911.355378
R1197:53911.413641,0.023691,53911.413721,53911.413860,53911.437551
R1198:53911.517578,0.018198,53911.517668,53911.517807,53911.536005
R1199:53911.655574,0.011210,53911.655662,53911.655819,53911.667030
R1200:53911.728351,0.039808,53911.728389,53911.729247,53911.769055
R1201:53911.772877,0.017680,53911.772908,53911.773358,53911.791039
R1202:53911.810675,0.095738,53911.810743,53911.811458,53911.907216
R1203:53911.923447,0.156108,53911.923544,53911.923660,53912.079769
R1204:53911.987760,0.011671,53911.987808,53912.079832,53912.091504
R1205:53912.065619,0.054804,53912.065679,53912.091533,53912.146338
R1206:53912.092755,0.137690,53912.092810,53912.146395,53912.284087
R1207:53912.138655,0.145577,53912.138699,53912.284145,53912.429723
R1208:53912.157427,0.027931,53912.157476,53912.429784,53912.457716
R1209:53912.207289,0.049425,53912.207342,53912.457771,53912.507196
R1210:53912.262246,0.019136,53912.262305,53912.507263,53912.526400
R1211:53912.271811,0.053810,53912.271860,53912.526425,53912.580264
R1212:53912.307358,0.143512,53912.307405,53912.580320,53912.723833
R1213:53912.432754,0.030998,53912.432800,53912.723892,53912.754891
R1214:53912.436703,0.040225,53912.436739,53912.754920,53912.795146
R1215:53912.465478,0.046713,53912.465521,53912.795227,53912.841941
R1216:53912.574344,0.188471,53912.574390,53912.841998,53913.030471
R1217:53912.585185,0.075114,53912.585212,53913.030530,53913.105645
R1218:53912.820635,0.023766,53912.820686,53913.105707,53913.129474
R1219:53912.997683,0.023097,53912.997733,53913.129533,53913.152631
R1220:53913.129922,0.175077,53913.129945,53913.152688,53913.327767
R1221:53913.218321,0.153173,53913.218372,53913.327802,53913.480976
R1222:53913.222098,0.011533,53913.259284,53913.481028,53913.492562
R1223:53913.458873,0.017688,53913.458927,53913.492617,53913.510305
R1224:53913.688139,0.019346,53913.688174,53913.688826,53913.708172
R1225:53913.788737,0.064350,53913.788774,53913.788890,53913.853240
R1226:53914.048967,0.012644,53914.049032,53914.049198,53914.061842
R1227:53914.151101,0.021766,53914.151171,53914.151214,53914.172981
R1228:53914.199528,0.027193,53914.199569,53914.199740,53914.226934
R1229:53914.217906,0.026820,53914.227321,53914.227338,53914.254179
R1230:53914.386704,0.032491,53914.386758,53914.387278,53914.419770
R1231:53914.745073,0.003835,53914.745126,53914.745289,53914.749140
R1232:53914.747480,0.131032,53914.749189,53914.749204,53914.880237
R1233:53914.808230,0.016728,53914.808290,53914.880294,53914.897023
R1234:53914.998903,0.043916,53914.998970,53914.999104,53915.043022
R1235:53915.035538,0.111305,53915.035593,53915.043071,53915.154377
R1236:53915.141918,0.058570,53915.141967,53915.154444,53915.213015
R1237:53915.222868,0.030859,53915.222909,53915.223041,53915.253901
R1238:53915.409622,0.068169,53915.409676,53915.409856,53915.478027
R1239:53915.636225,0.037756,53915.636336,53915.636352,53915.674108
R1240:53915.778434,0.057650,53915.778465,53915.778994,53915.836644
R1241:53915.785255,0.060856,53915.819191,53915.836706,53915.897564
R1242:53915.814630,0.050662,53915.819196,53915.897624,53915.948287
R1243:53916.053021,0.003871,53916.053107,53916.053215,53916.057086
R1244:53916.059073,0.102728,53916.059169,53916.059182,53916.161911
R1245:53916.064971,0.001454,53916.100202,53916.161973,53916.163427
R1246:53916.132295,0.035865,53916.132344,53916.163439,53916.199305
R1247:53916.175433,0.081612,53916.175475,53916.199365,53916.280978
R1248:53916.186349,0.153612,53916.186396,53916.281192,53916.434804
R1249:53916.244271,0.068272,53916.244295,53916.434840,53916.503113
R1250:53916.253671,0.067966,53916.281051,53916.503199,53916.571165
R1251:53916.331160,0.004857,53916.331252,53916.571243,53916.576101
R1252:53916.432617,0.032899,53916.432667,53916.576133,53916.609033
R1253:53916.489806,0.019971,53916.489842,53916.609080,53916.629052
R1254:53916.570846,0.018669,53916.570894,53916.629109,53916.647779
R1255:53916.597080,0.017222,53916.597115,53916.647802,53916.665025
R1256:53916.793537,0.006011,53916.793623,53916.793746,53916.799775
R1257:53917.343683,0.116995,53917.343735,53917.343948,53917.460944
R1258:53917.879882,0.002679,53917.879962,53917.880215,53917.882902
R1259:53918.018904,0.082174,53918.018950,53918.019000,53918.101175
R1260:53918.401503,0.031539,53918.401564,53918.401612,53918.433152
R1261:53918.659388,0.015992,53918.659460,53918.659493,53918.675486
R1262:53918.839926,0.138891,53918.839982,53918.840523,53918.979415
R1263:53919.230119,0.027144,53919.230211,53919.230750,53919.257895
R1264:53919.238410,0.009142,53919.238436,53919.257951,53919.267094
R1265:53919.460609,0.028081,53919.460666,53919.461457,53919.489538
R1266:53919.478708,0.080582,53919.489583,53919.489596,53919.570179
R1267:53919.719898,0.021041,53919.719952,53919.720481,53919.741523
R1268:53919.793928,0.003920,53919.794002,53919.795173,53919.799111
R1269:53919.827315,0.035551,53919.827386,53919.827406,53919.862958
R1270:53919.939261,0.037976,53919.939323,53919.939984,53919.977961
R1271:53919.988323,0.024137,53919.988398,53919.988537,53920.012708
R1272:53920.149556,0.079368,53920.149613,53920.149724,53920.229093
R1273:53920.253432,0.025177,53920.253525,53920.253730,53920.278908
R1274:53920.287355,0.015377,53920.287437,53920.287574,53920.302952
R1275:53920.475752,0.073860,53920.475809,53920.475858,53920.549719
R1276:53920.498512,0.001919,53920.516263,53920.549769,53920.551689
R1277:53920.630475,0.062295,53920.630540,53920.630780,53920.693078
R1278:53920.635442,0.006602,53920.671291,53920.693128,53920.699730
R1279:53921.006384,0.100868,53921.006499,53921.006648,53921.107516
R1280:53921.020663,0.017471,53921.047331,53921.107551,53921.125023
R1281:53921.055092,0.011224,53921.055127,53921.125079,53921.136304
R1282:53921.090394,0.085462,53921.090449,53921.136363,53921.221826
R1283:53921.100525,0.023732,53921.100572,53921.221870,53921.245603
R1284:53921.179322,0.012253,53921.179390,53921.245662,53921.257916
R1285:53921.404265,0.016523,53921.404359,53921.404459,53921.420983
R1286:53921.622287,0.058076,53921.622378,53921.622534,53921.680611
R1287:53921.760914,0.025113,53921.760978,53921.761029,53921.786143
R1288:53921.870285,0.150688,53921.870475,53921.870876,53922.021565
R1289:53921.936319,0.020041,53921.936495,53922.021620,53922.041662
R1290:53922.092730,0.246465,53922.092792,53922.093348,53922.339814
R1291:53922.117171,0.148024,53922.117221,53922.339875,53922.487899
R1292:53922.128025,0.007974,53922.128064,53922.487933,53922.495907
R1293:53922.131198,0.000296,53922.131232,53922.495951,53922.496247
R1294:53922.239319,0.078456,53922.239358,53922.496306,53922.574762
R1295:53922.271049,0.041266,53922.271110,53922.574823,53922.616089
R1296:53922.477456,0.009293,53922.477515,53922.616136,53922.625430
R1297:53922.486632,0.010045,53922.486674,53922.625466,53922.635511
R1298:53922.630673,0.018375,53922.630705,53922.635539,53922.653914
R1299:53923.078263,0.107281,53923.078319,53923.078950,53923.186231
R1300:53923.160467,0.029588,53923.160517,53923.186306,53923.215895
R1301:53923.235014,0.016033,53923.235103,53923.235247,53923.251281
R1302:53923.253221,0.088223,53923.253248,53923.253308,53923.341532
R1303:53923.267679,0.047877,53923.294400,53923.341598,53923.389475
R1304:53923.378772,0.030776,53923.378820,53923.389531,53923.420308
R1305:53923.530464,0.267508,53923.530515,53923.530595,53923.798104
R1306:53923.823303,0.002478,53923.823374,53923.823534,53923.826012
R1307:53923.883713,0.032969,53923.883770,53923.883826,53923.916796
R1308:53924.171147,0.046315,53924.171200,53924.171247,53924.217563
R1309:53924.193102,0.031448,53924.212107,53924.217592,53924.249041
R1310:53924.260253,0.022443,53924.260332,53924.260483,53924.282928
R1311:53924.310916,0.032930,53924.310978,53924.311007,53924.343938
R1312:53924.314129,0.078445,53924.344229,53924.344634,53924.423083
R1313:53924.389977,0.036684,53924.390037,53924.423142,53924.459827
R1314:53924.499330,0.012702,53924.499386,53924.499460,53924.512163
R1315:53924.509971,0.048926,53924.512214,53924.512226,53924.561154
R1316:53924.561590,0.041882,53924.561716,53924.561724,53924.603606
R1317:53924.672892,0.081642,53924.672951,53924.673003,53924.754645
R1318:53924.901820,0.041926,53924.902059,53924.902070,53924.943997
R1319:53924.952399,0.009655,53924.952515,53924.952525,53924.962181
R1320:53925.007131,0.022878,53925.007169,53925.007225,53925.030105
R1321:53925.010058,0.032666,53925.030158,53925.030172,53925.062840
R1322:53925.028868,0.006070,53925.030162,53925.062897,53925.068967
R1323:53925.082637,0.047245,53925.082830,53925.082840,53925.130085
R1324:53925.411180,0.030006,53925.411241,53925.411913,53925.441920
R1325:53925.538142,0.006055,53925.538221,53925.539007,53925.545063
R1326:53925.546401,0.005652,53925.546425,53925.546703,53925.552356
R1327:53925.714112,0.021092,53925.714211,53925.714323,53925.735415
R1328:53925.805249,0.015117,53925.805363,53925.805472,53925.820591
R1329:53926.035174,0.307689,53926.035263,53926.035310,53926.343000
R1330:53926.234886,0.015522,53926.234951,53926.343057,53926.358580
R1331:53926.301406,0.008495,53926.301457,53926.359016,53926.367512
R1332:53926.398822,0.036749,53926.398898,53926.398980,53926.435730
R1333:53926.578664,0.013077,53926.578747,53926.578845,53926.591923
R1334:53926.902958,0.024035,53926.903046,53926.903169,53926.927206
R1335:53926.912394,0.006132,53926.927305,53926.927318,53926.933450
R1336:53926.964509,0.042972,53926.964647,53926.964661,53927.007634
R1337:53927.102804,0.008978,53927.102859,53927.103461,53927.112440
R1338:53927.193345,0.040779,53927.193614,53927.193789,53927.234569
R1339:53927.310906,0.026315,53927.310960,53927.311734,53927.338051
R1340:53927.460480,0.096131,53927.460533,53927.461062,53927.557194
R1341:53927.461471,0.086236,53927.501245,53927.557252,53927.643489
R1342:53927.535609,0.006378,53927.535653,53927.643545,53927.649923
R1343:53927.859290,0.098051,53927.859337,53927.860470,53927.958522
R1344:53927.877547,0.001520,53927.900310,53927.958560,53927.960081
R1345:53927.925529,0.100468,53927.925585,53927.960109,53928.060579
R1346:53928.120284,0.032617,53928.120333,53928.120377,53928.152994
R1347:53928.155604,0.007019,53928.155763,53928.155916,53928.162935
R1348:53928.157962,0.203842,53928.163090,53928.163145,53928.366988
R1349:53928.954263,0.004594,53928.954404,53928.954958,53928.959552
R1350:53928.999200,0.072806,53928.999308,53928.999630,53929.072437
R1351:53929.044680,0.006025,53929.044715,53929.072489,53929.078556
R1352:53929.067483,0.080048,53929.067520,53929.078595,53929.158644
R1353:53929.109660,0.001749,53929.109716,53929.158688,53929.160438
R1354:53929.142335,0.002751,53929.150251,53929.160455,53929.163225
R1355:53929.186387,0.022690,53929.186429,53929.186559,53929.209250
R1356:53929.245151,0.170363,53929.245197,53929.245679,53929.416044
R1357:53929.483115,0.101239,53929.483174,53929.483257,53929.584496
R1358:53929.503879,0.021732,53929.503917,53929.584539,53929.606272
R1359:53929.513028,0.031489,53929.513065,53929.606332,53929.637821
R1360:53929.643034,0.043904,53929.643097,53929.643224,53929.687129
R1361:53929.691398,0.056860,53929.691503,53929.691627,53929.748489
R1362:53929.732126,0.021955,53929.732216,53929.749246,53929.771202
R1363:53929.738844,0.003267,53929.738889,53929.771285,53929.774553
R1364:53929.905197,0.009400,53929.905357,53929.905366,53929.914766
R1365:53929.946616,0.060721,53929.946803,53929.946812,53930.007534
R1366:53929.963124,0.021865,53929.990288,53930.007592,53930.029458
R1367:53930.241643,0.016544,53930.241680,53930.242058,53930.258603
R1368:53930.411383,0.004966,53930.411438,53930.411947,53930.416913
R1369:53930.428076,0.035508,53930.428125,53930.428579,53930.464087
R1370:53930.466172,0.071291,53930.466222,53930.466430,53930.537722
R1371:53930.482317,0.002849,53930.507084,53930.537761,53930.540611
R1372:53930.688996,0.003083,53930.689038,53930.689928,53930.693052
R1373:53930.818827,0.083880,53930.818912,53930.819653,53930.903533
R1374:53931.075863,0.052581,53931.075923,53931.076442,53931.129023
R1375:53931.129152,0.079179,53931.129178,53931.130021,53931.209202
R1376:53931.162148,0.047555,53931.162198,53931.209352,53931.256907
R1377:53931.189237,0.017737,53931.189270,53931.256930,53931.274667
R1378:53931.253765,0.016726,53931.253792,53931.274731,53931.291698
R1379:53931.601512,0.018372,53931.601695,53931.601739,53931.620112
R1380:53931.646597,0.035965,53931.646811,53931.646820,53931.682786
R1381:53931.707576,0.025040,53931.707623,53931.708015,53931.733055
R1382:53931.708734,0.087801,53931.733097,53931.733109,53931.820923
R1383:53931.910668,0.000992,53931.910740,53931.911365,53931.912358
R1384:53932.023405,0.239881,53932.023460,53932.023926,53932.263808
R1385:53932.278396,0.003623,53932.278636,53932.278716,53932.282339
R1386:53932.353684,0.025650,53932.353878,53932.353887,53932.379538
R1387:53932.493041,0.032504,53932.493270,53932.493280,53932.525785
R1388:53932.506577,0.002493,53932.525846,53932.525859,53932.528352
R1389:53932.568462,0.103341,53932.568693,53932.569104,53932.672446
R1390:53932.603007,0.042390,53932.610412,53932.672512,53932.714902
R1391:53932.723355,0.136142,53932.723404,53932.723708,53932.859851
R1392:53932.834289,0.007671,53932.834349,53932.859914,53932.867586
R1393:53932.855481,0.008385,53932.855553,53932.867600,53932.875986
R1394:53932.882550,0.045173,53932.882700,53932.883074,53932.928247
R1395:53932.938565,0.106956,53932.938596,53932.938885,53933.045842
R1396:53933.000748,0.031981,53933.000778,53933.045871,53933.077853
R1397:53933.012380,0.184175,53933.012413,53933.077883,53933.262059
R1398:53933.045166,0.151672,53933.045211,53933.262119,53933.413791
R1399:53933.081338,0.012525,53933.081384,53933.413852,53933.426377
R1400:53933.602093,0.036969,53933.602146,53933.602639,53933.639608
R1401:53933.889799,0.059379,53933.889962,53933.889982,53933.949362
R1402:53933.924404,0.026957,53933.930266,53933.949422,53933.976380
R1403:53934.182068,0.024307,53934.182252,53934.182264,53934.206571
R1404:53934.201250,0.031200,53934.214148,53934.214233,53934.245434
R1405:53934.263929,0.008995,53934.264174,53934.264498,53934.273494
R1406:53934.293979,0.130584,53934.294184,53934.294589,53934.425174
R1407:53934.297766,0.012498,53934.334385,53934.425258,53934.437756
R1408:53934.308249,0.020167,53934.334389,53934.437782,53934.457949
R1409:53934.315435,0.034195,53934.334391,53934.457965,53934.492161
R1410:53934.362588,0.090840,53934.362766,53934.492208,53934.583048
R1411:53934.624113,0.001755,53934.624195,53934.624289,53934.626066
R1412:53934.671681,0.053035,53934.671728,53934.671805,53934.724840
R1413:53934.708901,0.047047,53934.713224,53934.724889,53934.771937
R1414:53934.709899,0.000193,53934.713228,53934.771988,53934.772182
R1415:53934.803012,0.039841,53934.803067,53934.803119,53934.842960
R1416:53934.981142,0.006551,53934.981252,53934.981322,53934.987874
R1417:53935.056062,0.029923,53935.056109,53935.056594,53935.086518
R1418:53935.084215,0.027005,53935.086570,53935.086582,53935.113588
R1419:53935.161838,0.000248,53935.161974,53935.161984,53935.162258
R1420:53935.342343,0.004922,53935.342484,53935.342495,53935.347419
R1421:53935.555798,0.124668,53935.555984,53935.555995,53935.680664
R1422:53935.574536,0.015637,53935.597229,53935.680747,53935.696385
R1423:53935.576643,0.004669,53935.597232,53935.696990,53935.701661
R1424:53935.591617,0.036088,53935.597233,53935.701679,53935.737768
R1425:53935.683395,0.037457,53935.683430,53935.737794,53935.775251
R1426:53935.771572,0.163656,53935.771608,53935.775284,53935.938941
R1427:53935.815651,0.054164,53935.815706,53935.938996,53935.993162
R1428:53935.898328,0.042322,53935.898370,53935.993219,53936.035542
R1429:53935.994152,0.012522,53935.994182,53936.035595,53936.048117
R1430:53936.025904,0.005411,53936.025957,53936.048135,53936.053547
R1431:53936.111560,0.005345,53936.111595,53936.111642,53936.116987
R1432:53936.259019,0.000758,53936.259076,53936.259150,53936.259941
R1433:53936.284741,0.072392,53936.284804,53936.284855,53936.361626
R1434:53936.365176,0.024475,53936.365225,53936.365565,53936.390041
R1435:53936.421951,0.018835,53936.422004,53936.422036,53936.440872
R1436:53936.568945,0.140218,53936.568976,53936.569427,53936.709646
R1437:53936.634593,0.034775,53936.634647,53936.709708,53936.744484
R1438:53936.661160,0.023085,53936.661214,53936.744518,53936.767604
R1439:53936.684818,0.082640,53936.684935,53936.767653,53936.850294
R1440:53936.774445,0.009610,53936.774482,53936.850368,53936.859978
R1441:53936.989901,0.013424,53936.989969,53936.990100,53937.003524
R1442:53937.030942,0.113858,53937.030995,53937.031490,53937.145349
R1443:53937.045772,0.069890,53937.071282,53937.145390,53937.215283
R1444:53937.273170,0.009210,53937.273238,53937.273374,53937.282584
R1445:53937.336543,0.002219,53937.336633,53937.336766,53937.338986
R1446:53937.703269,0.068358,53937.703313,53937.703399,53937.771759
R1447:53937.734989,0.034277,53937.744110,53937.771819,53937.806097
R1448:53937.750697,0.059621,53937.750744,53937.806192,53937.865813
R1449:53937.893692,0.010696,53937.893743,53937.893789,53937.904486
R1450:53937.924151,0.001573,53937.924321,53937.924729,53937.926301
R1451:53937.933141,0.041552,53937.933186,53937.933617,53937.975170
R1452:53938.003934,0.066918,53938.003989,53938.004364,53938.071283
R1453:53938.356141,0.009827,53938.356194,53938.356376,53938.366204
R1454:53938.363104,0.053343,53938.363169,53938.366427,53938.419771
R1455:53938.374638,0.237876,53938.374681,53938.419819,53938.657697
R1456:53938.808411,0.019477,53938.808450,53938.808827,53938.828304
R1457:53938.986191,0.171675,53938.986268,53938.986706,53939.158381
R1458:53939.012109,0.006610,53939.028276,53939.158480,53939.165091
R1459:53939.037027,0.058325,53939.037065,53939.165114,53939.223440
R1460:53939.164642,0.059370,53939.164685,53939.223534,53939.282904
R1461:53939.199312,0.041376,53939.199357,53939.282968,53939.324344
R1462:53939.331907,0.104676,53939.332072,53939.332095,53939.436772
R1463:53939.390660,0.011181,53939.390792,53939.436832,53939.448014
R1464:53939.397111,0.019294,53939.397190,53939.448036,53939.467330
R1465:53939.482452,0.053478,53939.482498,53939.482777,53939.536256
R1466:53939.532479,0.114848,53939.532527,53939.536292,53939.651141
R1467:53939.575920,0.019395,53939.575949,53939.651200,53939.670596
R1468:53939.601129,0.016901,53939.617162,53939.670623,53939.687525
R1469:53939.702687,0.068262,53939.702737,53939.702785,53939.771047
R1470:53939.772199,0.033362,53939.772233,53939.772305,53939.805667
R1471:53940.058309,0.074251,53940.058479,53940.058533,53940.132785
R1472:53940.191677,0.164785,53940.191983,53940.191995,53940.356781
R1473:53940.357616,0.001500,53940.357758,53940.357765,53940.359266
R1474:53940.492948,0.030978,53940.492997,53940.493065,53940.524043
R1475:53940.502194,0.023810,53940.524106,53940.524119,53940.547930
R1476:53940.628885,0.029897,53940.628940,53940.629036,53940.658933
R1477:53940.646093,0.045436,53940.658978,53940.658988,53940.704425
R1478:53940.930418,0.000038,53940.930478,53940.930526,53940.930564
R1479:53940.970145,0.115162,53940.970225,53940.970307,53941.085470
R1480:53941.129940,0.010555,53941.129993,53941.130367,53941.140922
R1481:53941.168759,0.055740,53941.168809,53941.169385,53941.225127
R1482:53941.250265,0.075288,53941.250316,53941.250698,53941.325987
R1483:53941.259770,0.064896,53941.259802,53941.326048,53941.390944
R1484:53941.764191,0.034012,53941.764282,53941.764692,53941.798704
R1485:53941.771109,0.000387,53941.771166,53941.798756,53941.799316
R1486:53941.835013,0.011639,53941.835097,53941.835508,53941.847148
R1487:53942.228324,0.078004,53942.228381,53942.228404,53942.306409
R1488:53942.380421,0.036954,53942.380507,53942.380677,53942.417632
R1489:53942.399342,0.014881,53942.399417,53942.417689,53942.432571
R1490:53942.570643,0.038559,53942.570690,53942.571072,53942.609632
R1491:53942.985963,0.007603,53942.986044,53942.986156,53942.993759
R1492:53943.087289,0.043138,53943.087378,53943.087503,53943.130642
R1493:53943.526410,0.018873,53943.526498,53943.526619,53943.545493
R1494:53943.660569,0.038325,53943.660624,53943.660673,53943.698999
R1495:53943.747292,0.114973,53943.747477,53943.747790,53943.862938
R1496:53943.771567,0.073782,53943.788185,53943.863017,53943.936800
R1497:53943.900991,0.084479,53943.901046,53943.936857,53944.021337
R1498:53943.985924,0.041650,53943.985961,53944.021404,53944.063055
R1499:53944.065764,0.047660,53944.065796,53944.065929,53944.113590
