0.042045500
0.133721800
0.018634400
0.122132600
0.109385200
0.126910200
0.060685200
0.206988200
0.106100900
0.078240800
0.070833200
0.203441500
0.216623000
0.192089700
0.184983300
0.1847405999
0.037902600
0.062321400
0.300697600
0.287507100
0.340761100
0.1623725499
0.1689644799
0.1546801899
0.372021000
0.365053500
0.306460500
0.299558500
0.001978000
0.005709700
0.294477600
0.398563900
0.064957800
0.121848500
0.119648400
0.003679100
0.224139500
0.215507800
0.112180500
0.081507600
0.015500600
0.177037500
0.094607800
0.186868000
0.231492100
0.219412200
0.163450600
0.215528500
0.240148400
0.1659949799
0.129796300
0.210895200
0.177882900
0.1806960599
0.027807500
0.031055600
0.021642300
0.027244500
0.045180300
0.1801940899
0.1827898599
0.1730466099
0.360585100
0.040532700
0.038768200
0.022467700
0.024181400
0.110111900
0.208411400
0.1704451099
0.1490461399
0.1444502599
0.1432395399
0.1361202299
0.604413400
0.509477000
0.317574100
0.304801500
0.176826900
0.1694881699
0.1701181599
0.142829100
0.151079100
0.011460200
0.004994400
0.006569000
0.214053200
0.229784000
0.090989900
0.198162300
0.067359500
0.050597400
0.009069200
0.118263000
0.1594919199
0.1492404299
0.418219800
0.257444600
0.466528500
0.256567200
0.113772900
0.1657048599
0.057796800
0.148039800
0.118906700
0.024097600
0.021944200
0.032015700
0.022255000
0.083847000
0.156207500
0.1597947899
0.325001800
0.269294700
0.089997500
0.050352100
0.157134000
0.075349100
0.076387200
0.022563600
0.055387600
0.030655700
0.017217500
0.003765700
0.099545700
0.084866300
0.017348900
0.082602300
0.033504000
0.019251300
0.096532700
0.025072500
0.008025900
0.175202600
0.123011700
0.037707800
0.089063700
0.1971268799
0.028563900
0.017859100
0.000610000
0.033968900
0.048083700
0.1784233699
0.100385200
0.096881700
0.195052200
0.1694917899
0.019282100
0.066479700
0.196417900
0.298398100
0.071860600
0.026992800
0.056779600
0.157802800
0.061827800
0.096325000
0.068976600
0.056885300
0.107672400
0.021198900
0.011047700
0.037676100
0.231750500
0.234360600
0.142372400
0.034306100
0.089915500
0.025227300
0.006640300
0.1912886999
0.1907445799
0.010173900
0.227460700
0.141591500
0.119894900
0.014576500
0.082280500
0.019667900
0.046573300
0.042073600
0.033473000
0.1914875099
0.034751000
0.012498400
0.000827600
0.124378900
0.010664000
0.1893325399
0.050107900
0.142566000
0.053813100
0.014627400
0.040516900
0.108693000
0.048654300
0.004849600
0.126750100
0.053082600
0.074536100
0.112023800
0.037827200
0.1816703999
0.1873800199
0.062405400
0.075860700
0.147941400
0.103355700
0.104332500
0.021645000
0.029013700
0.175851500
0.228044000
0.146759800
0.1873946899
0.1782762799
0.041391700
0.079322400
0.128759100
0.211494800
0.042992600
0.047701400
0.040942600
0.014284900
0.001654300
0.040495800
0.111720700
0.126224200
0.275981800
0.253608300
0.053141900
0.000865000
0.155050400
0.088499100
0.043034500
0.106038700
0.110570500
0.003067900
0.096748500
0.164034400
0.192450300
0.000709400
0.025871000
0.162717700
0.035109600
0.176266900
0.031670700
0.017479800
0.058620500
0.118359600
0.1981953899
0.102308300
0.067983800
0.1774967299
0.217910800
0.390456800
0.297171800
0.294729200
0.075536900
0.446963000
0.265473900
0.074496300
0.119036400
0.132563900
0.077713500
0.032017200
0.167334600
0.091305100
0.079238300
0.086751100
0.013716300
0.003086200
0.061150900
0.060734000
0.056574600
0.036744200
0.040718800
0.050548300
0.044634500
0.057048400
0.105713300
0.241958400
0.120808500
0.444601500
0.321216400
0.384936100
0.200895200
0.1635283299
0.217459600
0.158623100
0.291030300
0.121788000
0.064532400
0.054367000
0.057108200
0.288570500
0.051475700
0.132055500
0.1974812299
0.276299400
0.043355500
0.067685800
0.1982045199
0.037588500
0.207293900
0.077952200
0.040313700
0.1981224199
0.075161600
0.075977300
0.068931100
0.079996800
0.035390900
0.245934900
0.1633023099
0.1591338699
0.049960600
0.144020400
0.291281900
0.116391400
0.120643400
0.115137100
0.026889200
0.011276000
0.081687900
0.215655800
0.1972020699
0.019185200
0.016489100
0.021843900
0.001415300
0.011003300
0.087375800
0.009127700
0.006431900
0.057550900
0.029213200
0.1796729499
0.1835023399
0.047381300
0.156991600
0.1482965799
0.1509324499
0.1426240699
0.1437990699
0.1591868399
0.004768200
0.135866700
0.095860700
0.031621500
0.029739300
0.017822300
0.004877800
0.014667000
0.012390000
0.005241300
0.242877400
0.1783440099
0.1770237499
0.118563500
0.054194700
0.217338200
0.073119600
0.021534200
0.083943100
0.023976600
0.035917700
0.061899500
0.046429700
0.086740400
0.026429400
0.033950500
0.118938600
0.166487700
0.262313200
0.1664394399
0.092322100
0.171593900
0.046610200
0.060470700
0.124053600
0.143923100
0.111472100
0.037535700
0.002296800
0.055901900
0.157655900
0.147428300
0.007121200
0.055370100
0.016639600
0.023734600
0.084857300
0.271990800
0.267730600
0.118262200
0.000965500
0.1888520499
0.213495700
0.129331800
0.117959000
0.023197600
0.008693800
0.027279100
0.231655400
0.202048600
0.155822700
0.098610700
0.062514200
0.033060100
0.011897200
0.039897500
0.113061400
0.260854300
0.256296700
0.144388400
0.1760523799
0.1824474899
0.060588300
0.072563900
0.014767600
0.047705700
0.087763300
0.138434000
0.237798300
0.316414900
0.1823468899
0.004375400
0.016503900
0.009924800
0.076053200
0.100778000
0.043773100
0.072387500
0.021189400
0.039414500
0.008827000
0.041100900
0.227046900
0.148749000
0.084326100
0.082072700
0.072532400
0.002804500
0.076718900
0.013335800
0.125534400
0.1807262099
0.091873300
0.060471700
0.009265000
0.026594600
0.028556300
0.1754970599
0.089601300
0.268968000
0.029402000
0.086462300
0.022427100
0.083092000
0.140025300
0.002733900
0.080441200
0.124414100
0.006974300
0.016100100
0.1962536799
0.039966800
0.009179200
0.169952400
0.100285600
0.115744800
0.038425400
0.026776000
0.006292000
0.047574300
0.094002100
0.053471000
0.021548800
0.072029900
0.026760900
0.054822200
0.018080200
0.012180500
0.017306600
0.192920500
0.330123400
0.358989800
0.152556200
0.238231200
0.165012300
0.570124100
0.1384432699
0.1391048499
0.1412715799
0.159397600
0.069472800
0.032913400
0.063829700
