0.041990700
0.133923400
0.018668800
0.122128100
0.067799700
0.083038900
0.060470000
0.207223800
0.105650000
0.078286200
0.050508800
0.1819038599
0.1825478999
0.1872641099
0.101627700
0.152614800
0.029759600
0.062198600
0.300542900
0.196635700
0.203759400
0.185410100
0.1948779799
0.209812800
0.248861900
0.232220400
0.1909030099
0.1944461799
0.001981000
0.005713500
0.1705600799
0.362295100
0.064946600
0.1880652999
0.092232700
0.003737500
0.224336600
0.138724500
0.112126200
0.036925200
0.015480000
0.177214200
0.033745600
0.186865200
0.196864600
0.127227800
0.163343600
0.1784972999
0.162503300
0.201919400
0.020577300
0.1788992199
0.1822054699
0.1828281599
0.027962800
0.030961500
0.021745400
0.027325700
0.045259100
0.198206100
0.147330700
0.230143200
0.1770090399
0.040574900
0.038618400
0.022481700
0.023738200
0.110288400
0.186509100
0.255672700
0.1554239699
0.1518652299
0.1513712399
0.1468406899
0.285614000
0.119148600
0.012366800
0.007031300
0.019448500
0.143102900
0.117835600
0.014580300
0.019306300
0.011532100
0.004971600
0.006705700
0.214074000
0.229277500
0.041787600
0.143043800
0.067289000
0.050534400
0.009061100
0.118389900
0.1594986899
0.1540876999
0.255111600
0.115103600
0.319340300
0.148527000
0.113863500
0.343016900
0.057606100
0.148047400
0.094992600
0.024025900
0.022060800
0.032060900
0.022229300
0.083920700
0.146076200
0.358109600
0.185737400
0.086250900
0.075210400
0.050282100
0.157145200
0.020711100
0.076341200
0.022622800
0.055225600
0.030621300
0.017086500
0.003900700
0.099683700
0.084983200
0.017360000
0.082531700
0.033515700
0.019365800
0.096546700
0.025187100
0.007964200
0.175244900
0.082824200
0.037660500
0.075225200
0.028739800
0.028877000
0.017831200
0.000683600
0.033874400
0.048941500
0.1790169699
0.1899109299
0.096756500
0.177739900
0.223155700
0.019278600
0.066721600
0.196492800
0.1748429499
0.071883900
0.027060400
0.1942899499
0.157876300
0.029096100
0.096390900
0.042499300
0.056851500
0.1892303999
0.021364700
0.010972300
0.037689800
0.1775816599
0.1825624799
0.142346800
0.034360400
0.090007400
0.025246400
0.006571500
0.087136400
0.077496800
0.008279000
0.227499700
0.067436300
0.1880130899
0.014563900
0.083836800
0.019729300
0.046553400
0.042115800
0.033200900
0.085326400
0.034710600
0.012495700
0.000853100
0.124385400
0.010452900
0.106634300
0.050032800
0.135754700
0.1946051899
0.008568800
0.040522500
0.094765900
0.012312800
0.005082700
0.126798900
0.048915600
0.074512400
0.095128700
0.037808100
0.183221700
0.077860900
0.062485900
0.075903600
0.147821400
0.067771400
0.059053000
0.021462000
0.028971900
0.175828700
0.169706000
0.032274700
0.125782000
0.177244500
0.021137300
0.079286400
0.099343600
0.166586000
0.043049800
0.047855400
0.040905800
0.014409000
0.001530900
0.040432900
0.111816500
0.087766300
0.210352200
0.138582000
0.031549000
0.000766700
0.155080700
0.086077500
0.042982000
0.105976100
0.094859600
0.003082000
0.096767200
0.155282300
0.156004000
0.000751500
0.025614000
0.162693600
0.035155300
0.176300900
0.031755100
0.017529300
0.058712200
0.1904512399
0.017930400
0.102487100
0.066364200
0.224951800
0.217953800
0.1644752799
0.1844938099
0.134241100
0.075611400
0.1553104199
0.122701200
0.1925420199
0.118970200
0.1867592699
0.077543600
0.015561500
0.167251300
0.091363500
0.1920681799
0.086871600
0.013727000
0.003087400
0.061281300
0.060746500
0.056443500
0.020625200
0.040815800
0.050510300
0.044666300
0.043873700
0.105724000
0.239561000
0.049643000
0.1555313299
0.234783700
0.290296000
0.020997700
0.214597900
0.052117100
0.158780100
0.248167000
0.121699300
0.064485500
0.054494100
0.052666100
0.285373000
0.051428000
0.121547000
0.025158300
0.276215900
0.043266200
0.067670300
0.018088400
0.037587300
0.207204100
0.078037700
0.009936400
0.018821200
0.075246000
0.076025100
0.069002700
0.071958500
0.035440200
0.243446600
0.363194900
0.282221800
0.049767700
0.132461300
0.281334300
0.029229000
0.038231000
0.115100400
0.026846100
0.011152100
0.081577100
0.215873300
0.028110900
0.019239200
0.016509500
0.021949300
0.001441400
0.010965200
0.087495300
0.009235100
0.006457900
0.057563000
0.029311200
0.203259000
0.127523100
0.047465900
0.152360100
0.517179300
0.431990400
0.510266300
0.468597200
0.154223600
0.004688500
0.136019100
0.095886900
0.031774800
0.029828100
0.017751700
0.004845800
0.014719500
0.012561500
0.005305900
0.1757247899
0.216404100
0.221854100
0.026240700
0.054213800
0.217383600
0.073061900
0.021676100
0.083984100
0.001650400
0.035877700
0.1937992699
0.030996600
0.086746100
0.026439900
0.033988100
0.118951100
0.134345300
0.190340000
0.261506600
0.092251800
0.157284100
0.025098300
0.060531900
0.113952700
0.143802300
0.111592700
0.037591000
0.002366900
0.056111600
0.156963500
0.100516300
0.007076200
0.055449700
0.004050400
0.023791500
0.079124600
0.272204100
0.254572000
0.118641200
0.001043500
0.111465000
0.213518800
0.129439700
0.104540800
0.023190100
0.008613100
0.027286100
0.231576900
0.176588800
0.1844279899
0.098637500
0.047830900
0.032913200
0.011827300
0.039960200
0.101534300
0.229533200
0.208784600
0.063219000
0.1760670899
0.125294200
0.060607500
0.067535600
0.014938100
0.1952171999
0.087745500
0.137631700
0.218983100
0.285878600
0.168574800
0.004304200
0.016480100
0.010017300
0.075902100
0.100730300
0.043835700
0.072363900
0.021207700
0.039369800
0.008930000
0.041134400
0.227082000
0.148688300
0.084458700
0.082030500
0.072370600
0.002852500
0.076734900
0.013255700
0.1874567599
0.1836347699
0.091832700
0.033298600
0.009367400
0.026523500
0.028589400
0.1754852999
0.059253500
0.229906500
0.029402600
0.086579600
0.022385100
0.083009200
0.140030400
0.002738100
0.080484900
0.124445100
0.007058700
0.016109100
0.037561900
0.040002900
0.009217100
0.169943600
0.047755500
0.1884311899
0.038408000
0.026803600
0.006195700
0.047473400
0.093977100
0.053585300
0.021561300
0.071943300
0.011553300
0.054955100
0.018092000
0.012366600
0.017317600
0.192844400
0.329713900
0.313143800
0.004214000
0.124737200
0.164950900
0.554085900
0.568560000
0.459492900
0.1645871899
0.018204400
0.014293700
0.032987100
0.063794200
