0.042031600
0.133778900
0.018704600
0.122165100
0.138358500
0.180439000
0.159374400
0.1690717499
0.105737100
0.078322300
0.082455400
0.216275800
0.240562300
0.228960100
0.232212400
0.152824300
0.092133000
0.062336500
0.300549700
0.338429600
0.1582412099
0.1490856599
0.1518573699
0.1350734299
0.691652400
0.690123300
0.687650500
0.696733400
0.422282400
0.419401600
0.1363016799
0.1238380799
0.1464167099
0.1383907199
0.649040300
0.562541200
0.691548400
0.725925200
0.1496058699
0.1501354399
0.1613852799
0.1582345799
0.1621057099
0.344623600
0.408867800
0.428890500
0.200245400
0.1718866099
0.1650698099
0.1512476999
0.363718300
0.491961100
0.294322000
0.321550600
0.221099100
0.131004800
0.021807900
0.027496700
0.046165900
0.198072800
0.186063500
0.291566500
0.433853700
0.040628700
0.038664500
0.022355200
0.023809100
0.110282500
0.220968400
0.318359500
0.545829500
0.1402318399
0.1386213899
0.1300593199
0.1215046999
0.1229915699
0.1345334999
0.1350653499
0.576670200
0.710396400
0.750642400
0.658473000
0.670901500
0.011406700
0.004932900
0.006605800
0.214190100
0.230141100
0.159071400
0.279562100
0.067240500
0.061798900
0.009035200
0.118386600
0.1571338099
0.1441570599
0.533523900
0.476186100
0.688051500
0.1387622499
0.1532314299
0.342800600
0.108018600
0.147995200
0.132176600
0.024117000
0.023971000
0.032068600
0.022253000
0.083938800
0.162121900
0.427059300
0.403558500
0.372515000
0.288572400
0.1741089899
0.157266600
0.106262700
0.111074500
0.080425000
0.055294500
0.030963900
0.017211000
0.003780000
0.099597800
0.117345700
0.018146800
0.082483200
0.033456400
0.019122100
0.096724900
0.025237500
0.007940500
0.175222100
0.145659500
0.038282000
0.098532200
0.028720000
0.028695300
0.017860100
0.000599200
0.033797200
0.048094500
0.231417700
0.100455600
0.096902000
0.204804700
0.351087900
0.019194000
0.1933536699
0.196430700
0.325033400
0.096107700
0.036633500
0.070947000
0.1842181699
0.1891377399
0.119024400
0.106576000
0.056992800
0.107667500
0.021224400
0.011053300
0.037658600
0.242985300
0.1724946099
0.142337300
0.034271300
0.089978000
0.052272600
0.006559300
0.087097800
0.101124900
0.052633000
0.229469900
0.185398500
0.1804528099
0.1924650299
0.082111700
0.019752200
0.046567300
0.042123900
0.033121300
0.085117200
0.034788500
0.012392700
0.000776300
0.124427900
0.010656900
0.106657400
0.050201400
0.146379700
0.053853600
0.032391600
0.040644800
0.116632000
0.083500600
0.004900900
0.126868600
0.099125800
0.074528600
0.123502800
0.052964700
0.1816647999
0.1846429199
0.134877100
0.092917600
0.147963600
0.123288900
0.129802300
0.021567100
0.028909400
0.1824078999
0.1738557899
0.211784600
0.201366900
0.312985100
0.210993600
0.244001700
0.310299000
0.401644300
0.253854800
0.273444200
0.266946000
0.248276900
0.154327300
0.093129100
0.1855063499
0.187030900
0.359403700
0.397534100
0.283854400
0.134751400
0.159757500
0.150327400
0.072587400
0.106026500
0.1855795699
0.003199400
0.096834300
0.168963900
0.212975100
0.062849500
0.087948500
0.205029100
0.106687700
0.257030000
0.150830200
0.035575500
0.058789300
0.131257100
0.017983100
0.102322000
0.105613700
0.1774168199
0.275605600
0.468194600
0.435018800
0.483775900
0.209045800
0.1553077599
0.345794300
0.076612700
0.119085900
0.132333800
0.1922332599
0.1945321399
0.167353800
0.091436200
0.079120300
0.099252600
0.013698300
0.003217900
0.061181500
0.060628400
0.056507600
0.045705400
0.040780900
0.050428700
0.044697700
0.068891900
0.138824700
0.1723640999
0.1780875299
0.1445843299
0.479457900
0.547729500
0.440491100
0.623117900
0.550528100
0.1458449599
0.1282692699
0.1542533799
0.234895200
0.238272200
0.259772900
0.1713850699
0.1932429799
0.163409300
0.025104900
0.276187700
0.139915000
0.156934200
0.071783500
0.037525700
0.207319400
0.152618100
0.132858600
0.018824600
0.075292900
0.075912500
0.068867200
0.084518900
0.035414300
0.1752549999
0.1631034199
0.479618900
0.256385400
0.365017000
0.562451000
0.464030500
0.1519045799
0.1671556099
0.067924700
0.011259900
0.081645000
0.1784251599
0.1915252599
0.1921695399
0.1928350799
0.022121600
0.006279900
0.011395300
0.087676000
0.018975400
0.006436600
0.057531600
0.029213400
0.203213800
0.185905000
0.128689600
0.240947300
0.1452557699
0.1445877199
0.1360018299
0.1354946799
0.1418673199
0.310371300
0.393684600
0.307266900
0.188724600
0.029755900
0.017800400
0.004953800
0.014588400
0.013337600
0.005213200
0.242835900
0.216453800
0.234018700
0.170293400
0.113601300
0.1779150499
0.082216100
0.021518500
0.083995000
0.047098000
0.035972300
0.062113500
0.063823700
0.1913370899
0.026433300
0.034108900
0.119012900
0.184705300
0.302865600
0.377329100
0.230061700
0.1661428499
0.1730285399
0.1706017099
0.1636696299
0.231242500
0.247841200
0.037523000
0.002297300
0.056115000
0.158147200
0.173889600
0.007264100
0.055421500
0.032617200
0.023759600
0.091312800
0.271862400
0.274741400
0.140110700
0.059940400
0.111493500
0.216625800
0.175590600
0.171847000
0.023083200
0.008564700
0.027353400
0.231663000
0.216297800
0.193061100
0.098569200
0.093794300
0.1949639199
0.011885800
0.039911200
0.119066800
0.277835800
0.282423000
0.236104200
0.337235200
0.301252700
0.178742000
0.193704700
0.144599600
0.116702700
0.1841903899
0.1790920199
0.1681414399
0.1596155299
0.379462700
0.082230000
0.090571600
0.009953900
0.075830100
0.1885142199
0.043830100
0.072144600
0.021187100
0.039368800
0.008880000
0.041108200
0.227010700
0.203434200
0.084335100
0.081959300
0.072473100
0.002772400
0.076652900
0.013306500
0.125522100
0.209096900
0.091852200
0.075703300
0.037853400
0.026422600
0.029304900
0.1753760699
0.171217800
0.369505000
0.210203300
0.277245200
0.196441500
0.082995500
0.140182700
0.002754000
0.080415900
0.124551100
0.006955200
0.016100900
0.037539600
0.052573800
0.009160200
0.170069800
0.129922900
0.128475300
0.038386900
0.026750000
0.006277200
0.047541400
0.1906082199
0.053506800
0.021515400
0.071934400
0.047841300
0.057619900
0.018125100
0.012321500
0.017366700
0.1807071399
0.1669577399
0.384937700
0.257406200
0.357682200
0.164971200
0.1420928499
0.1358091999
0.1307155299
0.1281870599
0.457490100
0.406426500
0.211519500
0.134961000
