0.041970700
0.1866190199
0.018603200
0.122090300
0.143990800
0.190446100
0.178381500
0.334552700
0.1894352799
0.078316500
0.084592200
0.218628200
0.246866400
0.237594700
0.242693100
0.1847415299
0.1898107799
0.062258000
0.300648700
0.347934200
0.431954100
0.533960300
0.513403100
0.1314097799
0.1248651999
0.1249156699
0.1241521799
0.1229493999
0.1473363399
0.524666200
0.750699000
0.879077800
0.1314609099
0.1230144399
0.1190601499
0.1267058099
0.1127517599
0.1085025899
0.1270057699
0.729197400
0.630820100
0.678220600
0.647208000
0.1362600899
0.1294754299
0.1268634799
0.1453707499
0.641787900
0.717865800
0.1137037099
0.1244848399
0.1107399899
0.1263337899
0.1233882299
0.1320175399
0.1397005299
0.453182900
0.414223200
0.435943400
0.543465000
0.534088400
0.641091800
0.1207124599
0.1631450299
0.278604500
0.146656900
0.131226500
0.143329900
0.256458700
0.355533000
0.585428400
0.1361624299
0.1344594099
0.1256120299
0.1148466499
0.1148365899
0.1249612499
0.1253691299
0.1316141299
0.1181453399
0.1132735699
0.786888800
0.800053800
0.011683600
0.004932600
0.006510700
0.214022000
0.230127500
0.171508100
0.294505500
0.1909808099
0.1909123399
0.009022100
0.118321500
0.439006100
0.573839600
0.1439082499
0.1477327899
0.1265005399
0.1315822099
0.568156200
0.479186500
0.276890300
0.1697545099
0.1710683599
0.068865600
0.022005000
0.032083600
0.022198200
0.083812100
0.163034200
0.431442700
0.1582117399
0.1608666099
0.1674766399
0.1695754499
0.157101800
0.111752200
0.124468100
0.099701300
0.055281200
0.030651400
0.017128400
0.004092000
0.1900445499
0.124673200
0.017188200
0.082522100
0.033461100
0.019165400
0.096567800
0.025074300
0.007915500
0.175249400
0.149815300
0.058519100
0.120567600
0.053518800
0.028691700
0.017909000
0.000626300
0.033884500
0.048131400
0.234311900
0.100456400
0.1903159199
0.1793421399
0.1640503999
0.060120400
0.066451800
0.196456100
0.1670144699
0.134295500
0.084470500
0.121364100
0.157898000
0.117255500
0.137213600
0.127598000
0.056815500
0.107649700
0.021222800
0.011032300
0.037578100
0.244936300
0.282524300
0.158918900
0.034399200
0.089964700
0.059196100
0.006574800
0.087261600
0.102848800
0.060688500
0.1756806599
0.1792969399
0.229272900
0.124070100
0.131729700
0.019716600
0.046634000
0.042102200
0.033195400
0.1913181599
0.034709900
0.012443600
0.000790500
0.124379100
0.010457500
0.106691200
0.050024600
0.146919400
0.053852600
0.035715400
0.040592400
0.118218700
0.090138600
0.004948600
0.126862000
0.107552800
0.074520000
0.123320400
0.064803200
0.183320400
0.158498900
0.148790200
0.119833100
0.1839733699
0.139385700
0.147059800
0.021590200
0.028978700
0.175884500
0.267377600
0.223684000
0.1770378299
0.1652721299
0.1741126799
0.1703045599
0.366017600
0.458997700
0.332358200
0.355035400
0.353556800
0.338391900
0.254974400
0.205036500
0.263355900
0.310316400
0.1512986999
0.1463907099
0.1561396799
0.1693878499
0.345593800
0.346855400
0.282504700
0.307116000
0.351643000
0.174701500
0.252789400
0.325952600
0.372830800
0.239459300
0.264666200
0.1613488599
0.1697002399
0.1543151399
0.365928600
0.265366800
0.083400900
0.158263300
0.017988600
0.102339500
0.1887368199
0.224957700
0.293294400
0.489534900
0.467471500
0.1474282699
0.1710016899
0.1450246599
0.463507000
0.232529900
0.120805600
0.140053100
0.1922347599
0.1941083799
0.167270800
0.091373100
0.079272700
0.106387500
0.018789200
0.003118000
0.061096000
0.060819400
0.056481600
0.047304400
0.041003900
0.050467800
0.044667700
0.070909000
0.144872600
0.282689000
0.237333500
0.1415279199
0.1480840799
0.1411723899
0.1504651499
0.1326275399
0.615049500
0.624712500
0.1191539299
0.1409170499
0.1599952099
0.1590965099
0.1566111599
0.386445500
0.197798000
0.296501500
0.153033200
0.1723643199
0.159885600
0.182558900
0.108725200
0.037784600
0.207169100
0.167069200
0.150508900
0.018843100
0.075183700
0.075893000
0.068970400
0.085357300
0.035563500
0.247852100
0.369476900
0.492919100
0.300033100
0.1588888899
0.1382214299
0.1466508799
0.1447294499
0.429883700
0.201261100
0.140398900
0.081657600
0.1784334599
0.102386500
0.100194800
0.096018500
0.021896100
0.007979400
0.010871400
0.087414500
0.027437800
0.006378900
0.057465800
0.030752400
0.203259000
0.189774300
0.144164300
0.256947700
0.1413168599
0.1400276399
0.1313935699
0.1305710799
0.1352633799
0.1592845999
0.1503803099
0.429963200
0.327950400
0.096858300
0.017829300
0.004943500
0.014660500
0.014961000
0.005478000
0.242794600
0.216377500
0.234793900
0.179915600
0.135610000
0.255078900
0.140013300
0.078173100
0.083965400
0.051233200
0.035889500
0.062257100
0.066902600
0.096339200
0.026410900
0.034078900
0.119068800
0.1811869399
0.1689573199
0.1614826699
0.264510400
0.378419600
0.319584200
0.347547600
0.418013400
0.316532600
0.343664000
0.1962518399
0.002275600
0.055912000
0.158079400
0.178642800
0.007369700
0.055401000
0.035465900
0.023764600
0.092780200
0.1727853999
0.1723856399
0.169581600
0.098338400
0.111422900
0.228577500
0.206433200
0.204121100
0.023107500
0.008613100
0.027372800
0.231714800
0.219143800
0.215719700
0.098562100
0.099608300
0.1935446499
0.011861200
0.039815200
0.120245600
0.281055000
0.287284800
0.253013500
0.369477800
0.338631600
0.236697700
0.252189100
0.210141300
0.190777000
0.1762675399
0.1711585599
0.1600253399
0.1513759499
0.483273900
0.219436200
0.228530100
0.155105900
0.075814300
0.121598300
0.052078000
0.072153000
0.021162800
0.039374200
0.008922800
0.041122100
0.1772984499
0.1777458099
0.096376800
0.082021100
0.073519400
0.002762000
0.076603100
0.013277200
0.125484600
0.1787980899
0.1903018499
0.083711500
0.051043300
0.026607000
0.028684600
0.248701300
0.188583200
0.390353300
0.252016700
0.1678776099
0.1747997699
0.105096100
0.140034900
0.002811900
0.080432500
0.124384000
0.007197500
0.018799700
0.037442800
0.055166100
0.009217900
0.171634100
0.137049200
0.148654900
0.038471800
0.026880500
0.006315000
0.047555200
0.093923300
0.053478200
0.021628000
0.072016100
0.051732100
0.066457700
0.018060100
0.012313800
0.017356200
0.1807119899
0.1669602199
0.389545700
0.276597800
0.379484600
0.187216200
0.1396983699
0.1330910899
0.1269278499
0.1235201899
0.1464882399
0.491365100
0.321766700
0.260827600
