0.041995500
0.133956600
0.018871500
0.122104400
0.121330600
0.149719400
0.101710600
0.1767280299
0.105601100
0.078134200
0.075759300
0.208922900
0.227063700
0.208205300
0.205562800
0.152626400
0.061957600
0.1937804199
0.300646100
0.310063400
0.374861800
0.435308300
0.386233700
0.1459799899
0.1486090799
0.1490709199
0.475623300
0.475847600
0.109337000
0.103810600
0.295858800
0.409123000
0.1913632599
0.153740700
0.167208500
0.050705200
0.224166900
0.234607900
0.112079000
0.1907232699
0.015570900
0.177129300
0.113816600
0.186864300
0.240277500
0.1757568699
0.163375700
0.215152500
0.259098100
0.1624005199
0.1795938499
0.1695048899
0.177725400
0.198245800
0.054976800
0.030920200
0.021686000
0.027281100
0.045246600
0.198085900
0.178385000
0.279312800
0.393096900
0.040600700
0.038748000
0.022424400
0.023596400
0.110071300
0.1785964199
0.1694346799
0.1474242799
0.1425658099
0.1411739399
0.1334043599
0.684942600
0.1374230799
0.1532181399
0.1541746899
0.1645144299
0.1514406599
0.1500067699
0.372311000
0.382485000
0.011446500
0.004996700
0.006531600
0.213988800
0.229868800
0.1878832199
0.1765815199
0.067321200
0.050472500
0.009167300
0.118314500
0.1594841199
0.1480302299
0.459064100
0.344370700
0.554686400
0.1595625699
0.1826393099
0.342923000
0.1942435999
0.148048200
0.124842700
0.024053000
0.022002700
0.032151100
0.022183500
0.083819800
0.158731200
0.412980100
0.359656100
0.314963500
0.178096300
0.121754000
0.157127200
0.089114600
0.076261600
0.027930100
0.055282600
0.030601200
0.017047500
0.003764800
0.099544800
0.095110400
0.017358600
0.082586400
0.033447200
0.019163500
0.096507300
0.025002400
0.007973900
0.175215300
0.133179700
0.037677600
0.092888700
0.028708300
0.028772500
0.017943700
0.000713100
0.033853800
0.1951865499
0.222766600
0.100389100
0.096698100
0.199229900
0.1674700099
0.019289700
0.066529400
0.1803562199
0.310342200
0.071849600
0.027065400
0.056833200
0.1842167599
0.1917395899
0.096401500
0.075659500
0.056873200
0.107656800
0.021329400
0.011004600
0.037546800
0.1763361099
0.252310300
0.142514900
0.034277100
0.089858200
0.031205700
0.006557900
0.087181300
0.096491400
0.029144400
0.227487000
0.160280300
0.133888500
0.014598000
0.082415900
0.019722900
0.046494000
0.042074600
0.033293600
0.085148900
0.034829400
0.012537700
0.000736400
0.124440100
0.010437400
0.106686300
0.049936500
0.144100400
0.053811200
0.022490800
0.040541600
0.1887762199
0.1935841499
0.004943000
0.126802600
0.073509800
0.074575300
0.116336000
0.037836300
0.1816638399
0.1861620999
0.092760000
0.076531300
0.148450700
0.112752400
0.116181600
0.022494500
0.1970999999
0.175861300
0.242727500
0.175485500
0.125792800
0.226883000
0.083757300
0.101380700
0.1841691599
0.1754961599
0.043017000
0.053188700
0.040925500
0.014241400
0.001500900
0.040518300
0.111692600
0.138355200
0.1701731799
0.1697431699
0.140822800
0.000815300
0.155232100
0.114258500
0.043114300
0.106036800
0.1874469799
0.003114800
0.096751300
0.166222300
0.201549600
0.001192600
0.026302800
0.162751400
0.035073000
0.177742000
0.031635500
0.017463500
0.058659400
0.124008500
0.017939600
0.102306800
0.084850400
0.224988300
0.1781246399
0.1599651399
0.333782600
0.354043200
0.075640900
0.1552894199
0.301352800
0.074446300
0.118998600
0.132286600
0.077569400
0.041933700
0.167200100
0.091318500
0.079206400
0.086873500
0.013686400
0.003098800
0.061140200
0.060736900
0.056385000
0.040598900
0.040781000
0.050444400
0.044753700
0.062346400
0.120485900
0.257243600
0.1835529099
0.463270600
0.361537200
0.427198900
0.277279300
0.449486200
0.335512200
0.1729252099
0.1577463899
0.121694800
0.064419700
0.054341200
0.065426100
0.285409600
0.051381000
0.138721600
0.1974892099
0.276118700
0.080039800
0.080333600
0.017945000
0.1962487299
0.207343500
0.108424700
0.078699200
0.018917800
0.075134300
0.075928900
0.068879600
0.081877200
0.035368800
0.246546700
0.367811300
0.440144500
0.125930300
0.1773526999
0.1603938899
0.255146100
0.264981100
0.115070200
0.026987400
0.011293000
0.081813200
0.216059400
0.1967666699
0.019180400
0.016510900
0.021896100
0.002063300
0.011104100
0.087422500
0.009205800
0.006402900
0.057514800
0.029224200
0.203211400
0.174201800
0.082200600
0.193023400
0.516944700
0.505240300
0.589561400
0.585429900
0.471687500
0.109088700
0.1824980299
0.095918000
0.031614900
0.029791100
0.017806800
0.004856700
0.014611300
0.012397500
0.005290100
0.242799100
0.1783580699
0.1768379199
0.141562400
0.054208900
0.217384700
0.073043000
0.021574700
0.1916070299
0.1965886499
0.035943000
0.062048400
0.054078100
0.086703200
0.026559200
0.1965873399
0.119005700
0.174648200
0.280471400
0.354283800
0.127325700
0.219707800
0.119684600
0.131832400
0.1802036699
0.143811200
0.128802000
0.037479900
0.002225800
0.1943987599
0.1842184899
0.159217600
0.007256000
0.055414300
0.023741600
0.023687900
0.087757800
0.271888700
0.270689300
0.118287700
0.011045000
0.111525300
0.1786483299
0.129529200
0.121353400
0.023108500
0.008665300
0.1972655199
0.231658100
0.208390500
0.155901900
0.098694900
0.076522600
0.033154400
0.011959000
0.040005600
0.115790100
0.268477900
0.268011400
0.1814795899
0.240272000
0.188670000
0.060647600
0.073945500
0.014893200
0.047808100
0.087750400
0.138501000
0.242342500
0.323985700
0.1764666199
0.004422200
0.016514800
0.010072900
0.075924800
0.1899394499
0.043826500
0.072327100
0.021190300
0.1960694399
0.008800400
0.041147800
0.227023300
0.148650400
0.084340800
0.082069900
0.072374100
0.002732100
0.076580100
0.013256300
0.125446600
0.200010600
0.091951700
0.067338600
0.013788000
0.026672700
0.028673700
0.1755015099
0.125267600
0.313011000
0.090907700
0.151557700
0.036413200
0.1916993199
0.140182500
0.002723000
0.080395100
0.124344000
0.007013300
0.016219400
0.037461800
0.044347700
0.009183300
0.170028400
0.113623700
0.115771400
0.038486900
0.026765300
0.006075900
0.047458000
0.093855000
0.053502700
0.021472800
0.072037900
0.036131400
0.054775000
0.018145500
0.012302000
0.017308700
0.193057300
0.330221100
0.370431200
0.198925000
0.291152000
0.164942600
0.573980200
0.627172500
0.646085400
0.1354699899
0.1708046699
0.1780652599
0.032869800
0.063846800
