0.042064900
0.133952100
0.024827100
0.122224900
0.155412200
0.210921900
0.1783111999
0.1614160699
0.237587700
0.231456600
0.242003800
0.376615600
0.407127200
0.402523300
0.411415600
0.152653900
0.121940800
0.1895193999
0.320538000
0.386922900
0.480594800
0.603395800
0.596954700
0.1221333799
0.1110144099
0.1108556299
0.1080036599
0.1062155099
0.1244566699
0.1244557599
0.1001466999
1.134505400
1.005598300
1.1901205699
1.1848530699
1.094987300
1.255638400
1.314075600
1.203325200
1.212119600
1.142196800
1.221951900
1.207059700
1.1753650999
1.1678731199
1.1640679599
1.261191900
1.386740000
1.479109400
1.638437100
1.562803600
1.1281449299
1.1354038799
1.1320207599
1.1378039699
1.1427955099
1.1535078399
1.442496900
1.470072000
1.600086200
1.596012700
1.705920700
1.1123178799
1.1431520199
1.1489389999
1.1582741799
1.1588340099
1.1551767299
1.1434207199
1.1331374399
1.1096367699
1.1041384399
1.1023184999
2.1929350299
2.222716000
2.252511300
2.179602800
2.178227900
2.136192400
2.272896200
2.338844200
2.282283700
2.296926300
1.311940900
1.132677200
0.629031600
0.672409100
0.1311303299
0.1344921999
0.1216982999
0.1353470999
0.1340272599
0.1403609399
0.1382462999
0.1040685999
1.1895851699
1.1884935499
1.115088800
1.328325800
1.327132400
1.268575700
1.1712558699
1.1849976299
1.206129400
1.197919300
1.038692600
0.1027035999
0.1078156299
0.1156791399
0.1106451099
0.1024895499
1.250630500
1.256978400
1.239589700
1.208699400
1.1794445599
1.121720000
1.087927700
1.116525800
1.103529400
1.009247800
0.1054179399
0.1092142499
0.1192514699
0.1174533899
0.1134465499
0.1210801799
0.1164084299
0.1209187399
0.700245900
0.683877100
0.497358000
0.416787000
0.1471660999
0.1488648199
0.1547790699
0.1482660099
0.1526009599
0.1589171599
0.1696230199
0.1729240899
0.033854500
0.048184800
0.240136700
0.100472400
0.096797000
0.1789925499
0.1623554999
0.156514100
0.066454200
0.196428900
0.339635600
0.211004600
0.180250600
0.222055100
0.1786991899
0.1810226599
0.228719300
0.224650400
0.172868200
0.203142300
0.072313600
0.066885600
0.046677900
0.258239400
0.306670700
0.249483800
0.132405600
0.1834969799
0.1851746399
0.076320400
0.149653700
0.168491100
0.138826800
0.332461100
0.311714600
0.358331500
0.282986300
0.309298500
0.150046100
0.135606600
0.109445000
0.033291300
0.094736400
0.034742300
0.012533800
0.000823700
0.124473100
0.010352600
0.106730500
0.049960900
0.1851678099
0.053778000
0.042220100
0.040557800
0.120976800
0.102854100
0.004816200
0.127007700
0.124800800
0.100904000
0.153290100
0.118723300
0.1773661899
0.1788357699
0.1780107499
0.217084000
0.284378500
0.270919300
0.280387700
0.087295200
0.061202200
0.175769700
0.279512200
0.247563100
0.1716554499
0.1590624399
0.1651745299
0.1603357499
0.1528132799
0.1431830699
0.483985600
0.512833900
0.521885900
0.514059000
0.451892300
0.424510100
0.496115400
0.553191300
0.1261662499
0.1190277499
0.1255857099
0.1355089599
0.1286779799
0.1264400299
0.1301943699
0.1256999099
0.1200012399
0.667885400
0.750652700
0.825652300
0.878246900
0.778354700
0.1196499499
0.1064320799
0.1118159799
1.041237300
0.1019091799
0.1090202899
0.1212021099
0.1132405499
0.1261807899
0.644862200
0.669140500
0.724527700
0.1169716199
1.033983100
1.034229300
1.111402900
0.1046533599
1.1739975799
1.1796409999
1.048876600
0.1005145599
1.042180300
0.1005059899
0.1015219699
1.098724500
1.057610900
0.1035427499
1.006747100
0.1055659599
0.1117278399
0.1128421399
0.1168596199
0.1261508199
0.1267331299
0.1286236899
0.1376353999
0.1416534599
0.1385912199
0.1304113699
0.1165856899
0.1187533699
1.1815906999
1.136486500
1.207286300
1.142686900
1.335946800
1.304866500
1.351796700
1.551710000
1.1581037999
1.1708018399
1.1687611899
1.1655866099
1.379792900
1.251084900
1.355374600
1.254074100
1.334163600
1.1742408299
1.1708619399
1.1759481699
1.1803446799
1.349381300
1.338736500
1.328719700
1.180095100
1.216024800
1.205023800
1.179594500
1.197784500
1.163883000
1.376744700
1.1501139099
1.1352089199
1.1484403599
1.1368031199
1.1142706999
1.1198682299
1.825288800
1.761859400
1.597037300
1.557243700
1.1605611099
1.1557553399
1.1635602599
1.1633509399
1.1632538299
1.307041400
1.296893200
1.062992100
1.135544400
1.092771800
0.1106778499
0.1129011899
0.1141825499
1.013291100
1.007613700
0.1014813299
1.098939900
1.1524403599
1.500777500
1.588142100
1.602544100
1.589036100
1.409878500
1.510474000
1.484673000
1.1583991899
1.1749830999
1.1848682699
1.017757100
0.1042502699
0.1039201099
0.1057497699
1.110920400
1.143438300
1.163347800
1.126034200
1.106289700
1.250184900
1.182093700
1.141032100
1.1884133399
1.1908304899
1.062974500
0.1098822699
0.1087415799
0.1043731899
0.1112485399
0.1127551299
0.1110009499
0.1034200799
1.096362200
1.171592200
1.104085800
1.1771106199
1.1808727399
1.1772503199
1.1699998899
1.259816800
1.307927700
1.078969700
1.045853800
1.097860900
1.200167000
1.230467600
1.094359400
1.096994000
1.083070900
0.1107554399
0.1036217499
1.1868030199
1.139003400
1.088582200
1.035413500
1.021335800
1.162475800
1.178168800
1.178646500
0.1042448599
0.1060961499
0.1172197599
0.1055334899
0.1062831399
0.1026703799
0.1259163299
0.1246498499
0.1264694499
0.1341468099
0.1378322199
0.1295454899
0.1130489799
0.1120800199
0.1130764799
1.016493100
0.1003756199
0.1065235899
0.1048656299
0.1076514599
0.1079283399
0.1022518199
1.028746500
1.143843800
1.232777800
1.272632300
1.075842200
1.086729400
1.034028700
0.1109452099
0.1049921199
0.908791900
0.1083958699
0.1207082499
0.1380132999
0.1501320399
0.1500575999
0.1411334799
0.1377500899
0.548812500
0.526063100
0.537656000
0.481988000
0.465469700
0.360955700
0.473339100
0.1433967299
0.1497308999
0.1504912499
0.1527189799
0.1683652499
0.1709707899
0.1483353599
0.486398400
0.695065300
0.598579900
0.672077200
0.625584900
0.536083200
0.1417483699
0.1563977799
0.1607517099
0.1557621199
0.1671182499
0.316783700
0.177405400
0.200709500
0.160819600
0.243508200
0.219858100
0.257267300
0.158807400
0.142898900
0.107132300
0.078065800
0.1906074899
0.053543000
0.023388500
0.071910700
0.059610800
0.084342700
0.018166400
0.012265800
0.017306900
0.192886200
0.330484800
0.1600939999
0.1684688999
0.1576414999
0.320611100
0.739751800
0.812311100
0.1104705399
0.1053198799
0.1220969799
0.1250242499
0.1369201299
0.1399102599
