0.044492600
0.133820700
0.018713800
0.122144600
0.067741100
0.082953800
0.060409300
0.206920600
0.105638100
0.078257200
0.023525900
0.142946100
0.042994800
0.009842500
0.020926900
0.1847523299
0.029552000
0.062358300
0.300709300
0.123285300
0.122761900
0.185436000
0.037119600
0.209870200
0.1751118699
0.184035700
0.091029400
0.1963860499
0.001966900
0.005716700
0.1705715499
0.180813600
0.065000000
0.119433600
0.092200700
0.003655600
0.224181900
0.106674400
0.1887873299
0.036680400
0.015411300
0.177245900
0.033695800
0.1813151699
0.096968800
0.074315800
0.163845900
0.215001100
0.140804800
0.1797973699
0.020732900
0.210867400
0.177695200
0.065152100
0.027897000
0.030916100
0.021818100
0.027354900
0.045198300
0.1801903899
0.023553200
0.119456600
0.1771866499
0.040567700
0.038580200
0.022326800
0.1976403999
0.110136200
0.131813600
0.114201700
0.250177000
0.234237000
0.203083400
0.119203400
0.285601900
0.119115800
0.012468800
0.007159300
0.019483100
0.143060000
0.117680700
0.014580600
0.019358000
0.011497100
0.005191500
0.006589800
0.214020400
0.226555300
0.041928100
0.143164500
0.067366100
0.050504700
0.009094500
0.118259100
0.1594730099
0.217474300
0.082945600
0.115085300
0.295425700
0.148472200
0.113705700
0.342832300
0.057689800
0.147971000
0.006945300
0.024023800
0.022001700
0.032078400
0.022352800
0.083997400
0.094709300
0.296762500
0.066094800
0.010406200
0.075085100
0.1949779799
0.1842875399
0.000643500
0.076616600
0.022480800
0.055231100
0.030749000
0.017098100
0.003882700
0.099539000
0.084915700
0.017316700
0.082581200
0.033463500
0.019205300
0.096465800
0.025046700
0.007999100
0.175285700
0.008509500
0.037724600
0.075308000
0.028754800
0.028650900
0.017868400
0.000570100
0.033814000
0.048088500
0.209675700
0.100536700
0.096799600
0.124425900
0.1792816899
0.020575700
0.066511500
0.196395400
0.173125900
0.071972000
0.026969500
0.1943160599
0.1842241799
0.028949800
0.096338000
0.012746000
0.056885000
0.107703000
0.021216500
0.011033200
0.037494200
0.224302800
0.1918564999
0.142347500
0.034298000
0.089900300
0.025239100
0.006563600
0.087144400
0.028666900
0.008197300
0.227578400
0.026196200
0.119861100
0.014575200
0.082451100
0.019722600
0.046641400
0.042251600
0.033198000
0.085186200
0.034650600
0.012501200
0.000696000
0.124251500
0.010379600
0.106715700
0.049935100
0.102881100
0.053921200
0.008527600
0.040650800
0.089491300
0.012041700
0.004884500
0.126916000
0.048971300
0.074524700
0.063152100
0.037816700
0.1816623299
0.015938100
0.1937496999
0.1923988299
0.1852042999
0.008964000
0.015754800
0.021646700
0.029046800
0.175791000
0.140991900
0.003428600
0.125810200
0.151067800
0.021113000
0.079285800
0.094016800
0.106234000
0.043082400
0.047740400
0.040981500
0.014342900
0.001507400
0.040455600
0.111757500
0.1912343599
0.210426200
0.138648400
0.031447000
0.000791600
0.155089300
0.086082000
0.042987700
0.1893904699
0.094684500
0.003665800
0.096596800
0.110367600
0.071194900
0.000957400
0.025537800
0.1837248699
0.035074600
0.176370800
0.031644000
0.017517200
0.058692100
0.094142300
0.017952000
0.102407500
0.066422700
0.224884100
0.218012300
0.1773875499
0.067321700
0.134283100
0.075582700
0.1553012899
0.033030100
0.074536100
0.119020200
0.1867541899
0.077601400
0.015504100
0.167228000
0.091229900
0.1920757099
0.086779200
0.013623600
0.003076700
0.061163300
0.060634700
0.056373100
0.004440600
0.040762300
0.050583400
0.044724000
0.043820200
0.105600000
0.227687800
0.049606100
0.1555390499
0.006749500
0.076098900
0.020996500
0.214519700
0.052079700
0.158691000
0.248253200
0.121823800
0.1935565299
0.054397600
0.052587900
0.285329200
0.051342600
0.1878512299
0.025062400
0.1723828799
0.043158500
0.067684500
0.017883500
0.037554900
0.207298400
0.078081200
0.010084500
0.018817000
0.075122300
0.1924024899
0.068853000
0.031306400
0.1964564299
0.1769213399
0.344443800
0.1774066199
0.049956500
0.132461700
0.1718621399
0.1970838399
0.038224300
0.115032400
0.026836300
0.011143700
0.081636500
0.215638200
0.028056600
0.019249300
0.016434600
0.021815400
0.001496400
0.010891000
0.087522900
0.009127700
0.006426100
0.057458300
0.029229200
0.203207000
0.017950900
0.047533100
0.128843600
0.516957900
0.138048800
0.192096300
0.033399100
0.086995200
0.004576800
0.136024600
0.1904122999
0.031596000
0.029788200
0.018205100
0.004863100
0.014446600
0.013382600
0.006082400
0.1756991099
0.1782659499
0.184293100
0.016527800
0.054652500
0.218288700
0.073552700
0.022149800
0.084341200
0.002187000
0.035752600
0.062310100
0.030860000
0.087093000
0.026560400
0.034019500
0.119009200
0.096222300
0.155729700
0.215949300
0.092180300
0.157275700
0.025055100
0.060443300
0.078995000
0.143833400
0.111560500
0.037452900
0.002302100
0.055997100
0.153661100
0.059331900
0.007047600
0.055318100
0.004049000
0.023677000
0.079060900
0.272003400
0.189639200
0.118313000
0.001160900
0.111507600
0.213503200
0.129414900
0.036923100
0.023056300
0.008602600
0.027414900
0.1768371899
0.049776700
0.155845600
0.098588000
0.047786400
0.033017000
0.011931100
0.039897400
0.090217400
0.177482600
0.075648000
0.063038300
0.1760558699
0.011156300
0.060645300
0.041531500
0.014903600
0.047720000
0.087784900
0.133972800
0.126520600
0.134782700
0.1831466499
0.004318900
0.016514900
0.009998700
0.075969800
0.100707300
0.043952800
0.072241100
0.021157900
0.039365300
0.008832900
0.041251600
0.227218700
0.148660300
0.084302500
0.081976100
0.072682000
0.002797500
0.076683800
0.013271300
0.125510900
0.1888854899
0.091956600
0.009531700
0.009295000
0.026651800
0.028583500
0.245281400
0.059240500
0.229878600
0.029385200
0.086560000
0.022407600
0.083083400
0.140066100
0.002742700
0.080524400
0.124420400
0.006933300
0.016149700
0.037476300
0.039960800
0.009122900
0.170051300
0.009646700
0.115833900
0.038404300
0.026856000
0.006215900
0.047574100
0.093949600
0.053528700
0.021527800
0.072012100
0.011513500
0.054909700
0.018193400
0.012220500
0.017556300
0.192804300
0.327781800
0.1902796899
0.004173500
0.124611000
0.164884900
0.474098400
0.1666281099
0.147281800
0.103997000
0.018213900
0.014306100
0.032949000
0.063688400
