0.041949300
0.133782500
0.018580900
0.122303000
0.067582400
0.082931300
0.060482200
0.206955200
0.105849700
0.078116000
0.024797700
0.152449100
0.121384200
0.045793500
0.020797600
0.152572800
0.029618500
0.062231000
0.300603200
0.123253000
0.1877108399
0.185515900
0.036552800
0.209804400
0.248861100
0.220083400
0.1908963899
0.036116600
0.002218300
0.005596600
0.294539800
0.317079700
0.065060700
0.1880500099
0.092065000
0.003655900
0.1775830799
0.106712100
0.112175100
0.036755000
0.015318700
0.1822982699
0.033794300
0.186912400
0.153533600
0.074451700
0.1836581699
0.215053300
0.140807000
0.202113900
0.020786500
0.1788969299
0.177880300
0.144805300
0.027769700
0.030891400
0.021638300
0.027276000
0.045196600
0.198073000
0.116424300
0.181129400
0.228094300
0.040552800
0.038680300
0.022352500
0.023776000
0.110081100
0.158840800
0.205751800
0.1633929299
0.1611176699
0.1615225099
0.1602337299
0.1714343699
0.156010100
0.012534200
0.007063500
0.026284700
0.143096900
0.117699700
0.014638200
0.019327700
0.011448200
0.004909700
0.006498300
0.214042900
0.228568500
0.041655000
0.143089400
0.1932696999
0.050504100
0.009007200
0.118426700
0.405176900
0.1601200099
0.082904300
0.115103000
0.1686656399
0.148474800
0.113727300
0.1657076799
0.057574900
0.148018100
0.065124400
0.024036500
0.022056300
0.032038500
0.022262600
0.083873500
0.133090000
0.302954200
0.1933895599
0.010322800
0.075129100
0.050301300
0.157142200
0.000537200
0.076337900
0.022530400
0.055241500
0.030665700
0.018034800
0.003985500
0.099449200
0.084972000
0.1982633299
0.082508200
0.033479800
0.019092600
0.1903464399
0.025082200
0.008112700
0.175216200
0.032429500
0.037772800
0.1924827299
0.028815200
0.028659800
0.017941200
0.000628900
0.1966134499
0.048123100
0.1790315399
0.100571400
0.096640900
0.154825000
0.207132400
0.019277800
0.066465100
0.196407400
0.1807403499
0.071932600
0.026980800
0.056985500
0.157890700
0.028972500
0.096377200
0.012747500
0.056774900
0.107670100
0.021216800
0.011174200
0.037643100
0.1775814599
0.108891800
0.142352800
0.034365500
0.089903200
0.025278100
0.006573100
0.087145900
0.058421700
0.008264800
0.1772441799
0.026066100
0.119795100
0.014649400
0.082158600
0.019695600
0.046619100
0.042005900
0.033180800
0.085136000
0.034713500
0.012565800
0.000743400
0.124393500
0.010446700
0.106655100
0.050119100
0.127477700
0.053827500
0.008535600
0.040602400
0.089493200
0.012057700
0.004904500
0.126869300
0.049015900
0.074518000
0.073998500
0.037729300
0.183260700
0.017404500
0.062469700
0.075946100
0.148044000
0.023613100
0.015768400
0.021685400
0.029005700
0.175855600
0.1859104199
0.003454100
0.125944100
0.1848939099
0.021087600
0.079363800
0.093856500
0.141704800
0.043107000
0.047824500
0.041030600
0.014307100
0.001512600
0.040423600
0.1888280099
0.087714800
0.210419000
0.138606700
0.031464200
0.000843400
0.155145200
0.086064700
0.043018300
0.106019600
0.095192600
0.003970600
0.096632700
0.143389500
0.109436800
0.001122200
0.028959500
0.162739700
0.035018800
0.176263900
0.031640800
0.017568400
0.058703900
0.094078900
0.018030200
0.102625400
0.066404100
0.1775053799
0.217884200
0.310955500
0.067403400
0.134283600
0.075578200
0.1553056299
0.033029800
0.074437500
0.119060500
0.132401700
0.077560300
0.015620500
0.167290300
0.091256400
0.079162100
0.086744300
0.013653600
0.003195900
0.061207100
0.060594600
0.056384600
0.004564800
0.040712800
0.050438800
0.044705200
0.1956150399
0.105761700
0.236658300
0.049681700
0.444611400
0.126564100
0.172096300
0.021076700
0.1785463099
0.052050800
0.158743800
0.248194700
0.1878262799
0.064420900
0.054399000
0.052652600
0.1714690699
0.051768200
0.121509900
0.025054400
0.276270900
0.043186100
0.1932254499
0.018180300
0.037516700
0.207183100
0.078055300
0.010046900
0.018844400
0.075143500
0.075926600
0.068946600
0.061741400
0.035376400
0.240232600
0.358456500
0.226035900
0.049808800
0.132459100
0.281332300
0.029131100
0.038227800
0.115021200
0.026948000
0.011147700
0.081665300
0.215777600
0.027905500
0.019220900
0.016437100
0.021971300
0.001507000
0.010946400
0.087489400
0.009151500
0.006380000
0.057477900
0.029421700
0.203291900
0.081017600
0.047476800
0.146472200
0.517026600
0.358429500
0.430713300
0.351657100
0.087025300
0.004550500
0.135774400
0.095749700
0.031611000
0.029835200
0.017730300
0.004854200
0.014580800
0.012510800
0.005286900
0.242763300
0.216426500
0.212352100
0.015794100
0.054219300
0.1782608899
0.073029400
0.021556000
0.084157400
0.001914600
0.036064900
0.061911000
0.030867600
0.1913170799
0.026355700
0.034056100
0.118933200
0.096168600
0.155684600
0.224138100
0.092401400
0.1842648699
0.025041400
0.060608300
0.101220600
0.143895700
0.1888556799
0.037690800
0.002749000
0.056723300
0.154258600
0.059350100
0.007644900
0.055570600
0.004118600
0.024392900
0.079448100
0.271970200
0.238545600
0.118345600
0.000875500
0.111478400
0.213541700
0.129462200
0.087649900
0.023098700
0.008695200
0.027436900
0.231690300
0.144924100
0.155905000
0.098693500
0.047922100
0.032926100
0.011941400
0.039859300
0.1909864999
0.1806282399
0.152757500
0.063061700
0.239359500
0.062957400
0.1939471899
0.1939231399
0.015011200
0.047752100
0.087788500
0.136701100
0.195552100
0.1752133999
0.168550600
0.004314400
0.016562900
0.009939300
0.075948200
0.100727100
0.043786900
0.072127600
0.021186100
0.039356500
0.008778800
0.041091000
0.227093900
0.148686000
0.084366900
0.1917905299
0.072411500
0.002723700
0.076593300
0.013259600
0.1874460199
0.127290600
0.091799800
0.009530900
0.009300200
0.026575100
0.028572300
0.1754924699
0.059218800
0.229918800
0.029655200
0.086508500
0.022382400
0.083152000
0.140078400
0.002651200
0.1919586099
0.124398700
0.006892400
0.016092200
0.037476300
0.039940900
0.009165400
0.170079100
0.009472000
0.1884260499
0.038355600
0.026778500
0.006211800
0.047426200
0.093935900
0.1946532899
0.021626500
0.071917600
0.011489800
0.054864100
0.018140600
0.012224200
0.017291000
0.1807143899
0.1670878399
0.255747900
0.004136000
0.124639700
0.164930500
0.534031400
0.1490207799
0.1727269999
0.104039000
0.018322500
0.014329800
0.032951100
0.063712500
