0.042110700
0.1866065199
0.018607300
0.122218700
0.148597400
0.198671600
0.193824500
0.355124400
0.1843746099
0.1866867099
0.1858984099
0.1724729099
0.303261900
0.295873000
0.302560300
0.152569300
0.109783800
0.076823200
0.1699219699
0.355397000
0.443354400
0.553672500
0.538872200
0.715111600
0.1201104799
0.1200777799
0.1184722799
0.1170293399
0.1389505099
0.1390678299
0.1157827299
0.1026497899
0.805673800
0.893755300
0.1061408799
0.1129869099
1.018140800
1.066986500
0.1088178299
0.1085164499
0.1172166499
0.1111736099
0.1136299299
0.873622600
0.1055607499
0.1024600399
0.1174968699
0.1067284999
1.015342400
1.166090000
1.071116000
1.1784078799
1.093371600
1.124672900
1.049818000
0.1016229099
0.1149038799
0.1181293299
0.1157223599
0.1040752299
0.1048075999
1.060156200
1.1780458099
0.1158446399
0.1235521099
0.1352099999
0.1363570299
0.1341570599
0.1226633799
0.1126113299
1.105744400
1.159643400
1.177140100
1.267657800
1.1606803499
1.1594810999
1.315261200
1.312253800
1.257957900
1.393474000
1.449021200
1.378072200
1.391792500
0.207489700
0.004921300
0.006560800
0.214021000
0.230155500
0.181518200
0.306505000
0.1870688499
0.1864921299
0.057104500
0.118280300
0.447361900
0.586015200
0.582633100
0.1440191799
0.1227510899
0.1258410299
0.1351472299
0.602631400
0.426344000
0.1535868299
0.1547068999
0.1743019999
0.1826286799
0.106284900
0.022239900
0.083883700
0.163871900
0.435016400
0.429436500
0.406397500
0.354168900
0.340376900
0.1791609399
0.1832515899
0.1813444399
0.1833444599
0.055328500
0.030654500
0.017144200
0.003967400
0.099607900
0.130623200
0.035587500
0.082469200
0.033457700
0.019150600
0.096500200
0.025417200
0.007927300
0.175180000
0.153248800
0.074715400
0.137898100
0.080364500
0.028622300
0.017907600
0.000655600
0.033855700
0.048137700
0.236678600
0.100421800
0.096740800
0.207880600
0.366152300
0.098534800
0.066459600
0.1803575599
0.1666298699
0.164852600
0.122604300
0.161384200
0.157856400
0.124240400
0.151810300
0.144397400
0.070912900
0.107664600
0.1978777499
0.012340300
0.037625700
0.246615000
0.288506000
0.191591100
0.044338800
0.089873100
0.064707900
0.006599500
0.087106400
0.104102800
0.066914200
0.1746157499
0.1776178199
0.255770500
0.162513000
0.177633300
0.019845000
0.046579700
0.042147200
0.033174600
0.089988700
0.034687300
0.012480800
0.000712000
0.124365300
0.010462000
0.106707100
0.1949961899
0.1852457299
0.053827900
0.038324100
0.040573800
0.119311000
0.095210400
0.004873000
0.126805900
0.1885694999
0.074496700
0.124725600
0.075784900
0.183264000
0.162491200
0.159998000
0.141515800
0.192670200
0.174765000
0.183039000
0.021554700
0.029047800
0.175752300
0.272152200
0.233109600
0.250893000
0.371869400
0.294281300
0.336329800
0.407784600
0.502084900
0.1607589999
0.1582444899
0.1579724799
0.1591952299
0.1666799499
0.1707582499
0.1643930899
0.1592862999
0.1412917299
0.645013800
0.560363800
0.441417600
0.492467400
0.501937400
0.1551723699
0.1518996099
0.1469532699
0.1628632399
0.1548743699
0.1474845999
0.1425645199
0.454376500
0.479562000
0.605652000
0.534035800
0.690110200
0.611400600
0.522717800
0.364796900
0.1558421599
0.1717272299
0.150214700
0.166073000
0.224871800
0.308178700
0.507436300
0.1505647899
0.1439979499
0.1644638099
0.633796700
0.559482500
0.358988700
0.270316000
0.1699300199
0.1771409099
0.1786593299
0.1683181899
0.249125100
0.121660500
0.154984700
0.077538900
0.002996600
0.061102800
0.060583400
0.1943493999
0.1951315499
0.040822700
0.050509000
0.044661400
0.072599900
0.149659200
0.287661300
0.251828400
0.1391146499
0.1449513399
0.1379641599
0.1461292099
0.1272142799
0.1319753599
0.1295175999
0.894971100
0.1288575499
0.1453786299
0.1440233699
0.1412545799
0.1426709499
0.408676600
0.509561200
0.382907100
0.423658800
0.1676814499
0.1649740099
0.1714293599
0.1774411899
0.1632392299
0.339408300
0.325460500
0.143363100
0.171491800
0.143119000
0.098786800
0.115863800
0.068120700
0.280662700
0.1597479299
0.1463825599
0.1632490799
0.1519280599
0.694866600
0.621870700
0.642999400
0.543895900
0.340797800
0.287109300
0.1918353899
0.215669500
0.116535200
0.115131400
0.112937800
0.036167400
0.023748600
0.011048200
0.087499600
0.034274000
0.006444700
0.057486100
0.036341800
0.203210300
0.192834400
0.156614800
0.269851400
0.1381617899
0.1363846399
0.1277070299
0.1266392799
0.1299893099
0.1515795999
0.577979900
0.527875000
0.439240600
0.234133500
0.112002800
0.004934900
0.014537300
0.016018000
0.005284200
0.242860600
0.238572500
0.257500300
0.209628500
0.175359400
0.304589000
0.208290600
0.154668600
0.107632300
0.078339200
0.1963296999
0.061959400
0.069358100
0.104623200
0.026434500
0.034118900
0.118987900
0.190729800
0.316260400
0.1608931199
0.1708321499
0.1590127199
0.1640253099
0.391204400
0.462578500
0.385808200
0.421349800
0.139096200
0.098953700
0.150159800
0.252307700
0.276715200
0.111993200
0.1895899099
0.1913396299
0.023754700
0.093618700
0.271931900
0.277282800
0.193348000
0.129322400
0.111523700
0.1761710599
0.231292000
0.230082300
0.023178700
0.008690700
0.027452500
0.231819300
0.221279500
0.1766209899
0.098652600
0.104261600
0.076071600
0.012153000
0.039834200
0.121217200
0.283610000
0.291129100
0.266570000
0.1604638299
0.1631187299
0.1716904599
0.1700752499
0.1737126699
0.250048700
0.300670600
0.351849100
0.464700600
0.552124700
0.566274700
0.329287200
0.339095100
0.273966800
0.086626400
0.1862024099
0.1920205299
0.074147800
0.021192600
0.039376800
0.008872700
0.041103100
0.1772961599
0.237820700
0.132675700
0.089109300
0.088469900
0.020975900
0.076794300
0.013272000
0.125580600
0.214665600
0.1879714899
0.1890714699
0.1919206799
0.046271000
0.028590600
0.251098700
0.203005700
0.407495300
0.285870900
0.356617900
0.296408800
0.1827638499
0.200110100
0.023665300
0.080456900
0.124499500
0.007232600
0.016275100
0.037364300
0.057411400
0.009185100
0.1829969099
0.139851000
0.161798600
0.038319500
0.027001100
0.006168900
0.047491800
0.094004700
0.053483000
0.1978540799
0.072171300
0.055067400
0.073812400
0.018284500
0.012247900
0.017371100
0.193029500
0.330659200
0.393596900
0.292419100
0.1602547899
0.240934700
0.658086600
0.726757200
0.796930200
0.1162050799
0.1366946299
0.1404993399
0.1554376799
0.1602947699
