0.042066100
0.133827500
0.018768900
0.122133400
0.131082500
0.167186100
0.134683000
0.276503200
0.105721200
0.078339500
0.079647400
0.213159400
0.234836400
0.220214900
0.220901800
0.152568500
0.079063300
0.062257100
0.1699343899
0.1673632899
0.1600580799
0.1522345299
0.440867400
0.602819300
0.615831600
0.613015500
0.1402885199
0.1397749599
0.1711767699
0.1715786999
0.1509147199
0.1389399999
0.343271700
0.417959900
0.442603800
0.343262400
0.1541225399
0.1517123499
0.213220000
0.201802400
0.070985700
0.177066700
0.127603900
0.186797300
0.1753652599
0.1741243499
0.163481700
0.225141000
0.282920200
0.411782500
0.1732591399
0.1616089499
0.177749900
0.202067900
0.083199800
0.030914600
0.021685300
0.027326600
0.045199200
0.198236600
0.182702700
0.286248200
0.416298800
0.040689300
0.038616500
0.022370300
0.023674100
0.110058200
0.217866200
0.312725200
0.537018300
0.587418100
0.1397381799
0.1315140399
0.1258257699
0.1292064099
0.1425747399
0.1433003099
0.481191800
0.613631700
0.642675100
0.535314000
0.546826700
0.011432300
0.005084000
0.006679800
0.214037000
0.230028600
0.142787600
0.260216900
0.1932676499
0.053965700
0.009085100
0.118329900
0.415067900
0.1461563399
0.1501762099
0.1583745799
0.1372625899
0.519812700
0.338269700
0.1657188199
0.066309000
0.147966400
0.129058600
0.024160200
0.022026400
0.032149000
0.022295700
0.083776300
0.160518700
0.420827400
0.384666600
0.347777000
0.241086700
0.200044100
0.157221100
0.098899100
0.093506400
0.055276900
0.055579800
0.030612200
0.017132900
0.003866900
0.099855200
0.108012100
0.017334000
0.082677300
0.033650400
0.019119100
0.096532500
0.025053000
0.008030300
0.175334100
0.140379300
0.037652700
0.095783300
0.1971277999
0.028706800
0.017951400
0.000646700
0.034055600
0.048142500
0.227741000
0.100607800
0.1902864199
0.1797258799
0.340108800
0.019222400
0.066439300
0.1803523499
0.318658900
0.071810900
0.026925600
0.058050200
0.157918800
0.097588200
0.1903688299
0.1919755999
0.056861500
0.107560500
0.021190900
0.011015700
0.037509700
0.240163900
0.1734791199
0.142368100
0.034210900
0.089883700
0.043206100
0.006640600
0.087123300
0.099162500
0.042605200
0.1772545799
0.1826457499
0.167957500
0.028640000
0.082331100
0.019701800
0.046570800
0.042032900
0.033260000
0.085191100
0.034693400
0.012429900
0.000804200
0.124424500
0.010488500
0.106744600
0.049986500
0.145317600
0.053845400
0.028186200
0.040522200
0.114692400
0.075026400
0.005025500
0.126704100
0.088000700
0.074520100
0.119366500
0.037717300
0.183523800
0.147208000
0.117000900
0.075965600
0.147891100
0.118551800
0.123696900
0.021540300
0.028974300
0.175831600
0.1746713299
0.1803771199
0.168060100
0.276239800
0.156554900
0.182947400
0.245016400
0.334377100
0.159489200
0.175023100
0.161472100
0.137966500
0.030470000
0.040394500
0.1888278399
0.147071300
0.314061800
0.337592000
0.203326400
0.032856400
0.155066800
0.132060800
0.042967500
0.106007000
0.136121900
0.003069300
0.096839500
0.167923600
0.208188800
0.036612000
0.061764100
0.172332600
0.054999900
0.1797547899
0.1923542599
0.017622400
0.058707200
0.128137600
0.017965000
0.102354900
0.096783200
0.224982700
0.250705800
0.1561372699
0.1608838699
0.1572269299
0.103122700
0.447011900
0.326865200
0.074493200
0.119141000
0.132297900
0.077605500
0.049283700
0.167280300
0.091286900
0.079117800
0.089572500
0.013703400
0.003051900
0.061192900
0.1939288999
0.056418200
0.043656300
0.040778900
0.050466100
0.044689200
0.066267400
0.131147800
0.1731665999
0.1804208099
0.515297200
0.429005200
0.496192600
0.370647900
0.548921300
0.458543000
0.1574292599
0.1408882899
0.276764300
0.064448800
0.060583400
0.077559800
0.285253300
0.051384100
0.143569700
0.025125100
0.1723852599
0.114171700
0.123953000
0.024211900
0.037576000
0.207204900
0.133427900
0.109467100
0.1981137299
0.075147700
0.075971600
0.069073900
0.083340400
0.035384100
0.247078500
0.368557500
0.1537179599
0.1799356599
0.1694255999
0.491243400
0.374502600
0.388364800
0.197685700
0.026835500
0.011152000
0.081712200
0.215834900
0.062277200
0.052063400
0.042102200
0.021959000
0.005029400
0.011013200
0.087382900
0.009245100
0.006402800
0.057470000
0.029153700
0.203169400
0.180831200
0.108703100
0.220382000
0.1482905899
0.1484086599
0.1398885999
0.1397825199
0.1482977399
0.206781800
0.282583900
0.170274100
0.031583800
0.1970225399
0.017753800
0.004871900
0.014624700
0.012430900
0.005205800
0.242795200
0.216470800
0.232929000
0.157941000
0.085742100
0.217400500
0.073023000
0.021581600
0.1916015099
0.1958459999
0.035838300
0.062007600
0.059668500
0.086764900
0.026381800
0.034223400
0.119021500
0.180419300
0.293360900
0.367669700
0.186261700
0.287861300
0.205614800
0.224812500
0.292810000
0.1856213099
0.146821700
0.037456600
0.002217400
0.055939500
0.157912400
0.167472000
0.007107900
0.055542000
0.028923700
0.023707700
0.089856700
0.271890400
0.273093400
0.118412900
0.026533800
0.111602300
0.213430000
0.148057000
0.142523500
0.023073400
0.008673800
0.027524200
0.231712500
0.212958800
0.164162100
0.098538300
0.086289300
0.032861400
0.011952300
0.039858200
0.117628200
0.273825400
0.276263100
0.214223400
0.1704364599
0.1746994699
0.104464500
0.118677400
0.060379500
0.047684000
0.087679000
0.138567300
0.245629300
0.329268000
0.277515800
0.004280300
0.1983537699
0.009910800
0.075855500
0.106144900
0.043778400
0.072287600
0.021290400
0.039441200
0.008850800
0.041033500
0.1772951199
0.178959500
0.084388700
0.082047000
0.072348100
0.002773600
0.1923395999
0.013310400
0.125464200
0.205132300
0.091902200
0.072138600
0.027507100
0.026728500
0.028628400
0.1754933999
0.150824600
0.344457300
0.158229200
0.222659100
0.127074000
0.083028000
0.1859928699
0.002696100
0.080410100
0.124342800
0.006984000
0.016155100
0.037456200
0.048924500
0.009160000
0.169995400
0.122838900
0.115806400
0.038402800
0.026832000
0.006211100
0.047521500
0.093972200
0.053596900
0.021524000
0.071920000
0.042733700
0.1945250799
0.018190900
0.012201900
0.017303000
0.192878000
0.330300900
0.1621378999
0.1767757099
0.1670860599
0.164923600
0.576889500
0.635629200
0.1327083799
0.1312839699
0.1613370799
0.1673582999
0.098945000
0.063660600
