0.042161600
0.133828100
0.018674900
0.122144000
0.152364500
0.205527100
0.206654500
0.1627971799
0.1799169999
0.186955100
0.196269700
0.330707300
0.360039000
0.354294500
0.362183500
0.152500600
0.116342100
0.1907692099
0.300568400
0.361748200
0.452760500
0.569849100
0.559715900
0.738943700
0.1162413899
0.1161413799
0.1138438799
0.1122021299
0.1321001999
0.1321574699
0.1083206499
1.050751000
0.1095845799
0.1004856899
1.043716300
0.1018297199
1.136546500
1.190755000
1.059837400
1.065857600
0.1011906899
1.059011800
1.039764100
1.065646000
1.1861251799
1.1826463099
1.051677800
1.169078800
1.256979000
1.412473100
1.327992400
1.1521151699
1.1616479899
1.1583805099
1.350575000
1.293344100
1.174502200
1.147646500
1.173890300
1.297898300
1.292267800
1.401474000
1.1432903899
1.1772934099
1.1839226599
1.056869100
1.048567900
1.078504600
1.194943200
1.296653700
1.530170500
1.584573800
1.602582800
1.694962800
1.1165017999
1.1143229099
1.1223877499
1.1226008899
1.1273652599
1.1137493799
1.1076246399
1.1139412899
1.1125207399
0.1200785999
0.603381100
0.053516700
0.1785719099
0.1769521099
0.1809968199
0.1683379899
0.161624000
0.171419000
0.101369000
0.119312300
0.455367700
0.1402506099
0.1397927599
0.1408311399
0.1195285699
0.1209899199
0.715827600
0.1294606899
0.1449625499
0.1401825199
0.1411420199
0.1587299999
0.339072700
0.280545300
0.192636600
0.239956000
0.320725000
0.594313000
0.595203100
0.575417100
0.1464929999
0.1472877799
0.1578407999
0.1615327799
0.1591012399
0.1607240199
0.284923800
0.212936400
0.169899200
0.060076800
0.100468300
0.136936800
0.032363800
0.083245900
0.053708200
0.019152900
0.097218100
0.025151500
0.007915100
0.175290200
0.156007800
0.091389200
0.124133300
0.067548400
0.029233100
0.017840600
0.000695400
0.033966500
0.048154100
0.238527100
0.100405900
0.1903188199
0.1790812699
0.371823800
0.130230200
0.066555000
0.196458900
0.336761200
0.1810171499
0.1846174599
0.1805844899
0.171582300
0.143593100
0.186566100
0.180979300
0.065799500
0.109095800
0.021370000
0.014601700
0.037599100
0.1752053999
0.1706538099
0.218177600
0.087402100
0.114762800
0.094282200
0.015239500
0.087201900
0.105199100
0.071995700
0.262542700
0.237635900
0.277621800
0.194217300
0.215413300
0.1960163699
0.046521000
0.042044600
0.033201800
0.092566100
0.034730100
0.012628700
0.1999267499
0.124466800
0.010433800
0.106850000
0.050081900
0.147897900
0.053779300
0.040545000
0.040588000
0.120253500
0.099411800
0.004908300
0.126860200
0.119789600
0.086930300
0.138325400
0.097214900
0.198089800
0.180638100
0.183979800
0.174034500
0.1766016499
0.1781550199
0.1772675599
0.021732800
0.029114300
0.175800100
0.276251200
0.241020300
0.268754000
0.392452500
0.323960700
0.369489900
0.1556943399
0.1461555999
0.1557379699
0.1530308399
0.1524207599
0.1534036299
0.1601960399
0.364588700
0.432491100
0.486866900
0.669512700
0.734797200
0.660727400
0.552426200
0.1387164299
0.1370569999
0.1424213499
0.1384860199
0.1331322599
0.1475711599
0.1394268099
0.1319729699
0.1268629699
0.622343100
0.647436500
0.776804800
0.714937000
0.1127115399
0.1195808299
0.1274812099
0.1413055399
0.1334713099
0.1477527299
0.1588706799
0.431752300
0.471698100
0.567359800
0.1230849199
0.1236762099
0.1164884799
0.1344092699
0.1050334299
0.885078700
0.709521900
0.1360354299
0.1320681499
0.1379150099
0.1391615899
0.1282441899
0.1335712299
0.555517400
0.593625200
0.524409800
0.456898700
0.438971400
0.389636400
0.283296200
0.276887200
0.252477300
0.1850401499
0.1898276399
0.1868860999
0.210793700
0.349001100
0.321018400
0.686063800
0.633497100
0.703820900
0.631524900
0.1177037799
0.1215642099
0.1178874199
1.016486700
0.1139361999
0.716372200
0.733572800
0.763437100
0.1223618799
0.1368641599
0.1265869799
0.1378266699
0.1316153999
0.599969000
0.630772600
0.574501500
0.524071500
0.1331634999
0.1378973399
0.1394447799
0.1556768299
0.1524395699
0.1544987299
0.1578826199
0.1561182899
0.398554000
0.610887700
0.732874100
0.1125180699
0.1273980899
0.1155068699
1.065863800
1.002152600
1.024716000
0.1051808099
0.1232688799
0.1279884899
0.544194000
0.1455115599
0.1547243599
0.1546727199
0.1546509099
0.1607755599
0.1621422299
0.1877794199
0.193339700
0.145996400
0.007195300
0.058452600
0.041945800
0.203305000
0.196125800
0.167226200
0.292726100
0.1343432099
0.1321640499
0.1234649499
0.1223140799
0.1244862199
0.560048800
0.657714900
0.621048100
0.543408100
0.359559200
0.250327600
0.103791200
0.1961451099
0.1958695999
0.1979705199
0.243764700
0.250102900
0.281837200
0.239959300
0.493555700
0.1345527799
0.1482194399
0.1580517699
0.355825000
0.143264800
0.040798700
0.121405900
0.141514600
0.134720500
0.035623100
0.1962284099
0.399380500
0.472277300
0.596044900
0.673027400
0.427474000
0.1497801799
0.1543737799
0.1548117099
0.1463138799
0.1507693899
0.541398700
0.287394000
0.248798200
0.296732000
0.398999600
0.424536900
0.297451900
0.293418300
0.266831800
0.058067900
0.1860648099
0.273278300
0.281259600
0.214291300
0.148468700
0.123020300
0.258683300
0.257280400
0.259799300
0.1959680799
0.023822300
0.041967800
0.234874500
0.213097600
0.238417600
0.098788900
0.108715300
0.075661700
0.012367200
0.040075100
0.123155800
0.286882500
0.295821100
0.278807700
0.355597800
0.332512700
0.1739858699
0.1724123599
0.1771172999
0.1778447099
0.1724390099
0.1673091499
0.1558877099
0.1471316799
0.556919300
0.338920600
0.348540500
0.290046100
0.127087400
0.183044700
0.137928200
0.137807900
0.1978719799
0.039340300
0.009025300
0.041324500
0.227111800
0.252298900
0.1835703199
0.1867980599
0.138105400
0.077152700
0.076766500
0.013514900
0.125872100
0.216265000
0.138872300
0.129742100
0.104657400
0.026624600
0.028603800
0.1746837599
0.1785256999
0.1578606399
0.313555100
0.385763700
0.333197100
0.228058200
0.265906900
0.105821200
0.080580900
0.124384400
0.006994800
0.016097400
0.037654400
0.059399800
0.015243300
0.170206900
0.145858800
0.176317000
0.065434400
0.045752300
0.006087200
0.047814300
0.093959100
0.053468100
0.034694200
0.074416100
0.057550500
0.079627700
0.018266100
0.012431000
0.017644600
0.192910600
0.1669576799
0.1603554599
0.1695261599
0.1588420899
0.284253500
0.702358300
0.1226850999
0.1149693899
0.1103043099
0.1287758099
0.1320969499
0.1453903499
0.1492299699
