0.042460700
0.133748300
0.018586500
0.122136800
0.087321300
0.088596400
0.060475800
0.206945800
0.105585500
0.078106500
0.063111800
0.1805098699
0.1799155399
0.1832094099
0.1846291699
0.152443800
0.029472500
0.062355000
0.300708100
0.253551300
0.289563400
0.1712318699
0.1803857999
0.1677659599
0.249010000
0.238368600
0.142626300
0.124975200
0.001986100
0.005825000
0.294396800
0.384952300
0.065030800
0.119297400
0.093497500
0.003777400
0.224169900
0.186614700
0.112130000
0.064912100
0.015489700
0.177037200
0.065397600
0.186884300
0.218597500
0.184824000
0.163390500
0.1784898399
0.1789169699
0.285432700
0.020619000
0.211105800
0.177813500
0.184944300
0.027907900
0.030970700
0.021706400
0.027234300
0.045179600
0.198103600
0.162829600
0.254708200
0.1688484299
0.040604900
0.038783400
0.022328300
0.023711300
0.110085100
0.1799797399
0.1719356899
0.1514332499
0.527788400
0.537208100
0.598670700
0.484384700
0.1663944399
0.1906856499
0.075403000
0.019333800
0.143944200
0.117685400
0.014664700
0.020299200
0.011529800
0.004997500
0.006612200
0.214099000
0.229623700
0.045800500
0.144091600
0.067442300
0.050543600
0.009062600
0.118401600
0.1594886899
0.1510388199
0.357161600
0.127586300
0.334929800
0.1851508199
0.113775500
0.342875000
0.057582600
0.148004200
0.109878900
0.024114400
0.022038000
0.032067600
0.022161200
0.083866600
0.1847662499
0.1614406799
0.272759000
0.200654600
0.075148100
0.050300200
0.157266300
0.054825900
0.076366000
0.022514200
0.073155100
0.030652200
0.017110900
0.003813000
0.099545400
0.085039700
0.017398000
0.082599000
0.033528500
0.019159000
0.096551200
0.025124100
0.007983100
0.175218800
0.107952700
0.037703800
0.083124100
0.028714900
0.028838200
0.017801300
0.000652700
0.034059300
0.048120900
0.209689200
0.100448900
0.096870400
0.188466800
0.1725709399
0.019343700
0.066564200
0.196505700
0.280867100
0.071834600
0.027291500
0.056822800
0.1842175699
0.030804100
0.096425000
0.059069600
0.056800900
0.107675900
0.021226100
0.011046500
0.037699900
0.224391300
0.207341800
0.142409200
0.034420800
0.089994200
0.025286000
0.006725000
0.087118200
0.086888400
0.008224200
0.227655500
0.113873600
0.1880133199
0.014657400
0.082160200
0.019789000
0.046607300
0.042117900
0.033294200
0.085339300
0.034733800
0.012484800
0.000729400
0.124364100
0.010535100
0.106816400
0.050019800
0.140018300
0.053879400
0.008519600
0.040516500
0.103377700
0.025379100
0.004880100
0.126852300
0.049003300
0.074563900
0.105742200
0.037866400
0.1816693899
0.108102900
0.062480700
0.075896300
0.147944600
0.090025800
0.087375800
0.021523400
0.029028900
0.1824155899
0.205903500
0.103499300
0.125879400
0.202194900
0.021144700
0.079223800
0.1882377599
0.1805459099
0.043249300
0.047882900
0.041102200
0.014465700
0.001503000
0.1959552899
0.111743400
0.108011600
0.242643200
0.180076000
0.031503200
0.000968100
0.155093500
0.086219000
0.043037600
0.1893924099
0.094685900
0.003082200
0.096796500
0.160750800
0.178793500
0.000772000
0.025760100
0.1837236999
0.035172500
0.176297900
0.033470100
0.017483800
0.058778100
0.109890900
0.018128700
0.102490900
0.066450700
0.224935700
0.217991100
0.377411000
0.244071600
0.1792439399
0.075832100
0.1553041999
0.211973300
0.074498200
0.119027800
0.132577800
0.077550800
0.016523700
0.167429900
0.091324800
0.079242500
0.086947500
0.013661400
0.003213700
0.1938832499
0.060823200
0.056550300
0.030814100
0.040788700
0.050460600
0.044721600
0.049314500
0.105639300
0.240931800
0.077190700
0.445242400
0.289505600
0.350272800
0.115038700
0.266112500
0.069206600
0.158779700
0.262323800
0.121788400
0.064571400
0.054445000
0.052634300
0.285484400
0.051372800
0.121513600
0.025330700
0.276288500
0.043481200
0.067747000
0.018049700
0.037523600
0.207312500
0.078063400
0.028528800
0.018969000
0.075169500
0.075894600
0.068967900
0.076957500
0.035751600
0.1754724899
0.1634176499
0.361504800
0.049864300
0.134523000
0.1718745299
0.055403500
0.051089900
0.115159000
0.026872400
0.011172600
0.081661500
0.215682700
0.027956000
0.019204900
0.016407800
0.021839400
0.001380200
0.010952000
0.087448600
0.009140900
0.006374000
0.057541100
0.029365500
0.203158600
0.150845200
0.047722700
0.155510900
0.516916500
0.468517600
0.549752200
0.526802100
0.312738800
0.004532700
0.135880200
0.095879800
0.1968423799
0.029855100
0.017826600
0.004878300
0.014614700
0.012496400
0.005288000
0.1757254099
0.216410700
0.226676200
0.083793900
0.054169700
0.217351000
0.073094000
0.021827500
0.1916134899
0.008581400
0.035850000
0.061941700
0.1965049199
0.086749600
0.026421200
0.034069300
0.118977700
0.1845607299
0.1764739299
0.1692300399
0.092203300
0.157271200
0.025020400
0.061343000
0.121144000
0.143971100
0.111545900
0.037459100
0.002250100
0.055916600
0.157309700
0.129939500
0.007169900
0.055452300
0.006157900
0.023719400
0.080400100
0.271815900
0.262579900
0.118398100
0.000980300
0.120880600
0.213487100
0.129458600
0.113085300
0.023094600
0.008672800
0.027416500
0.231692000
0.192559600
0.155894500
0.098822800
0.047890000
0.032996500
0.011963200
0.040077000
0.108600400
0.248642900
0.237995600
0.082556700
0.239318800
0.156523800
0.060623800
0.070746300
0.014807200
0.047737500
0.087684000
0.137955200
0.230756000
0.305013900
0.168662600
0.004285000
0.016518000
0.009982100
0.076036900
0.100681900
0.043808400
0.072279400
0.021283900
0.039353600
0.008927500
0.041073900
0.227038900
0.148807800
0.084341000
0.082090400
0.072439900
0.002811000
0.076586700
0.013457400
0.125534900
0.181695100
0.091976300
0.050385400
0.010189500
0.026826900
0.029668100
0.245944400
0.060215000
0.230060800
0.029511700
0.086497400
0.022425100
0.083105000
0.140042100
0.002770300
0.080449600
0.124388700
0.007019700
0.016076600
0.037592800
0.040125600
0.009133700
0.170015500
0.080623600
0.115848600
0.038336400
0.026746600
0.006184300
0.047458100
0.093801400
0.053494700
0.021533100
0.071957000
0.012430300
0.054820700
0.018130700
0.012218500
0.017307800
0.192842200
0.329954700
0.341751300
0.082772800
0.158934800
0.164898800
0.564022000
0.597872700
0.1447178799
0.1500286499
0.018184200
0.014287900
0.032937700
0.063800900
