0.042008400
0.133777500
0.018706800
0.122144700
0.148589000
0.1801323899
0.1806460499
0.1645304699
0.155799900
0.132646900
0.140518700
0.274821200
0.302738700
0.295339000
0.302035200
0.152651500
0.109953400
0.077072900
0.300587400
0.355490800
0.443314900
0.1446390899
0.1461183899
0.1284986399
0.1201407799
0.1201186999
0.1185078699
0.1170467299
0.610322500
0.609226800
0.1158008499
0.1026500599
0.1194294599
0.1106083299
0.1061175399
0.1129671399
1.018366400
1.067242300
0.912078400
0.915117300
0.828137400
0.1111526799
0.1136079599
0.1126262999
0.1055394699
0.1024417599
0.1174771999
0.932887300
1.015526000
1.166294000
1.071287600
1.216084500
1.093634700
1.124865900
1.049962400
0.1016109699
0.1149014099
0.818729500
0.842898600
0.1040621099
0.1047900499
1.060322300
1.219756000
0.1158287399
0.1235291899
0.1351814399
0.1363171199
0.658936800
0.773641200
0.874152100
1.106179000
1.159904200
1.177439200
1.268050200
1.393565500
1.405541000
1.315625800
1.312618900
1.258309500
1.393842500
1.1550576399
1.1621390399
1.1607629199
0.1791919199
0.005055500
0.006722200
0.1785966799
0.1769785899
0.181759300
0.306887500
0.129756300
0.135456300
0.057563900
0.118302600
0.1552621799
0.1413948599
0.1417342699
0.1440306799
0.1227597499
0.741442500
0.648419400
0.1397446099
0.1573798499
0.463913900
0.452771600
0.256908000
0.173770500
0.106272700
0.022241700
0.083853000
0.163966500
0.1564835499
0.1570465899
0.1593379599
0.1645648799
0.1659477599
0.208557700
0.167640700
0.186699900
0.166647600
0.055356500
0.030665000
0.017029400
0.003757800
0.1900467499
0.130760200
0.035882100
0.082519500
0.033463400
0.019164100
0.096552300
0.025102900
0.008018500
0.1824686699
0.1846682599
0.074885500
0.138090200
0.080461100
0.029052800
0.017946100
0.000562500
0.033881300
0.048160300
0.236683500
0.100475000
0.096826300
0.207893600
0.1633869499
0.1901432499
0.066561000
0.196452200
0.333718100
0.164893500
0.122610800
0.161355100
0.157773900
0.1875871899
0.1848298999
0.1855731399
0.070758700
0.107709800
0.021179500
0.012187900
0.037575900
0.246578300
0.288534600
0.191556000
0.1955772799
0.090066900
0.064598500
0.006556800
0.087039900
0.103962500
0.066807600
0.253715700
0.223757300
0.255740600
0.162487200
0.177589000
0.019664400
0.046589300
0.1957792399
0.033143300
0.089936100
0.034646600
0.012426100
0.000833200
0.124433100
0.010392800
0.106735900
0.050087600
0.147551700
0.053794700
0.038297700
0.040568200
0.119273100
0.095152800
0.004846300
0.126762600
0.114286300
0.074487700
0.124656300
0.075678300
0.183192700
0.162418700
0.159969500
0.141496800
0.1807353299
0.1825182199
0.1816883099
0.021580100
0.029023100
0.175858200
0.272397600
0.233323300
0.251244200
0.1627769099
0.1705335199
0.1663317899
0.1591795999
0.1497492299
0.392687700
0.417767400
0.420505000
0.408272300
0.333372900
0.292436100
0.356017200
0.407071400
0.587051800
0.1354998199
0.1439574599
0.1558709999
0.1507712899
0.1498055299
0.1551625299
0.481123800
0.530419200
0.371264900
0.451243800
0.525197700
0.574409200
0.454421000
0.479552100
0.1394277799
0.1465914499
0.1309840799
0.1388534599
0.1477289199
0.364961300
0.441888500
0.283112800
0.150676500
0.166511600
0.225012600
0.1691836099
0.1492531599
0.1505713999
0.1440003899
0.355358900
0.1366216999
0.1440538199
0.1641178799
0.270187400
0.300699800
0.228641600
0.213423700
0.316779600
0.249088200
0.121619700
0.154903300
0.077419200
0.002892100
0.061224000
0.060573000
0.056427100
0.048738100
0.040781700
0.050588900
0.044712500
0.072612500
0.149661100
0.1712348699
0.1748242099
0.1391220999
0.1449559999
0.1379654099
0.538852500
0.727966300
0.675607800
0.1299862099
0.1109647599
0.1293246399
0.1458530999
0.1444990299
0.582671500
0.568454700
0.403856500
0.1495230099
0.1621997699
0.1581237599
0.318301600
0.345415400
0.280813700
0.220742500
0.362708100
0.334446400
0.320468600
0.138429600
0.166463300
0.138090500
0.1906183799
0.1888920399
0.063315300
0.275975400
0.397932300
0.531618200
0.362943100
0.476162300
0.1309661499
0.1382462599
0.1361238299
0.1460275899
0.336606700
0.282857700
0.081579100
0.215783400
0.119067500
0.117634900
0.115595000
0.038667000
0.026245400
0.010965700
0.087404300
0.034237600
0.006380300
0.057473300
0.036298600
0.203201100
0.192989200
0.156686600
0.1730141399
0.1381584699
0.636196600
0.722920800
0.733596700
0.700057900
0.484223300
0.578005800
0.1472040299
0.1560706499
0.1765736999
0.112110700
0.005025600
0.014558200
0.016070600
0.005315900
0.242754200
0.238537400
0.257527500
0.209679100
0.175213200
0.1695483399
0.208244600
0.154830800
0.107810800
0.078524600
0.036882700
0.061930300
0.069424400
0.104413400
0.026393300
0.034071200
0.118968400
0.190718300
0.316494100
0.391470200
0.292123000
0.410391200
0.360347500
0.391884800
0.463054800
0.1613921199
0.1578325899
0.139565800
0.099295500
0.150547700
0.252757100
0.277265600
0.112445600
0.104342300
0.086965300
0.023698400
0.093569600
0.1728144899
0.1722793199
0.1806855499
0.129089100
0.111594400
0.238319000
0.231361600
0.230226100
0.023078000
0.008634400
0.027469900
0.231695500
0.221133000
0.233701800
0.098587900
0.104255400
0.075956700
0.011906700
0.039877400
0.1878740299
0.1716256899
0.1708665499
0.266870300
0.395629800
0.369067800
0.283229000
0.299187100
0.262820800
0.250001900
0.300655900
0.351936000
0.464819200
0.1447716099
0.1433537599
0.1670616199
0.1660833299
0.1726009599
0.086784300
0.138154700
0.079938600
0.074288900
0.021322600
0.039359200
0.008919100
0.041790000
0.227047300
0.237879500
0.132692500
0.089097600
0.088597800
0.021263700
0.1923391599
0.013215300
0.125535500
0.214561400
0.120156600
0.109123000
0.080589900
0.026581000
0.028639900
0.251115100
0.1797102099
0.1592772899
0.1714458099
0.356381900
0.296339000
0.172439400
0.200220000
0.024012500
0.080427300
0.124383300
0.006937100
0.016131000
0.037610900
0.057554500
0.009143800
0.170017800
0.139756300
0.161698800
0.038370000
0.026830000
0.006203000
0.047454100
0.094034200
0.053572700
0.021487800
0.072109800
0.055009400
0.073782900
0.018149600
0.012217900
0.017289200
0.1807061299
0.1669504599
0.1606526499
0.292220500
0.397182000
0.240647600
0.1342173499
0.1273514599
0.1203405099
0.1162454199
0.1367318499
0.1405259299
0.445316700
0.396535300
